%  columns="iteration, evaluation, sigma, axis ratio, bestever, best, median, worst fitness function value, further objective values of best" (startseed=216751, 2017/07/27 19:44:53.52)
1 21 1.071576e+00 1.120175e+02  2.986589665410932959e+00  3.082984222240887640e+00  3.445904678731243287e+00  4.219531099152455944e+00
2 41 1.032707e+00 1.120258e+02  2.986589665410932959e+00  3.174306200491744168e+00  3.444665480230577614e+00  3.826264152530665097e+00
3 61 1.000145e+00 1.120483e+02  2.986589665410932959e+00  3.100448127757764460e+00  3.406001020901290310e+00  5.070679206641436565e+00
4 81 9.747312e-01 1.120586e+02  2.986589665410932959e+00  3.089521088875303967e+00  3.359704059173967750e+00  5.090379647754287085e+00
5 101 9.531445e-01 1.120603e+02  2.986589665410932959e+00  3.143052349492888808e+00  3.455196787630143263e+00  3.975941745583483122e+00
6 121 9.310074e-01 1.120367e+02  2.986589665410932959e+00  3.066294654856560165e+00  3.378631903139370785e+00  3.867902471028495714e+00
7 141 9.123076e-01 1.120806e+02  2.986589665410932959e+00  3.025501773155776508e+00  3.304902814816242262e+00  3.817730359882217872e+00
8 161 8.976205e-01 1.120993e+02  2.986589665410932959e+00  3.063782393947860339e+00  3.350575458448033395e+00  3.723396470046966833e+00
9 181 8.824183e-01 1.120945e+02  2.986589665410932959e+00  3.128186587660030327e+00  3.331270919628246840e+00  3.715497638367218691e+00
10 201 8.673408e-01 1.121182e+02  2.986589665410932959e+00  3.032516686744815892e+00  3.285170588122203306e+00  5.262222686140140659e+00
11 221 8.532174e-01 1.121149e+02  2.986589665410932959e+00  3.160545178223032714e+00  3.385333988184115128e+00  5.256041820641401685e+00
12 241 8.443982e-01 1.121257e+02  2.986589665410932959e+00  3.084448933724377007e+00  3.377829942969726496e+00  4.010771017955802265e+00
13 261 8.370930e-01 1.121250e+02  2.986589665410932959e+00  3.076806648123874055e+00  3.394322510835487083e+00  3.707528507249896688e+00
14 281 8.345108e-01 1.121230e+02  2.986589665410932959e+00  3.060854173097886211e+00  3.234116209846885415e+00  4.994224035425050445e+00
15 301 8.325098e-01 1.120547e+02  2.986589665410932959e+00  3.072610150520540095e+00  3.241873937421941854e+00  3.635491332375582196e+00
16 321 8.299427e-01 1.120085e+02  2.986589665410932959e+00  3.065616762655189120e+00  3.235082877037368299e+00  3.586870305179978402e+00
17 341 8.220024e-01 1.120791e+02  2.986589665410932959e+00  3.065086650509492916e+00  3.286791344691201378e+00  3.608614430162156772e+00
18 361 8.143491e-01 1.120397e+02  2.986589665410932959e+00  3.146115277612037353e+00  3.375123869352428585e+00  3.876177923927454305e+00
19 381 8.100592e-01 1.120098e+02  2.986589665410932959e+00  3.060120397005121173e+00  3.210679009632002590e+00  3.596609230724630901e+00
20 401 8.037005e-01 1.119763e+02  2.986589665410932959e+00  3.082622145836832583e+00  3.322605320080054270e+00  3.508971142314318392e+00
21 421 7.987051e-01 1.118983e+02  2.986589665410932959e+00  3.102805504542185844e+00  3.253325742700898804e+00  3.801971179924986455e+00
22 441 7.944629e-01 1.118678e+02  2.986589665410932959e+00  3.084915655145079150e+00  3.166000442489237621e+00  3.868378837823761351e+00
23 461 7.908123e-01 1.118522e+02  2.986589665410932959e+00  3.132141630314350333e+00  3.279447967302434375e+00  4.906895514360340549e+00
24 481 7.889323e-01 1.118398e+02  2.986589665410932959e+00  3.118323471796529578e+00  3.288180462686239203e+00  3.728125128426987622e+00
25 501 7.873971e-01 1.119083e+02  2.986589665410932959e+00  3.030735454169059651e+00  3.272077353569966540e+00  3.561008827717986325e+00
26 521 7.858968e-01 1.119040e+02  2.986589665410932959e+00  3.132358818249459720e+00  3.239892011778523262e+00  3.496317708682038727e+00
27 541 7.852967e-01 1.119422e+02  2.986589665410932959e+00  3.079702782924219839e+00  3.257096951328621870e+00  3.645728753058152360e+00
28 561 7.862648e-01 1.119718e+02  2.986589665410932959e+00  3.082167289614418326e+00  3.255977168624507367e+00  3.560523343064540214e+00
29 581 7.796797e-01 1.119940e+02  2.986589665410932959e+00  3.083377893307967188e+00  3.280504414452344086e+00  4.196313850386464317e+00
30 601 7.768877e-01 1.119671e+02  2.986589665410932959e+00  3.104908524900115374e+00  3.222426522676709926e+00  3.773178202872695675e+00
31 621 7.756360e-01 1.119396e+02  2.986589665410932959e+00  3.163854206936670632e+00  3.306117247690427696e+00  3.533974149131858145e+00
32 641 7.726216e-01 1.119375e+02  2.986589665410932959e+00  3.097192686245511251e+00  3.195952149296415357e+00  3.491417305911820090e+00
33 661 7.698296e-01 1.119624e+02  2.986589665410932959e+00  3.090468795883739794e+00  3.267114895382128292e+00  3.532754010095076058e+00
34 681 7.696136e-01 1.119345e+02  2.986589665410932959e+00  3.064141026934214196e+00  3.231712850073267695e+00  3.640721099945635419e+00
35 701 7.654443e-01 1.119171e+02  2.986589665410932959e+00  3.103893936063382153e+00  3.251682680915502832e+00  4.929638590639508600e+00
36 721 7.600568e-01 1.119262e+02  2.986589665410932959e+00  3.095183656849516574e+00  3.263130373172690835e+00  4.916586019969113153e+00
37 741 7.530237e-01 1.118139e+02  2.986589665410932959e+00  3.084890597762178999e+00  3.201978053281079983e+00  3.408053516946614181e+00
38 761 7.468569e-01 1.118012e+02  2.986589665410932959e+00  3.058853562824291217e+00  3.240523040608529026e+00  3.468312693557384918e+00
39 781 7.439078e-01 1.118362e+02  2.986589665410932959e+00  3.057390007875669280e+00  3.217118939954255463e+00  3.500795554625539374e+00
40 801 7.386515e-01 1.118664e+02  2.986589665410932959e+00  3.042345857023469602e+00  3.184510627209935940e+00  3.378087880624245809e+00
41 821 7.388441e-01 1.119588e+02  2.986589665410932959e+00  3.063195741549975981e+00  3.196558017189097711e+00  3.589367529889609720e+00
42 841 7.404158e-01 1.119800e+02  2.986589665410932959e+00  3.036806054762740015e+00  3.215598765531709091e+00  3.373526011637186350e+00
43 861 7.444084e-01 1.119972e+02  2.986589665410932959e+00  3.012875282276181288e+00  3.135785745269039193e+00  3.277705371718727889e+00
44 881 7.484311e-01 1.120144e+02  2.986589665410932959e+00  3.060128532603251905e+00  3.157069247776062682e+00  6.750733140820236677e+00
45 901 7.526247e-01 1.119758e+02  2.986589665410932959e+00  3.090064788290950659e+00  3.201159971374982316e+00  3.563168220866714364e+00
46 921 7.572574e-01 1.119487e+02  2.986589665410932959e+00  3.067002713436740802e+00  3.170472188575580219e+00  3.505081574411768042e+00
47 941 7.625024e-01 1.119601e+02  2.986589665410932959e+00  3.001807225532608481e+00  3.172914708046273180e+00  3.444839689769790603e+00
48 961 7.671551e-01 1.119835e+02  2.986589665410932959e+00  3.052558294927641747e+00  3.165070040963671616e+00  3.387388203435477863e+00
49 981 7.729191e-01 1.119728e+02  2.986589665410932959e+00  3.025232515132241673e+00  3.197973292962282610e+00  4.890678186799988225e+00
50 1001 7.771550e-01 1.119600e+02  2.986589665410932959e+00  3.081400358210736545e+00  3.208115016862312707e+00  4.870302867651506773e+00
51 1021 7.763184e-01 1.119694e+02  2.986589665410932959e+00  3.047026135711859318e+00  3.207429991709989103e+00  4.992176863921841345e+00
52 1041 7.747172e-01 1.119992e+02  2.986589665410932959e+00  3.037736275008255049e+00  3.224148059135455213e+00  4.974619819373166330e+00
53 1061 7.763393e-01 1.119715e+02  2.986589665410932959e+00  3.030365194341249513e+00  3.220088177376415395e+00  4.955129013388741122e+00
54 1081 7.780182e-01 1.119967e+02  2.986589665410932959e+00  3.040899892926222314e+00  3.199506010858823579e+00  3.463401273950737380e+00
55 1101 7.788258e-01 1.119134e+02  2.986589665410932959e+00  3.042825003447294563e+00  3.172362814314416468e+00  3.418480071565789480e+00
56 1121 7.798323e-01 1.119090e+02  2.986589665410932959e+00  3.054859103860175562e+00  3.198607244268797167e+00  4.892495087784910268e+00
57 1141 7.834893e-01 1.119608e+02  2.986589665410932959e+00  3.044870559342908845e+00  3.242533646500610267e+00  3.402690542045905708e+00
58 1161 7.853186e-01 1.120453e+02  2.986589665410932959e+00  3.062501819735972575e+00  3.246618868368956079e+00  3.611714951679245278e+00
59 1181 7.823757e-01 1.120169e+02  2.986589665410932959e+00  3.060606404755901178e+00  3.214894648825028511e+00  3.537255450593898676e+00
60 1201 7.787193e-01 1.120896e+02  2.986589665410932959e+00  3.034177936262730135e+00  3.175616316710512699e+00  3.359309415050853787e+00
61 1221 7.743166e-01 1.121435e+02  2.986589665410932959e+00  3.074190265326561811e+00  3.194960888886347661e+00  3.429543150817099928e+00
62 1241 7.696762e-01 1.121822e+02  2.986589665410932959e+00  3.046090723132006683e+00  3.165786107493774537e+00  3.383361088029291253e+00
63 1261 7.640964e-01 1.122205e+02  2.986589665410932959e+00  3.045473372085454322e+00  3.154748424683800678e+00  3.299430763553940604e+00
64 1281 7.567350e-01 1.123225e+02  2.986589665410932959e+00  3.021691915202359358e+00  3.238596294497225969e+00  6.708029529708666949e+00
65 1301 7.462877e-01 1.124533e+02  2.986589665410932959e+00  3.007602378839755453e+00  3.244977591266530403e+00  5.038694997572976675e+00
66 1321 7.411254e-01 1.124828e+02  2.986589665410932959e+00  3.047470584884526268e+00  3.147135501212670050e+00  3.302911070925486747e+00
67 1341 7.382474e-01 1.124907e+02  2.986589665410932959e+00  3.031562156984449974e+00  3.178234768650503472e+00  5.065546424676781179e+00
68 1361 7.331062e-01 1.125137e+02  2.986589665410932959e+00  3.069618216504437225e+00  3.177283433603019347e+00  3.369871481505258615e+00
69 1381 7.269736e-01 1.125473e+02  2.986589665410932959e+00  3.024955031403883776e+00  3.145139837312209696e+00  3.324599745351322522e+00
70 1401 7.170143e-01 1.125209e+02  2.986589665410932959e+00  3.003202790589586169e+00  3.194066875466856192e+00  3.412142156728307452e+00
71 1421 7.087631e-01 1.125646e+02  2.986589665410932959e+00  3.034669189906693099e+00  3.149809556627283236e+00  3.858585979574856495e+00
72 1441 6.996866e-01 1.125555e+02  2.986589665410932959e+00  2.988172240633778287e+00  3.134579395862140849e+00  3.297125743943024379e+00
73 1461 6.885775e-01 1.127425e+02  2.986589665410932959e+00  2.987108995941128331e+00  3.156135039072774262e+00  3.600578553003259685e+00
74 1481 6.788479e-01 1.127119e+02  2.986589665410932959e+00  3.026005743477505838e+00  3.146516438856813647e+00  4.949417642139047224e+00
75 1501 6.742535e-01 1.126846e+02  2.986589665410932959e+00  3.024725387999448234e+00  3.166887884938270226e+00  3.409163742505430861e+00
76 1521 6.671749e-01 1.126822e+02  2.986589665410932959e+00  3.006889653928300099e+00  3.133695787888184370e+00  4.979935294266445212e+00
77 1541 6.600474e-01 1.126827e+02  2.986589665410932959e+00  3.005439797360623277e+00  3.118420895754959510e+00  3.327574343189594330e+00
78 1561 6.501082e-01 1.126711e+02  2.986589665410932959e+00  3.041425943129535625e+00  3.128372554918020576e+00  3.463896488376226657e+00
79 1581 6.419091e-01 1.126398e+02  2.986589665410932959e+00  3.047919373449574199e+00  3.148472142351466552e+00  3.306520685839497098e+00
80 1601 6.342658e-01 1.126547e+02  2.986589665410932959e+00  3.009546888040993906e+00  3.136601830010896208e+00  3.411945959721526478e+00
81 1621 6.266911e-01 1.126460e+02  2.986589665410932959e+00  2.992330739763956693e+00  3.084597783492433631e+00  4.834915779255102741e+00
82 1641 6.202927e-01 1.126586e+02  2.986589665410932959e+00  3.015064620598755685e+00  3.081324759469813657e+00  4.889766339546417484e+00
83 1661 6.149650e-01 1.126349e+02  2.986589665410932959e+00  2.999510715855085330e+00  3.078610793904118292e+00  3.214839326644689521e+00
84 1681 6.103354e-01 1.126495e+02  2.982115057655644996e+00  2.982115057655644996e+00  3.071572668055380539e+00  3.326812879182246441e+00
85 1701 6.078410e-01 1.126707e+02  2.982115057655644996e+00  3.025023407028495370e+00  3.172012012709187534e+00  4.832027350084158179e+00
86 1721 6.074063e-01 1.126417e+02  2.982115057655644996e+00  3.016903023406106499e+00  3.113302925083414330e+00  3.413500075444196202e+00
87 1741 6.066548e-01 1.126339e+02  2.982115057655644996e+00  3.005665253389854019e+00  3.136418413357286994e+00  3.331999577947412305e+00
88 1761 6.047694e-01 1.126526e+02  2.982115057655644996e+00  2.992573269843848749e+00  3.111300036738670727e+00  3.236503776308694569e+00
89 1781 6.008161e-01 1.126169e+02  2.982115057655644996e+00  3.010346456078991206e+00  3.129317742660842505e+00  3.315489824510882588e+00
90 1801 5.953382e-01 1.125387e+02  2.982115057655644996e+00  2.996220901244856183e+00  3.100291926193138536e+00  3.261456202242118518e+00
91 1821 5.885372e-01 1.124916e+02  2.982115057655644996e+00  3.030216202022821825e+00  3.112524051464256480e+00  3.387228188282812358e+00
92 1841 5.800508e-01 1.124856e+02  2.982115057655644996e+00  3.005305705224259771e+00  3.061489220330263272e+00  3.258127402388703686e+00
93 1861 5.730835e-01 1.124760e+02  2.982115057655644996e+00  3.029512433335252997e+00  3.113170856710450352e+00  3.452102717805620280e+00
94 1881 5.692723e-01 1.124979e+02  2.982115057655644996e+00  3.015850233747199738e+00  3.111567720053786790e+00  4.075316990783224291e+00
95 1901 5.677672e-01 1.125087e+02  2.982115057655644996e+00  3.028507584797882846e+00  3.122248090277594201e+00  4.800048692414009999e+00
96 1921 5.664981e-01 1.124481e+02  2.982115057655644996e+00  3.029571983043731542e+00  3.146911915982389729e+00  3.451545276876155643e+00
97 1941 5.633142e-01 1.125309e+02  2.982115057655644996e+00  3.021578940841232352e+00  3.109556988211903406e+00  3.437868826645744225e+00
98 1961 5.623309e-01 1.125186e+02  2.982115057655644996e+00  2.997886327622816260e+00  3.054059453214461595e+00  3.338124322144167433e+00
99 1981 5.594655e-01 1.124955e+02  2.982115057655644996e+00  3.016818888620532491e+00  3.050052340358491598e+00  3.528345504902368202e+00
100 2001 5.568981e-01 1.124256e+02  2.982115057655644996e+00  3.015164855136902133e+00  3.072052978491403685e+00  4.874342624738443597e+00
101 2021 5.513970e-01 1.123507e+02  2.982115057655644996e+00  2.997018736696262398e+00  3.081361406310278106e+00  3.188065936796411037e+00
102 2041 5.468165e-01 1.122718e+02  2.982115057655644996e+00  3.006967476116529703e+00  3.087432646591182994e+00  5.096090435693923837e+00
103 2061 5.395504e-01 1.122578e+02  2.973605243104929130e+00  2.973605243104929130e+00  3.081872167283163932e+00  4.820662870870624950e+00
104 2081 5.319504e-01 1.122174e+02  2.973605243104929130e+00  2.992267172463006109e+00  3.058428933425837215e+00  3.263774616647889815e+00
105 2101 5.281536e-01 1.121951e+02  2.973605243104929130e+00  2.989500394230157898e+00  3.066503022586339888e+00  3.299793061199334687e+00
106 2121 5.248109e-01 1.122626e+02  2.973605243104929130e+00  3.003744563442630522e+00  3.046269057731731067e+00  3.420760759850090427e+00
107 2141 5.216324e-01 1.122284e+02  2.973605243104929130e+00  2.979360770396146219e+00  3.067712601208454792e+00  3.242538583227709825e+00
108 2161 5.191920e-01 1.121874e+02  2.973605243104929130e+00  2.979001733430970855e+00  3.071032038425420829e+00  3.201826023097322782e+00
109 2181 5.178309e-01 1.122230e+02  2.973605243104929130e+00  3.006099430748242263e+00  3.055848885762276979e+00  3.241519924947981579e+00
110 2201 5.177854e-01 1.122669e+02  2.973605243104929130e+00  2.999053044824349534e+00  3.057019045699024495e+00  4.774946929003485607e+00
111 2221 5.182393e-01 1.122653e+02  2.965627679431180219e+00  2.965627679431180219e+00  3.075507325367139444e+00  3.180927690679753006e+00
112 2241 5.162180e-01 1.122499e+02  2.965627679431180219e+00  2.991288885803495390e+00  3.057399539238802255e+00  3.367413504455923245e+00
113 2261 5.137176e-01 1.123221e+02  2.965627679431180219e+00  2.995710907789935096e+00  3.048269941024766005e+00  6.480149653928100051e+00
114 2281 5.076821e-01 1.123434e+02  2.965627679431180219e+00  2.971674208523389815e+00  3.037656943959418321e+00  3.254718840184438022e+00
115 2301 5.044445e-01 1.123889e+02  2.961312142304185713e+00  2.961312142304185713e+00  3.037567297086398277e+00  3.119147639705505792e+00
116 2321 5.006461e-01 1.124327e+02  2.961312142304185713e+00  2.974516565109894373e+00  3.046555566468137854e+00  6.437881650620312257e+00
117 2341 4.999111e-01 1.123663e+02  2.961312142304185713e+00  2.984364449662025187e+00  3.044873738125104978e+00  4.774582993573692313e+00
118 2361 4.992898e-01 1.123755e+02  2.961312142304185713e+00  2.992708921821053192e+00  3.047571729646259886e+00  3.365257894999472033e+00
119 2381 4.981720e-01 1.124321e+02  2.961312142304185713e+00  2.972267958269424248e+00  3.046178954133978323e+00  4.980958926410485432e+00
120 2401 4.970454e-01 1.124041e+02  2.961312142304185713e+00  2.975711451940630692e+00  3.061317438401569113e+00  4.792324038532794539e+00
121 2421 4.946165e-01 1.123430e+02  2.961312142304185713e+00  2.984859489351670447e+00  3.046310543533893522e+00  4.071671530433726538e+00
122 2441 4.943350e-01 1.123390e+02  2.961312142304185713e+00  2.992514082138295173e+00  3.057116122368783273e+00  3.331747899679505576e+00
123 2461 4.895334e-01 1.123064e+02  2.961312142304185713e+00  3.008131608300943505e+00  3.067125008978696776e+00  4.852437562212084110e+00
124 2481 4.834351e-01 1.123841e+02  2.961312142304185713e+00  2.970090443766469690e+00  3.043135968555505499e+00  3.208145951064822032e+00
125 2501 4.768391e-01 1.123721e+02  2.961312142304185713e+00  2.972705054431732385e+00  3.047190166263403555e+00  4.047995713971591414e+00
126 2521 4.695490e-01 1.123693e+02  2.961312142304185713e+00  2.970989173578144626e+00  3.068071542962157228e+00  4.845480629017633767e+00
127 2541 4.649102e-01 1.123532e+02  2.961312142304185713e+00  2.982475937087348150e+00  3.052506564432622138e+00  3.225293655353320244e+00
128 2561 4.615557e-01 1.124726e+02  2.961312142304185713e+00  2.977806266460944151e+00  3.037755054823299439e+00  3.221265403054028198e+00
129 2581 4.569865e-01 1.124454e+02  2.961312142304185713e+00  2.968917583910009483e+00  3.039117775872705707e+00  3.197499829664713022e+00
130 2601 4.534174e-01 1.125043e+02  2.961312142304185713e+00  2.972878592455224567e+00  3.047729876049517284e+00  3.234181780575113407e+00
131 2621 4.507240e-01 1.125432e+02  2.961312142304185713e+00  2.974748848128066836e+00  3.031792793921028739e+00  4.791812171597157111e+00
132 2641 4.470852e-01 1.125226e+02  2.958653326124940808e+00  2.958653326124940808e+00  3.026973813450856809e+00  3.123180322629784289e+00
133 2661 4.428788e-01 1.125568e+02  2.958653326124940808e+00  2.966931989169637074e+00  3.035433027428280361e+00  4.075955527711255577e+00
134 2681 4.394015e-01 1.125981e+02  2.958653326124940808e+00  2.960525650128967179e+00  3.017501189170973319e+00  3.154139592641051593e+00
135 2701 4.356795e-01 1.125986e+02  2.958653326124940808e+00  2.967189400956245837e+00  3.019070561508825801e+00  4.759330821755547447e+00
136 2721 4.316792e-01 1.126355e+02  2.958653326124940808e+00  2.962074942369406827e+00  3.009011083856908186e+00  3.165181428276165665e+00
137 2741 4.290319e-01 1.126781e+02  2.950796647718479715e+00  2.950796647718479715e+00  3.021428282202696991e+00  3.145865776456107543e+00
138 2761 4.270921e-01 1.127101e+02  2.950796647718479715e+00  2.966507640917394273e+00  3.033636780407866773e+00  3.284775463592644940e+00
139 2781 4.252132e-01 1.127001e+02  2.950796647718479715e+00  2.967997802661797468e+00  3.015713377711183085e+00  3.279283135131632054e+00
140 2801 4.233330e-01 1.127151e+02  2.950796647718479715e+00  2.957244152568136109e+00  3.004043967536564885e+00  3.165835577740341744e+00
141 2821 4.199336e-01 1.126841e+02  2.950796647718479715e+00  2.960384298234617351e+00  3.007197151927190504e+00  4.740599265745419011e+00
142 2841 4.192940e-01 1.126790e+02  2.950796647718479715e+00  2.956701468683210710e+00  3.010172959794760850e+00  4.015528763397511192e+00
143 2861 4.196016e-01 1.127035e+02  2.950796647718479715e+00  2.963716527871647521e+00  3.026471586093568256e+00  3.131428127847876386e+00
144 2881 4.175882e-01 1.127101e+02  2.950796647718479715e+00  2.967809081593059339e+00  3.007477873710208804e+00  3.259192615352250577e+00
145 2901 4.148136e-01 1.127622e+02  2.950796647718479715e+00  2.971157808005358003e+00  3.037117426850148405e+00  3.186741382107933340e+00
146 2921 4.133028e-01 1.127806e+02  2.950796647718479715e+00  2.967321363976000104e+00  3.024941321716087650e+00  3.206772733903694217e+00
147 2941 4.126744e-01 1.127833e+02  2.948922193910546774e+00  2.948922193910546774e+00  3.028297314729920586e+00  3.199240806700424322e+00
148 2961 4.092645e-01 1.127983e+02  2.948922193910546774e+00  2.968122025183836499e+00  3.002061915479923293e+00  4.859258978985716126e+00
149 2981 4.077331e-01 1.128441e+02  2.948922193910546774e+00  2.952296181242146211e+00  3.022106323616973178e+00  3.268369266442684218e+00
150 3001 4.056400e-01 1.128898e+02  2.948922193910546774e+00  2.970096335911158292e+00  3.017713883133108510e+00  3.216496516972100039e+00
151 3021 4.035015e-01 1.129445e+02  2.948922193910546774e+00  2.982656369079305314e+00  3.044794127167632425e+00  4.853485525714468451e+00
152 3041 4.003669e-01 1.129224e+02  2.944822444387799276e+00  2.944822444387799276e+00  3.001094939366902636e+00  3.197581493577098755e+00
153 3061 3.981395e-01 1.129494e+02  2.944822444387799276e+00  2.977346127217553207e+00  3.035126714197085462e+00  4.008514524566340498e+00
154 3081 3.964217e-01 1.129635e+02  2.944822444387799276e+00  2.966248917775077931e+00  3.006048237372154208e+00  3.138451932215697404e+00
155 3101 3.944407e-01 1.129875e+02  2.944822444387799276e+00  2.962773022611970841e+00  3.015949541050952476e+00  4.758696324592696314e+00
156 3121 3.924644e-01 1.129076e+02  2.944822444387799276e+00  2.965765293107203160e+00  3.001993531760323908e+00  4.004800762725266416e+00
157 3141 3.897381e-01 1.129882e+02  2.944822444387799276e+00  2.958542505182382154e+00  3.008430346260917876e+00  3.329975157196224167e+00
158 3161 3.862078e-01 1.129888e+02  2.944822444387799276e+00  2.967057141531942666e+00  3.019573500715631909e+00  4.798443416633856984e+00
159 3181 3.840851e-01 1.130079e+02  2.944822444387799276e+00  2.976586229514993409e+00  3.011765578480799732e+00  3.200016668533444797e+00
160 3201 3.816755e-01 1.129582e+02  2.944822444387799276e+00  2.963819157760521517e+00  3.002734913950892537e+00  3.195407680979315934e+00
161 3221 3.787279e-01 1.129385e+02  2.944822444387799276e+00  2.954257685311679094e+00  2.984821356859432839e+00  4.747286195541952303e+00
162 3241 3.756809e-01 1.129164e+02  2.944822444387799276e+00  2.961611183671250647e+00  2.988713108973654720e+00  3.202864214398855491e+00
163 3261 3.737226e-01 1.129305e+02  2.944822444387799276e+00  2.952470987179705464e+00  3.030268993237458464e+00  3.135157661784816696e+00
164 3281 3.723539e-01 1.129101e+02  2.944822444387799276e+00  2.956851309698997010e+00  2.986629918945244100e+00  4.767998601393548697e+00
165 3301 3.704092e-01 1.129013e+02  2.944822444387799276e+00  2.945843515851760408e+00  3.009985740899035811e+00  3.191415961399213685e+00
166 3321 3.687616e-01 1.129203e+02  2.944822444387799276e+00  2.964542199090992369e+00  2.991778029777343306e+00  4.823789859516906198e+00
167 3341 3.667907e-01 1.128518e+02  2.944822444387799276e+00  2.962456875154188207e+00  3.018928360853539772e+00  6.507477666400801830e+00
168 3361 3.664534e-01 1.128339e+02  2.944822444387799276e+00  2.959819378809029899e+00  3.014232175069729180e+00  3.241286227762371297e+00
169 3381 3.660578e-01 1.127544e+02  2.940323988558392276e+00  2.940323988558392276e+00  3.004046883271297652e+00  3.160644846393406038e+00
170 3401 3.655585e-01 1.127985e+02  2.940323988558392276e+00  2.953469737070955947e+00  2.986524078287856376e+00  3.177376924946599068e+00
171 3421 3.638521e-01 1.127334e+02  2.940323988558392276e+00  2.972305819269607241e+00  3.003194707601772429e+00  3.182764248810106444e+00
172 3441 3.620558e-01 1.127458e+02  2.940323988558392276e+00  2.960603565379686053e+00  2.997593105875480113e+00  3.231334680294972284e+00
173 3461 3.590231e-01 1.127774e+02  2.940323988558392276e+00  2.952994988589423109e+00  2.994142201461551522e+00  3.058672188658417390e+00
174 3481 3.570788e-01 1.127435e+02  2.940323988558392276e+00  2.959697036658401448e+00  3.017358437035601249e+00  3.200463066345546892e+00
175 3501 3.541254e-01 1.128530e+02  2.940323988558392276e+00  2.970056277128774624e+00  2.998429834682756479e+00  3.043936839667617189e+00
176 3521 3.526595e-01 1.129580e+02  2.940323988558392276e+00  2.959163696586835979e+00  2.991789225775101535e+00  4.668494042828856827e+00
177 3541 3.503239e-01 1.128627e+02  2.940323988558392276e+00  2.946700048048613851e+00  3.014089106649058714e+00  3.198039383199861252e+00
178 3561 3.484206e-01 1.128728e+02  2.940323988558392276e+00  2.960899806123998612e+00  3.005460562963026661e+00  4.782754923677060788e+00
179 3581 3.465005e-01 1.129306e+02  2.940323988558392276e+00  2.941595609087417795e+00  2.995523903695054280e+00  6.523152837240997037e+00
180 3601 3.464687e-01 1.129346e+02  2.935716014831189380e+00  2.935716014831189380e+00  2.998116376699630159e+00  3.198759219956369915e+00
181 3621 3.456397e-01 1.130035e+02  2.935716014831189380e+00  2.943647069541264649e+00  2.985179601858620302e+00  3.229834390532822841e+00
182 3641 3.441280e-01 1.129796e+02  2.935716014831189380e+00  2.947335995383197016e+00  2.997534737548815276e+00  6.495483486842311471e+00
183 3661 3.447907e-01 1.129452e+02  2.935716014831189380e+00  2.939762446050543598e+00  2.991594056982328276e+00  3.144210943010139925e+00
184 3681 3.444858e-01 1.129389e+02  2.935716014831189380e+00  2.961151494580689825e+00  3.001548542563771349e+00  4.773882227544898882e+00
185 3701 3.434627e-01 1.129013e+02  2.935716014831189380e+00  2.946137746777534261e+00  2.995140468066643358e+00  6.556464169869760106e+00
186 3721 3.429430e-01 1.128630e+02  2.935716014831189380e+00  2.948172553519669670e+00  2.994758760182389956e+00  4.700609242541538002e+00
187 3741 3.407204e-01 1.128874e+02  2.935716014831189380e+00  2.947456668963774895e+00  2.977898390133530526e+00  3.030726429180011117e+00
188 3761 3.401970e-01 1.129030e+02  2.935716014831189380e+00  2.958449453934818507e+00  3.027709561478854283e+00  3.995346372951356084e+00
189 3781 3.378808e-01 1.129845e+02  2.935716014831189380e+00  2.962289398112673222e+00  2.986503976431784668e+00  3.179111849663851963e+00
190 3801 3.370883e-01 1.129579e+02  2.935716014831189380e+00  2.962615205502008298e+00  2.993847937833358230e+00  4.151489144289188360e+00
191 3821 3.351697e-01 1.130243e+02  2.935716014831189380e+00  2.955950450630118631e+00  2.983888798581609603e+00  4.745804083988087285e+00
192 3841 3.335180e-01 1.130599e+02  2.935716014831189380e+00  2.945780105556412565e+00  2.989897223010050453e+00  4.920321816142148030e+00
193 3861 3.321700e-01 1.131336e+02  2.935716014831189380e+00  2.948174373108521262e+00  3.007656639691454359e+00  3.167987655698344174e+00
194 3881 3.308810e-01 1.131657e+02  2.935716014831189380e+00  2.953926078538172462e+00  2.991304273499052258e+00  3.150895783711840981e+00
195 3901 3.300743e-01 1.132234e+02  2.935716014831189380e+00  2.953648685270489072e+00  2.989231233630912588e+00  4.730573154048991924e+00
196 3921 3.284006e-01 1.132671e+02  2.935716014831189380e+00  2.958209114898457504e+00  2.984875691995142688e+00  4.742706534544367081e+00
197 3941 3.249991e-01 1.133642e+02  2.935716014831189380e+00  2.950016116158435064e+00  2.985438730757385528e+00  3.142710812685480359e+00
198 3961 3.212091e-01 1.134741e+02  2.935716014831189380e+00  2.952864206824032056e+00  2.988784499245041637e+00  3.211339863076086765e+00
199 3981 3.174190e-01 1.135729e+02  2.935716014831189380e+00  2.958147216913915578e+00  3.000961302410191323e+00  4.702125975613975939e+00
200 4001 3.146835e-01 1.136165e+02  2.935716014831189380e+00  2.953010713470187287e+00  2.993470390185721808e+00  4.010866096578578066e+00
201 4021 3.122973e-01 1.138108e+02  2.935716014831189380e+00  2.973798155430357415e+00  3.003240124449659376e+00  3.192972789187510152e+00
202 4041 3.087314e-01 1.138466e+02  2.935716014831189380e+00  2.942680442905973415e+00  2.994410543732903385e+00  3.150061289350666982e+00
203 4061 3.062263e-01 1.138703e+02  2.935716014831189380e+00  2.939697885467402294e+00  2.986010480650961085e+00  3.220795953535617429e+00
204 4081 3.027523e-01 1.139502e+02  2.935716014831189380e+00  2.948964524529511966e+00  2.983088202107975206e+00  3.142817803626443585e+00
205 4101 2.999512e-01 1.140340e+02  2.935716014831189380e+00  2.953495928430846185e+00  2.971191438565521814e+00  3.168434160345170891e+00
206 4121 2.978347e-01 1.140579e+02  2.935716014831189380e+00  2.938769674684164723e+00  2.969126054649638746e+00  3.275870757345741513e+00
207 4141 2.973699e-01 1.141541e+02  2.935716014831189380e+00  2.961132457115434491e+00  2.974240801329054218e+00  3.000114470439726677e+00
208 4161 2.972417e-01 1.142157e+02  2.935716014831189380e+00  2.959039106203064762e+00  2.985203772651756182e+00  3.224557357046544670e+00
209 4181 2.957682e-01 1.142776e+02  2.935716014831189380e+00  2.942226210636435191e+00  2.979473983414720806e+00  4.001674624242467004e+00
210 4201 2.943998e-01 1.143934e+02  2.935716014831189380e+00  2.946065954437924628e+00  2.966180258118642499e+00  3.283425131857904411e+00
211 4221 2.944364e-01 1.144256e+02  2.935716014831189380e+00  2.951625109368568367e+00  2.969104027452480032e+00  3.165771927067235758e+00
212 4241 2.953431e-01 1.144548e+02  2.935716014831189380e+00  2.941620881287931422e+00  2.989139306720671740e+00  3.167139621363176616e+00
213 4261 2.956257e-01 1.145018e+02  2.934349260389268910e+00  2.934349260389268910e+00  2.982705104475928515e+00  3.151155465969028402e+00
214 4281 2.934225e-01 1.145174e+02  2.934349260389268910e+00  2.941324223111403402e+00  2.971853932631527417e+00  3.027414593639240703e+00
215 4301 2.901657e-01 1.145241e+02  2.934349260389268910e+00  2.950052168624953008e+00  2.973038915039265984e+00  3.069434112879000587e+00
216 4321 2.881669e-01 1.145816e+02  2.929585719811000022e+00  2.929585719811000022e+00  2.975896294181141322e+00  3.151957258345994717e+00
217 4341 2.853617e-01 1.146378e+02  2.929585719811000022e+00  2.945346711212689872e+00  2.975573672256965452e+00  3.225564562270549107e+00
218 4361 2.822985e-01 1.146736e+02  2.929585719811000022e+00  2.941179672390692446e+00  2.979229505522762445e+00  3.029608798375399203e+00
219 4381 2.789019e-01 1.147099e+02  2.929585719811000022e+00  2.932494828027651934e+00  2.971446637152101111e+00  3.174155391079204858e+00
220 4401 2.747273e-01 1.148096e+02  2.929585719811000022e+00  2.937941681518136505e+00  2.973566240557612428e+00  4.728541636942301452e+00
221 4421 2.713577e-01 1.148027e+02  2.929585719811000022e+00  2.940682242125010060e+00  2.971118790275552257e+00  4.709941184117191426e+00
222 4441 2.674191e-01 1.148685e+02  2.929585719811000022e+00  2.936571584775452770e+00  2.963602818911166281e+00  3.942092281708919010e+00
223 4461 2.638108e-01 1.149567e+02  2.929585719811000022e+00  2.935555901006067447e+00  2.958984629128026178e+00  4.691441132062761810e+00
224 4481 2.614381e-01 1.150195e+02  2.929585719811000022e+00  2.940808935304350946e+00  2.976804243195416255e+00  6.530729604327710547e+00
225 4501 2.585964e-01 1.150299e+02  2.929585719811000022e+00  2.939003754618771058e+00  2.961052636987080877e+00  4.687381811148539690e+00
226 4521 2.551003e-01 1.150638e+02  2.929585719811000022e+00  2.936634015645626317e+00  2.963385922681246676e+00  3.077544748897574234e+00
227 4541 2.535211e-01 1.150632e+02  2.929585719811000022e+00  2.935067311690277236e+00  2.954478546714412346e+00  3.143524345072024495e+00
228 4561 2.521284e-01 1.151424e+02  2.929585719811000022e+00  2.929732353192060934e+00  2.961907652092939713e+00  4.758687374086588484e+00
229 4581 2.505160e-01 1.152013e+02  2.929585719811000022e+00  2.936699000449534580e+00  2.965517689235523946e+00  3.139262372019862912e+00
230 4601 2.490908e-01 1.152274e+02  2.929585719811000022e+00  2.934179751895304111e+00  2.955092653777930956e+00  3.024782568571692032e+00
231 4621 2.498165e-01 1.152298e+02  2.929585719811000022e+00  2.934561148742220738e+00  2.952679662757723200e+00  3.017927109189233459e+00
232 4641 2.500839e-01 1.152145e+02  2.929585719811000022e+00  2.931554714083639546e+00  2.951275282658180288e+00  2.979173501566509952e+00
233 4661 2.504176e-01 1.152680e+02  2.929585719811000022e+00  2.936840493159957433e+00  2.965308133920996347e+00  3.020377925345238523e+00
234 4681 2.500753e-01 1.153423e+02  2.929585719811000022e+00  2.933361075226467385e+00  2.970967034078834779e+00  4.693384143617465476e+00
235 4701 2.490356e-01 1.153696e+02  2.929585719811000022e+00  2.929770102082020156e+00  2.948504879886033159e+00  2.997317223400898012e+00
236 4721 2.485217e-01 1.153996e+02  2.928675424630618362e+00  2.928675424630618362e+00  2.957763438403444578e+00  3.014263586808351381e+00
237 4741 2.470281e-01 1.154174e+02  2.928675424630618362e+00  2.933568220489008560e+00  2.964816587931409231e+00  4.739912450054494464e+00
238 4761 2.458773e-01 1.154762e+02  2.928675424630618362e+00  2.934067287612760477e+00  2.958518044542640446e+00  4.688890476542812991e+00
239 4781 2.445593e-01 1.155105e+02  2.928675424630618362e+00  2.936843031486311428e+00  2.955282182451836714e+00  4.682762136582039325e+00
240 4801 2.430374e-01 1.155357e+02  2.928675424630618362e+00  2.937836761468169744e+00  2.954268103268840928e+00  3.172368073322583193e+00
241 4821 2.424050e-01 1.155315e+02  2.927238261887373127e+00  2.927238261887373127e+00  2.945948764771810779e+00  3.187175307794446244e+00
242 4841 2.419522e-01 1.155318e+02  2.927238261887373127e+00  2.929635351878914218e+00  2.949387567624603079e+00  4.673678426632205785e+00
243 4861 2.406253e-01 1.155331e+02  2.927238261887373127e+00  2.934879027064585699e+00  2.960348277247859983e+00  3.166021123688839367e+00
244 4881 2.393815e-01 1.155733e+02  2.927238261887373127e+00  2.934084301397274164e+00  2.966353967165493266e+00  3.286239950227763273e+00
245 4901 2.376285e-01 1.156336e+02  2.927238261887373127e+00  2.931149090254006495e+00  2.945261173731323456e+00  3.089917993895512804e+00
246 4921 2.360884e-01 1.157251e+02  2.927238261887373127e+00  2.933005161400099148e+00  2.951496537007662013e+00  2.994223315977842415e+00
247 4941 2.344162e-01 1.157142e+02  2.927238261887373127e+00  2.929495851719663424e+00  2.956839375642846157e+00  4.664992889907676243e+00
248 4961 2.326718e-01 1.157147e+02  2.927238261887373127e+00  2.927283970773926214e+00  2.950318710426835800e+00  3.109410235373272435e+00
249 4981 2.309286e-01 1.157628e+02  2.927238261887373127e+00  2.930401772867839316e+00  2.953769839883476411e+00  3.249306283806750351e+00
250 5001 2.287208e-01 1.157306e+02  2.927238261887373127e+00  2.931580133558939760e+00  2.943232659651330962e+00  4.652591984286072346e+00
251 5021 2.260288e-01 1.159143e+02  2.927238261887373127e+00  2.929171945006268984e+00  2.941729309205781906e+00  3.137038979457014154e+00
252 5041 2.243734e-01 1.159940e+02  2.927238261887373127e+00  2.929984407569450777e+00  2.945766897989324562e+00  2.985481401828439019e+00
253 5061 2.233683e-01 1.159715e+02  2.927238261887373127e+00  2.928327414287203112e+00  2.945222475033798304e+00  3.391124689497104328e+00
254 5081 2.228871e-01 1.159720e+02  2.927238261887373127e+00  2.933473579134811438e+00  2.956247063606226355e+00  3.151631400810707806e+00
255 5101 2.219827e-01 1.160357e+02  2.927238261887373127e+00  2.936886299310903503e+00  2.951036480991438893e+00  3.201759759643913572e+00
256 5121 2.207500e-01 1.160503e+02  2.927238261887373127e+00  2.932081905677720091e+00  2.956332398233247893e+00  3.379533245284548126e+00
257 5141 2.184796e-01 1.160916e+02  2.927238261887373127e+00  2.930048609709702045e+00  2.950459079834383047e+00  4.659514334591261964e+00
258 5161 2.158936e-01 1.161147e+02  2.924386135188285607e+00  2.924386135188285607e+00  2.950720904161903135e+00  3.145512715882055055e+00
259 5181 2.141911e-01 1.162107e+02  2.924386135188285607e+00  2.928722603009828784e+00  2.944686823775058304e+00  3.181437715623531837e+00
260 5201 2.116095e-01 1.162410e+02  2.924386135188285607e+00  2.927170723571766331e+00  2.949209752244759564e+00  4.694460674877850792e+00
261 5221 2.085841e-01 1.163201e+02  2.924386135188285607e+00  2.924491987119496539e+00  2.940943304987597706e+00  3.162863395706454916e+00
262 5241 2.054778e-01 1.163255e+02  2.924107637661963910e+00  2.924107637661963910e+00  2.943690662860708684e+00  3.126117703347803811e+00
263 5261 2.020759e-01 1.163303e+02  2.924107637661963910e+00  2.927366945181272495e+00  2.945673911726191196e+00  2.997698167946225567e+00
264 5281 1.993565e-01 1.163767e+02  2.924107637661963910e+00  2.925179290887132577e+00  2.945505754020454781e+00  4.686871070846523324e+00
265 5301 1.963772e-01 1.163928e+02  2.924107637661963910e+00  2.924486356672303167e+00  2.943220475888868926e+00  2.961204030555523392e+00
266 5321 1.927037e-01 1.164814e+02  2.919664833590541964e+00  2.919664833590541964e+00  2.935633959038578933e+00  3.358810341762865637e+00
267 5341 1.896599e-01 1.164838e+02  2.919664833590541964e+00  2.922999444183609796e+00  2.935971597010428980e+00  3.167958979320582902e+00
268 5361 1.885129e-01 1.165149e+02  2.919664833590541964e+00  2.922244911598203654e+00  2.933186959224991064e+00  3.117330813865882622e+00
269 5381 1.880970e-01 1.165233e+02  2.919664833590541964e+00  2.924950352289663158e+00  2.941082269367453872e+00  2.960124312008137970e+00
270 5401 1.877956e-01 1.165164e+02  2.919664833590541964e+00  2.923989021968135038e+00  2.944386512600996486e+00  3.245802222335196774e+00
271 5421 1.873825e-01 1.165202e+02  2.919664833590541964e+00  2.919737410733617811e+00  2.935843704389252906e+00  4.681170039849146924e+00
272 5441 1.861547e-01 1.165416e+02  2.919664833590541964e+00  2.923072656681648507e+00  2.936583265094283579e+00  3.120661320202446909e+00
273 5461 1.843373e-01 1.165744e+02  2.919664833590541964e+00  2.927079316882734705e+00  2.934976185259339232e+00  4.674553651527815212e+00
274 5481 1.834543e-01 1.166556e+02  2.919664833590541964e+00  2.923013657386536401e+00  2.936485034956023199e+00  3.130839635954619116e+00
275 5501 1.820771e-01 1.167333e+02  2.919664833590541964e+00  2.923941700771636842e+00  2.936018221462929567e+00  3.114988777065252457e+00
276 5521 1.804421e-01 1.167903e+02  2.919664833590541964e+00  2.925887845257895137e+00  2.934263179385883547e+00  2.968048430849661745e+00
277 5541 1.799548e-01 1.167956e+02  2.918352316159172677e+00  2.918352316159172677e+00  2.940300394235143777e+00  3.135310270658860254e+00
278 5561 1.783123e-01 1.168078e+02  2.918352316159172677e+00  2.921511633379604955e+00  2.931792158818736560e+00  4.689655508417136964e+00
279 5581 1.766866e-01 1.168069e+02  2.915670066489860712e+00  2.915670066489860712e+00  2.933033868104178321e+00  3.126738566251987983e+00
280 5601 1.750819e-01 1.168275e+02  2.915670066489860712e+00  2.924084933246271056e+00  2.931966877373823444e+00  3.113254181151694944e+00
281 5621 1.736157e-01 1.168854e+02  2.915670066489860712e+00  2.921101170539897485e+00  2.935692398751881704e+00  3.105644791193943988e+00
282 5641 1.717994e-01 1.168957e+02  2.915670066489860712e+00  2.920101132238245523e+00  2.933071104494618275e+00  3.137725615191908179e+00
283 5661 1.700512e-01 1.169297e+02  2.915670066489860712e+00  2.922293498460579286e+00  2.930600138293469215e+00  4.653431624319710913e+00
284 5681 1.690636e-01 1.169440e+02  2.915670066489860712e+00  2.918475627590268129e+00  2.927917392838309318e+00  3.120489650031051720e+00
285 5701 1.679756e-01 1.169471e+02  2.915670066489860712e+00  2.919852561993283135e+00  2.933238679323962650e+00  4.667093862458835396e+00
286 5721 1.675641e-01 1.170211e+02  2.915670066489860712e+00  2.917506455436584822e+00  2.928857865009868888e+00  3.114727768176809519e+00
287 5741 1.672542e-01 1.170349e+02  2.915670066489860712e+00  2.915910950003122171e+00  2.923335876616459217e+00  4.651210486250263010e+00
288 5761 1.661924e-01 1.170320e+02  2.915670066489860712e+00  2.922035548956054996e+00  2.933002042281765309e+00  6.510610013858999956e+00
289 5781 1.641699e-01 1.169948e+02  2.915670066489860712e+00  2.920257922026805453e+00  2.929265093474926474e+00  3.142742206362880264e+00
290 5801 1.620707e-01 1.170023e+02  2.915670066489860712e+00  2.916884405980845418e+00  2.930907980858875828e+00  4.675783353848839141e+00
291 5821 1.609100e-01 1.170049e+02  2.915670066489860712e+00  2.920620607595071583e+00  2.929653161222223190e+00  3.128383600712691504e+00
292 5841 1.601976e-01 1.170095e+02  2.915670066489860712e+00  2.917324848134820847e+00  2.928599601302350752e+00  3.720069528707153683e+00
293 5861 1.586985e-01 1.170108e+02  2.915670066489860712e+00  2.917806129228926793e+00  2.928006417150756491e+00  3.117089435753167326e+00
294 5881 1.575756e-01 1.170299e+02  2.914626420886431646e+00  2.914626420886431646e+00  2.927947771106981456e+00  3.112169875768727945e+00
295 5901 1.563245e-01 1.170628e+02  2.914626420886431646e+00  2.918124835362843950e+00  2.929335962692611872e+00  4.715261513573117291e+00
296 5921 1.559727e-01 1.170114e+02  2.914626420886431646e+00  2.920976106924221050e+00  2.931699320899490147e+00  3.130399352496871845e+00
297 5941 1.552318e-01 1.170306e+02  2.914626420886431646e+00  2.915448950282522489e+00  2.934714430688474707e+00  3.114079571409838376e+00
298 5961 1.542913e-01 1.170444e+02  2.914626420886431646e+00  2.914890450599278537e+00  2.931899909128033332e+00  6.496958298000741650e+00
299 5981 1.539845e-01 1.170661e+02  2.914626420886431646e+00  2.916504445900157450e+00  2.923329923223027649e+00  4.653716844758932325e+00
300 6001 1.541312e-01 1.171426e+02  2.914610594312788017e+00  2.914610594312788017e+00  2.925361332076402476e+00  4.646003381170704216e+00
