%  columns="iteration, evaluation, sigma, axis ratio, bestever, best, median, worst fitness function value, further objective values of best" (startseed=213778, 2017/09/18 12:34:47.79)
1 21 1.076108e+00 2.241821e+01  1.994253691455547141e+03  1.000225323447994560e+04  1.000260419513880333e+04  1.000334747357806918e+04
2 41 1.044352e+00 2.242592e+01  1.994253691455547141e+03  1.000215913430780893e+04  1.000247658767033863e+04  1.000323793369232590e+04
3 61 1.016815e+00 2.244034e+01  1.994253691455547141e+03  1.000206701742782207e+04  1.000256472785288133e+04  1.000300212292518518e+04
4 81 9.959197e-01 2.245275e+01  1.994253691455547141e+03  1.000214409946283558e+04  1.000246670467063450e+04  1.000288221576276010e+04
5 101 9.816168e-01 2.246129e+01  1.994253691455547141e+03  1.000207640018587699e+04  1.000253740853053387e+04  1.000296786266676827e+04
6 121 9.717554e-01 2.246953e+01  1.994253691455547141e+03  1.000218704140519731e+04  1.000244492168362194e+04  1.000324810899848308e+04
7 141 9.651139e-01 2.247680e+01  1.994253691455547141e+03  1.000223961843670440e+04  1.000238575519264850e+04  1.000296960013468561e+04
8 161 9.582301e-01 2.248972e+01  1.994253691455547141e+03  1.000213097879129236e+04  1.000253378481244181e+04  1.000265901549760929e+04
9 181 9.488022e-01 2.249696e+01  1.994253691455547141e+03  1.000219271902261789e+04  1.000244830410678514e+04  1.000289282135026224e+04
10 201 9.423166e-01 2.250575e+01  1.994253691455547141e+03  1.000214560895374780e+04  1.000245846390724910e+04  1.000284235896760401e+04
11 221 9.341799e-01 2.250843e+01  1.994253691455547141e+03  1.000215494706579557e+04  1.000252897652821048e+04  1.000320870109267526e+04
12 241 9.238749e-01 2.251845e+01  1.994253691455547141e+03  1.000212430741585376e+04  1.000231305989377142e+04  1.000290498543049944e+04
13 261 9.166833e-01 2.253013e+01  1.994253691455547141e+03  1.000220632888422188e+04  1.000243196995415565e+04  1.000313562096015266e+04
14 281 9.100638e-01 2.253771e+01  1.994253691455547141e+03  1.000215439989368133e+04  1.000239673814190610e+04  1.000588246786935997e+04
15 301 9.077125e-01 2.254309e+01  1.994253691455547141e+03  1.000217923011369749e+04  1.000235854220391047e+04  1.000638919858971349e+04
16 321 9.052988e-01 2.254889e+01  1.994253691455547141e+03  1.000217179653815583e+04  1.000244561726636312e+04  1.000318087321488747e+04
17 341 9.056305e-01 2.255923e+01  1.994253691455547141e+03  1.000214138936756717e+04  1.000241047309771602e+04  1.000283237822637057e+04
18 361 9.048164e-01 2.256297e+01  1.994253691455547141e+03  1.000220873817779648e+04  1.000241686326030322e+04  1.000322835029862290e+04
19 381 9.037613e-01 2.257340e+01  1.994253691455547141e+03  1.000215318647860113e+04  1.000229385049769735e+04  1.000276807289020508e+04
20 401 9.001152e-01 2.258488e+01  1.994253691455547141e+03  1.000212483560014880e+04  1.000235231711825327e+04  1.000307839114338276e+04
21 421 8.974381e-01 2.260249e+01  1.994253691455547141e+03  1.000208305641236802e+04  1.000240443201469134e+04  1.000277784904357759e+04
22 441 8.959140e-01 2.261481e+01  1.994253691455547141e+03  1.000214671220126002e+04  1.000239681368090532e+04  1.000278660069619036e+04
23 461 8.985205e-01 2.262798e+01  1.994253691455547141e+03  1.000208740150138328e+04  1.000230015207253382e+04  1.000285938106733374e+04
24 481 8.946111e-01 2.263959e+01  1.994253691455547141e+03  1.000209752422353631e+04  1.000238685726170297e+04  1.000282094538977071e+04
25 501 8.885358e-01 2.264355e+01  1.994253691455547141e+03  1.000214962138915325e+04  1.000229004879112108e+04  1.000278961578205417e+04
26 521 8.824438e-01 2.264709e+01  1.994253691455547141e+03  1.000213452208690614e+04  1.000242828532308704e+04  1.000275939074870075e+04
27 541 8.741317e-01 2.265501e+01  1.994253691455547141e+03  1.000210134794447731e+04  1.000238993368929368e+04  1.000311626622743279e+04
28 561 8.681033e-01 2.266576e+01  1.994253691455547141e+03  1.000215119846523885e+04  1.000232741977130536e+04  1.000274917201053177e+04
29 581 8.617589e-01 2.268558e+01  1.994253691455547141e+03  1.000210481657057790e+04  1.000234530475424617e+04  1.000312599590349055e+04
30 601 8.535525e-01 2.269734e+01  1.994253691455547141e+03  1.000206969288366963e+04  1.000227341547632022e+04  1.000277390110787564e+04
31 621 8.450286e-01 2.271141e+01  1.994253691455547141e+03  1.000213507675434084e+04  1.000240173365797091e+04  1.000585306873664013e+04
32 641 8.401631e-01 2.273246e+01  1.994253691455547141e+03  1.000208251214830671e+04  1.000231897318205301e+04  1.000304038381184182e+04
33 661 8.328097e-01 2.275160e+01  1.994253691455547141e+03  1.000209690121964377e+04  1.000228140035828619e+04  1.000246487999018609e+04
34 681 8.246605e-01 2.275716e+01  1.994253691455547141e+03  1.000206758637946950e+04  1.000228958945025079e+04  1.000261313853472711e+04
35 701 8.135601e-01 2.275679e+01  1.994253691455547141e+03  1.000204432579092099e+04  1.000227389534424401e+04  1.000286866309576180e+04
36 721 8.028955e-01 2.276376e+01  1.994253691455547141e+03  1.000208276730182843e+04  1.000221400282029572e+04  1.000305953586846954e+04
37 741 7.921930e-01 2.277552e+01  1.994253691455547141e+03  1.000209198513577940e+04  1.000227689767284755e+04  1.000254741253192151e+04
38 761 7.829541e-01 2.277802e+01  1.994253691455547141e+03  1.000204642899556347e+04  1.000228563387474787e+04  1.000273030656950687e+04
39 781 7.748054e-01 2.279051e+01  1.994253691455547141e+03  1.000209874182639760e+04  1.000225963298714123e+04  1.000249784239007568e+04
40 801 7.659230e-01 2.279534e+01  1.994253691455547141e+03  1.000216112277325919e+04  1.000227144529900215e+04  1.000269047598380894e+04
41 821 7.631219e-01 2.281201e+01  1.994253691455547141e+03  1.000205642059165984e+04  1.000223133809639148e+04  1.000270567034807755e+04
42 841 7.603459e-01 2.282218e+01  1.994253691455547141e+03  1.000205081676924237e+04  1.000219183943227472e+04  1.000257905026337539e+04
43 861 7.536581e-01 2.282916e+01  1.994253691455547141e+03  1.000205206208198251e+04  1.000221090712941987e+04  1.000243107688718737e+04
44 881 7.441317e-01 2.284016e+01  1.994253691455547141e+03  1.000204572506003569e+04  1.000216517373891838e+04  1.000247807693394861e+04
45 901 7.362214e-01 2.284180e+01  1.994253691455547141e+03  1.000207440367257732e+04  1.000217970582958515e+04  1.000276496736603622e+04
46 921 7.244433e-01 2.284646e+01  1.994253691455547141e+03  1.000205655523887981e+04  1.000218444081076814e+04  1.000316040704961779e+04
47 941 7.157985e-01 2.284924e+01  1.994253691455547141e+03  1.000205203666700254e+04  1.000221588118004001e+04  1.000274628795214812e+04
48 961 7.080394e-01 2.284776e+01  1.994253691455547141e+03  1.000207347702790321e+04  1.000217201040926375e+04  1.000566121324424057e+04
49 981 7.034005e-01 2.285094e+01  1.994253691455547141e+03  1.000204882665663717e+04  1.000220656311142739e+04  1.000274718862258305e+04
50 1001 6.965816e-01 2.285196e+01  1.994253691455547141e+03  1.000203740351544002e+04  1.000221540932592325e+04  1.000289275592222111e+04
51 1021 6.878114e-01 2.286073e+01  1.994253691455547141e+03  1.000203291139844805e+04  1.000229047981479198e+04  1.000264018017007038e+04
52 1041 6.796630e-01 2.286279e+01  1.994253691455547141e+03  1.000205189231667646e+04  1.000219561805698686e+04  1.000276361033658577e+04
53 1061 6.694417e-01 2.286275e+01  1.994253691455547141e+03  1.000208901136336317e+04  1.000228111724342853e+04  1.000267662110935271e+04
54 1081 6.602522e-01 2.286432e+01  1.994253691455547141e+03  1.000206404800120799e+04  1.000227471085460638e+04  1.000242983091770111e+04
55 1101 6.500116e-01 2.287034e+01  1.994253691455547141e+03  1.000205826815832006e+04  1.000215689750079400e+04  1.000230228137481208e+04
56 1121 6.423319e-01 2.287665e+01  1.994253691455547141e+03  1.000202744517026076e+04  1.000222678149668718e+04  1.000243844579341749e+04
57 1141 6.350488e-01 2.288718e+01  1.994253691455547141e+03  1.000203290735289920e+04  1.000220176744077253e+04  1.000280333214962047e+04
58 1161 6.287510e-01 2.289599e+01  1.994253691455547141e+03  1.000204696657664681e+04  1.000220997848173465e+04  1.000550100221611683e+04
59 1181 6.206905e-01 2.289290e+01  1.994253691455547141e+03  1.000200683619949996e+04  1.000215060426885429e+04  1.000248705877563589e+04
60 1201 6.176515e-01 2.290655e+01  1.994253691455547141e+03  1.000201242681804433e+04  1.000215284423983758e+04  1.000249833608315930e+04
61 1221 6.133732e-01 2.291144e+01  1.994253691455547141e+03  1.000202499917647401e+04  1.000215577139416746e+04  1.000242121448156831e+04
62 1241 6.102775e-01 2.291858e+01  1.994253691455547141e+03  1.000203901631357076e+04  1.000218055637799625e+04  1.000280101511579596e+04
63 1261 6.058926e-01 2.293022e+01  1.994253691455547141e+03  1.997077975490677773e+03  1.000215487721690806e+04  1.000243338402187874e+04
64 1281 5.977877e-01 2.294934e+01  1.994253691455547141e+03  1.997263359627254204e+03  1.000209326500764109e+04  1.000266268222940380e+04
65 1301 5.906309e-01 2.295753e+01  1.994253691455547141e+03  1.997178651383376518e+03  1.000212413010986529e+04  1.000242497298301896e+04
66 1321 5.843544e-01 2.296222e+01  1.994253691455547141e+03  2.000148912194207696e+03  1.000213394975055235e+04  1.000227360456178394e+04
67 1341 5.781796e-01 2.297242e+01  1.994253691455547141e+03  1.000200570327358764e+04  1.000213166923762583e+04  1.000252140182666517e+04
68 1361 5.725501e-01 2.297611e+01  1.994253691455547141e+03  1.000205642775862361e+04  1.000215712053485549e+04  1.000252275485926111e+04
69 1381 5.718654e-01 2.299030e+01  1.994253691455547141e+03  1.000202077966163415e+04  1.000212852126826692e+04  1.000231385058725209e+04
70 1401 5.707632e-01 2.299589e+01  1.994253691455547141e+03  1.000204474703543565e+04  1.000212409395952636e+04  1.000231034598979750e+04
71 1421 5.702430e-01 2.299724e+01  1.994253691455547141e+03  1.000202863991740014e+04  1.000209157427162791e+04  1.000232692741203027e+04
72 1441 5.705291e-01 2.300715e+01  1.994253691455547141e+03  2.000156780327456545e+03  1.000215189378091600e+04  1.000237344752718855e+04
73 1461 5.699901e-01 2.301365e+01  1.994253691455547141e+03  1.000200325759468797e+04  1.000213824601056331e+04  1.000238060105420300e+04
74 1481 5.714025e-01 2.302045e+01  1.994253691455547141e+03  1.000202649082886273e+04  1.000210850230052893e+04  1.000244682806911260e+04
75 1501 5.713047e-01 2.301877e+01  1.994253691455547141e+03  1.000200173744273707e+04  1.000216146393023155e+04  1.000279318087411229e+04
76 1521 5.688794e-01 2.302143e+01  1.994253691455547141e+03  1.000203680593968966e+04  1.000212313850228747e+04  1.000244604967024861e+04
77 1541 5.668830e-01 2.302822e+01  1.994253691455547141e+03  1.000202950157444866e+04  1.000216444279731877e+04  1.000254983179651754e+04
78 1561 5.654683e-01 2.304875e+01  1.994253691455547141e+03  1.000200718929326104e+04  1.000211579788720701e+04  1.000258347508700172e+04
79 1581 5.662622e-01 2.305386e+01  1.994253691455547141e+03  1.000200770332072898e+04  1.000211206428975129e+04  1.000238188372026525e+04
80 1601 5.642215e-01 2.305503e+01  1.994253691455547141e+03  1.000202310897991811e+04  1.000208966501280338e+04  1.000227719596537099e+04
81 1621 5.600784e-01 2.305364e+01  1.994253691455547141e+03  1.000202167903345617e+04  1.000210461851038235e+04  1.000224229541500972e+04
82 1641 5.531307e-01 2.306693e+01  1.994253691455547141e+03  1.000201338034628679e+04  1.000208581883107036e+04  1.000235682872934376e+04
83 1661 5.468885e-01 2.307216e+01  1.994253691455547141e+03  2.000167728206519769e+03  1.000211978047700541e+04  1.000246382705892574e+04
84 1681 5.386568e-01 2.308663e+01  1.994253691455547141e+03  1.997165198215193186e+03  1.000212883863719435e+04  1.000262989826646844e+04
85 1701 5.295402e-01 2.309861e+01  1.994253691455547141e+03  1.997201362154665958e+03  1.000212857311594780e+04  1.000230507745245814e+04
86 1721 5.224151e-01 2.310575e+01  1.994253691455547141e+03  1.000201046844237317e+04  1.000210976148667214e+04  1.000230468034997284e+04
87 1741 5.170336e-01 2.311151e+01  1.994253691455547141e+03  1.000201722304573377e+04  1.000207852555716818e+04  1.000213594547834327e+04
88 1761 5.110051e-01 2.312500e+01  1.994253691455547141e+03  1.000200148637431630e+04  1.000207071902440293e+04  1.000229569978008840e+04
89 1781 5.055931e-01 2.313243e+01  1.994253691455547141e+03  2.000138498334496944e+03  1.000209983618905608e+04  1.000236380832819850e+04
90 1801 5.015122e-01 2.313203e+01  1.994253691455547141e+03  1.000201649667747915e+04  1.000208591243260526e+04  1.000233957722854575e+04
91 1821 4.950971e-01 2.313585e+01  1.994253691455547141e+03  2.000166768948459776e+03  1.000211281504192448e+04  1.000234441101805351e+04
92 1841 4.906769e-01 2.314520e+01  1.994253691455547141e+03  1.996871371092689742e+03  1.000206394755018482e+04  1.000239160797508521e+04
93 1861 4.885550e-01 2.314673e+01  1.994253691455547141e+03  1.996876983035563853e+03  1.000210107880220312e+04  1.000248894951833972e+04
94 1881 4.840785e-01 2.316869e+01  1.994253691455547141e+03  1.000200622247717001e+04  1.000208064073681817e+04  1.000230577353709850e+04
95 1901 4.789917e-01 2.317055e+01  1.994253691455547141e+03  1.997127574764132305e+03  1.000207897167837655e+04  1.000223318522984664e+04
96 1921 4.761203e-01 2.316651e+01  1.994253691455547141e+03  1.997153662663855812e+03  1.000209045264907218e+04  1.000246630785279922e+04
97 1941 4.720603e-01 2.317045e+01  1.994253691455547141e+03  1.000200383360678825e+04  1.000205070599974533e+04  1.000226673528604806e+04
98 1961 4.666207e-01 2.317529e+01  1.994253691455547141e+03  1.997178352621682507e+03  1.000207944737262005e+04  1.000221813808406478e+04
99 1981 4.625996e-01 2.317558e+01  1.994253691455547141e+03  1.000201066661150799e+04  1.000208304205764216e+04  1.000222898326133145e+04
100 2001 4.573257e-01 2.318008e+01  1.994253691455547141e+03  1.000200502145293831e+04  1.000213285912360334e+04  1.000231559903938614e+04
101 2021 4.529271e-01 2.318735e+01  1.994253691455547141e+03  1.997247162267012754e+03  1.000205089896305071e+04  1.000220479594459721e+04
102 2041 4.490280e-01 2.318849e+01  1.994253691455547141e+03  1.997218733504611691e+03  1.000206447381144426e+04  1.000222227199863482e+04
103 2061 4.462650e-01 2.320168e+01  1.994253691455547141e+03  1.997174061692642226e+03  1.000207538669661699e+04  1.000219895001831173e+04
104 2081 4.465523e-01 2.320539e+01  1.994253691455547141e+03  1.000201315717137368e+04  1.000204124335026427e+04  1.000213929343908239e+04
105 2101 4.465714e-01 2.321047e+01  1.994253691455547141e+03  1.996774082068664029e+03  1.000207119910566325e+04  1.000223580754095929e+04
106 2121 4.481113e-01 2.321510e+01  1.994253691455547141e+03  1.997154827630582759e+03  1.000205355373178463e+04  1.000231411264912094e+04
107 2141 4.488980e-01 2.322388e+01  1.994253691455547141e+03  1.997209999521940517e+03  1.000203881304944298e+04  1.000239905330940564e+04
108 2161 4.483450e-01 2.323589e+01  1.994253691455547141e+03  2.000157383511846547e+03  1.000206611365575009e+04  1.000222561232131557e+04
109 2181 4.446127e-01 2.324672e+01  1.994253691455547141e+03  1.997277884878604482e+03  1.000204965328384060e+04  1.000227483124285209e+04
110 2201 4.411772e-01 2.325058e+01  1.994253691455547141e+03  1.997185985973976358e+03  1.000205020090495236e+04  1.000218680298262916e+04
111 2221 4.359768e-01 2.326871e+01  1.994253691455547141e+03  1.997185204971574876e+03  1.000202693842839653e+04  1.000222812267585687e+04
112 2241 4.321688e-01 2.328130e+01  1.994253691455547141e+03  1.997079450352846607e+03  1.000202386896190364e+04  1.000218237465159837e+04
113 2261 4.294228e-01 2.330032e+01  1.994253691455547141e+03  1.997154098289093781e+03  1.000206380711862403e+04  1.000226340684227944e+04
114 2281 4.266561e-01 2.330869e+01  1.994253691455547141e+03  1.997233754744049293e+03  1.000206061902312285e+04  1.000222362976877957e+04
115 2301 4.243190e-01 2.331544e+01  1.994253691455547141e+03  1.997144623444000672e+03  1.000203481885242218e+04  1.000225750707508632e+04
116 2321 4.225311e-01 2.331488e+01  1.994253691455547141e+03  1.997322893365949994e+03  1.000202690256994902e+04  1.000213817759529957e+04
117 2341 4.220912e-01 2.331794e+01  1.994253691455547141e+03  1.997174138222072315e+03  1.000204815721820341e+04  1.000235578729911686e+04
118 2361 4.214180e-01 2.333119e+01  1.994253691455547141e+03  1.997190536320291130e+03  1.000202756674055126e+04  1.000219361225955254e+04
119 2381 4.211780e-01 2.333161e+01  1.994253691455547141e+03  1.997115492353210129e+03  1.000206022216983911e+04  1.000230343132279813e+04
120 2401 4.202780e-01 2.333719e+01  1.994253691455547141e+03  1.997152010621155796e+03  1.000202526044433580e+04  1.000217506569681245e+04
121 2421 4.196708e-01 2.333450e+01  1.994253691455547141e+03  1.996790327121009113e+03  1.000205924273000346e+04  1.000229031617521832e+04
122 2441 4.188626e-01 2.334915e+01  1.994253691455547141e+03  1.996694870604071639e+03  1.000201276700581366e+04  1.000213389408273724e+04
123 2461 4.190436e-01 2.336119e+01  1.994253691455547141e+03  1.997142848138221552e+03  1.000202999972456746e+04  1.000216264769051850e+04
124 2481 4.177128e-01 2.336968e+01  1.994253691455547141e+03  1.997224629968446152e+03  1.000204817080489011e+04  1.000245460056374031e+04
125 2501 4.178332e-01 2.337367e+01  1.994253691455547141e+03  1.996992469002404050e+03  1.000202045197528787e+04  1.000227064762578448e+04
126 2521 4.178935e-01 2.338014e+01  1.994253691455547141e+03  1.996875932807436357e+03  1.000200448710702767e+04  1.000229203127625260e+04
127 2541 4.178639e-01 2.338583e+01  1.994253691455547141e+03  1.997176810222208815e+03  1.000201805432986657e+04  1.000214867737654276e+04
128 2561 4.172804e-01 2.339398e+01  1.994253691455547141e+03  1.997169753075414519e+03  1.000205368808674575e+04  1.000221067337826207e+04
129 2581 4.146102e-01 2.340038e+01  1.994253691455547141e+03  1.996756323404819341e+03  2.000166555633458302e+03  1.000217601224205646e+04
130 2601 4.125823e-01 2.341337e+01  1.994253691455547141e+03  1.996912345152084754e+03  1.000202576802577278e+04  1.000224553968472537e+04
131 2621 4.108762e-01 2.341954e+01  1.994253691455547141e+03  1.997216332545289788e+03  1.000203515905744280e+04  1.000228173580387374e+04
132 2641 4.094405e-01 2.342361e+01  1.994253691455547141e+03  1.996950541678407035e+03  1.000203129558466026e+04  1.000229147251715767e+04
133 2661 4.071186e-01 2.345139e+01  1.994253691455547141e+03  1.997182954958039090e+03  1.000201264306959274e+04  1.000229348743805531e+04
134 2681 4.055843e-01 2.345894e+01  1.994253691455547141e+03  1.996861848026295092e+03  1.000205130196895698e+04  1.000220771755058013e+04
135 2701 4.060742e-01 2.346838e+01  1.994253691455547141e+03  1.997222267605247907e+03  1.000204602636859636e+04  1.000242607230221620e+04
136 2721 4.069211e-01 2.347136e+01  1.994253691455547141e+03  1.997155247380121409e+03  2.000157769182243101e+03  1.000217874351300816e+04
137 2741 4.073984e-01 2.349797e+01  1.994253691455547141e+03  1.997168306591744113e+03  1.000202613453868435e+04  1.000214826220328541e+04
138 2761 4.096663e-01 2.351964e+01  1.994253691455547141e+03  1.997196734150077191e+03  1.000205451598844957e+04  1.000217843860077483e+04
139 2781 4.116718e-01 2.351561e+01  1.994253691455547141e+03  1.997279383229812083e+03  1.000204811323610920e+04  1.000213556983078888e+04
140 2801 4.127478e-01 2.352561e+01  1.994253691455547141e+03  1.997180528970008481e+03  1.000209419583103227e+04  1.000217992205542942e+04
141 2821 4.127361e-01 2.352811e+01  1.994253691455547141e+03  1.997133886118777127e+03  1.000206074616013211e+04  1.000228811059565123e+04
142 2841 4.123483e-01 2.354142e+01  1.994253691455547141e+03  1.997146816248649657e+03  1.000207774445162067e+04  1.000351893449687486e+04
143 2861 4.129815e-01 2.354666e+01  1.994253691455547141e+03  1.997216320024954030e+03  1.000204961410153737e+04  1.000236970783767902e+04
144 2881 4.118625e-01 2.357057e+01  1.994253691455547141e+03  1.997099876510297236e+03  1.000208162320682823e+04  1.000220612823423653e+04
145 2901 4.098073e-01 2.357405e+01  1.994253691455547141e+03  1.997196290913208713e+03  1.000202591321827640e+04  1.000216063472698443e+04
146 2921 4.070210e-01 2.357963e+01  1.994253691455547141e+03  1.997124667053607936e+03  1.000202846632510773e+04  1.000215238370660700e+04
147 2941 4.050923e-01 2.357764e+01  1.994253691455547141e+03  1.997134987971690862e+03  1.000202879312372170e+04  1.000229356041428946e+04
148 2961 3.999821e-01 2.358083e+01  1.994253691455547141e+03  1.996904586628012794e+03  1.000204021781310075e+04  1.000232424481708949e+04
149 2981 3.959416e-01 2.358868e+01  1.994253691455547141e+03  1.997121124524827110e+03  1.000201858336587611e+04  1.000219413226466531e+04
150 3001 3.929423e-01 2.358925e+01  1.994253691455547141e+03  1.997094638539403604e+03  1.000206270037360446e+04  1.000571388270104580e+04
151 3021 3.911257e-01 2.361005e+01  1.994253691455547141e+03  1.997016218466345663e+03  1.000200959451631570e+04  1.000214423108698247e+04
152 3041 3.895986e-01 2.361428e+01  1.994253691455547141e+03  1.997197612193310306e+03  1.000204620313630221e+04  1.000219643214638199e+04
153 3061 3.871044e-01 2.362346e+01  1.994253691455547141e+03  1.996938583413172182e+03  6.001091657383871279e+03  1.000217253051525040e+04
154 3081 3.848113e-01 2.362437e+01  1.994253691455547141e+03  1.997136113842850364e+03  1.000201879669744812e+04  1.000225852346571446e+04
155 3101 3.813689e-01 2.363638e+01  1.994253691455547141e+03  1.997100398296312960e+03  6.001086256324140777e+03  1.000210457639972083e+04
156 3121 3.760430e-01 2.363829e+01  1.994253691455547141e+03  1.997067587575400012e+03  1.000202027640641609e+04  1.000221891011200205e+04
157 3141 3.715688e-01 2.365595e+01  1.994253691455547141e+03  1.996697234627962871e+03  1.000201395039775343e+04  1.000232560103987817e+04
158 3161 3.675806e-01 2.366762e+01  1.994253691455547141e+03  1.997118378719258999e+03  6.001085444292289139e+03  1.000243986385942117e+04
159 3181 3.629217e-01 2.366951e+01  1.994253691455547141e+03  1.997120058870515550e+03  1.000202451647093403e+04  1.000218703689805807e+04
160 3201 3.597896e-01 2.368173e+01  1.994253691455547141e+03  1.997098323367617695e+03  1.000202592813779120e+04  1.000209583429513077e+04
161 3221 3.569043e-01 2.369171e+01  1.994253691455547141e+03  1.996949694588544844e+03  1.000205244163096177e+04  1.000240086692901059e+04
162 3241 3.548838e-01 2.369710e+01  1.994253691455547141e+03  1.997099904343866683e+03  1.000201470287760640e+04  1.000221119973650275e+04
163 3261 3.523920e-01 2.370252e+01  1.994253691455547141e+03  1.997087236727998516e+03  1.000202516909868064e+04  1.000209722363078981e+04
164 3281 3.496323e-01 2.371841e+01  1.994253691455547141e+03  1.997057859847228201e+03  1.000200506702204802e+04  1.000211503984104274e+04
165 3301 3.452736e-01 2.373096e+01  1.994253691455547141e+03  1.996724974900626194e+03  1.000202068736015644e+04  1.000212208753855339e+04
166 3321 3.421748e-01 2.373009e+01  1.994253691455547141e+03  1.997164846982941981e+03  6.001083590814280797e+03  1.000251041234938202e+04
167 3341 3.395971e-01 2.373834e+01  1.994253691455547141e+03  1.997093464980264571e+03  1.000202292454541021e+04  1.000214640361967031e+04
168 3361 3.387539e-01 2.373341e+01  1.994253691455547141e+03  1.996836637105305954e+03  1.998719914746785662e+03  1.000210627787544945e+04
169 3381 3.389285e-01 2.373340e+01  1.994253691455547141e+03  1.997014622889524162e+03  1.000200333844852321e+04  1.000215575595820701e+04
170 3401 3.399978e-01 2.374746e+01  1.994253691455547141e+03  1.996856460796777583e+03  1.000200912143101050e+04  1.000207198233756026e+04
171 3421 3.422197e-01 2.374934e+01  1.994253691455547141e+03  1.997062131911167626e+03  1.000201684758023657e+04  1.000218375556404135e+04
172 3441 3.433276e-01 2.374668e+01  1.994253691455547141e+03  1.997079367619463937e+03  1.000201079270282571e+04  1.000213113855630581e+04
173 3461 3.445693e-01 2.374218e+01  1.994253691455547141e+03  1.997098565260061378e+03  1.000200722503741781e+04  1.000211661024846217e+04
174 3481 3.454702e-01 2.373939e+01  1.994253691455547141e+03  1.997138572264163258e+03  1.000200742614611954e+04  1.000211727179101945e+04
175 3501 3.463450e-01 2.374809e+01  1.994253691455547141e+03  1.996866569593056738e+03  6.001085927236727002e+03  1.000214973551058392e+04
176 3521 3.487483e-01 2.375700e+01  1.994253691455547141e+03  1.997139508300261923e+03  1.000201428481719631e+04  1.000215791035961593e+04
177 3541 3.525330e-01 2.376741e+01  1.994253691455547141e+03  1.997047833562397045e+03  1.000201875001943154e+04  1.000229694026045763e+04
178 3561 3.552832e-01 2.376241e+01  1.994253691455547141e+03  1.997099280308478910e+03  1.000201286530556899e+04  1.000218256782680874e+04
179 3581 3.581133e-01 2.376096e+01  1.994253691455547141e+03  1.996884723510856702e+03  1.000202043253356896e+04  1.000212299328697191e+04
180 3601 3.596667e-01 2.377492e+01  1.994253691455547141e+03  1.996750860449301399e+03  1.000202382067491817e+04  1.000240438157697099e+04
181 3621 3.612981e-01 2.378401e+01  1.994253691455547141e+03  1.997121018010595208e+03  1.000203520288513027e+04  1.000223811078605104e+04
182 3641 3.626276e-01 2.379819e+01  1.994253691455547141e+03  1.997147041976423907e+03  1.000202171952592471e+04  1.000223894109444518e+04
183 3661 3.631579e-01 2.380152e+01  1.994253691455547141e+03  1.996996793243048387e+03  1.000203559848525401e+04  1.000251104542143548e+04
184 3681 3.646712e-01 2.381013e+01  1.994253691455547141e+03  1.997093924632178869e+03  1.000202757852077048e+04  1.000212199414585120e+04
185 3701 3.661742e-01 2.381289e+01  1.994253691455547141e+03  1.997120982937927465e+03  1.000201857990949793e+04  1.000213999947819320e+04
186 3721 3.681776e-01 2.381795e+01  1.994253691455547141e+03  1.997156535787326220e+03  1.000203052949840639e+04  1.000210341716449875e+04
187 3741 3.706286e-01 2.381840e+01  1.994253691455547141e+03  1.997189022488943465e+03  1.000203758849360202e+04  1.000215629089606045e+04
188 3761 3.728299e-01 2.383768e+01  1.994253691455547141e+03  1.997036811839991515e+03  1.000204580117147634e+04  1.000221122099354761e+04
189 3781 3.729450e-01 2.384837e+01  1.994253691455547141e+03  1.997145252411350384e+03  1.000201404291135259e+04  1.000210655246247734e+04
190 3801 3.719745e-01 2.385321e+01  1.994253691455547141e+03  1.997210749660077909e+03  1.000203282977850540e+04  1.000209559600764624e+04
191 3821 3.703722e-01 2.385840e+01  1.994253691455547141e+03  1.997196048877028261e+03  1.000202102380459291e+04  1.000325358274787686e+04
192 3841 3.682688e-01 2.386129e+01  1.994253691455547141e+03  1.997007099530217829e+03  2.000168593312143685e+03  1.000558993133409786e+04
193 3861 3.663733e-01 2.388927e+01  1.994253691455547141e+03  1.997208658203076311e+03  1.000201677467135596e+04  1.000210164790796807e+04
194 3881 3.649402e-01 2.389536e+01  1.994253691455547141e+03  1.997191339944073661e+03  1.000202074395925592e+04  1.000210350451879458e+04
195 3901 3.626041e-01 2.390886e+01  1.994253691455547141e+03  1.997155859880274875e+03  1.000202820659048302e+04  1.000209354089519729e+04
196 3921 3.606956e-01 2.393218e+01  1.994253691455547141e+03  1.996980578377033680e+03  1.000203173400587912e+04  1.000215791069991792e+04
197 3941 3.579564e-01 2.395446e+01  1.994253691455547141e+03  1.997139923123613244e+03  1.000201483773021391e+04  1.000226668450713623e+04
198 3961 3.536607e-01 2.395997e+01  1.994253691455547141e+03  1.997030034264859978e+03  1.000201634460733476e+04  1.000219250320970423e+04
199 3981 3.497613e-01 2.396788e+01  1.994253691455547141e+03  1.997148023963563219e+03  1.000203504085597888e+04  1.000212152221440192e+04
200 4001 3.468478e-01 2.398435e+01  1.994253691455547141e+03  1.997189827434313656e+03  1.000200885479865974e+04  1.000209212621129882e+04
201 4021 3.439720e-01 2.399696e+01  1.994253691455547141e+03  1.997103865224467881e+03  1.000200613352932851e+04  1.000569144480269824e+04
202 4041 3.432056e-01 2.401081e+01  1.994253691455547141e+03  1.997116384769352180e+03  1.000202966868388103e+04  1.000209776274182514e+04
203 4061 3.434537e-01 2.402601e+01  1.994253691455547141e+03  1.997092889639222449e+03  1.000203392245805662e+04  1.000220170167481047e+04
204 4081 3.442422e-01 2.404139e+01  1.994253691455547141e+03  1.997115435829890430e+03  1.000202761045442821e+04  1.000212316493878643e+04
205 4101 3.448668e-01 2.405197e+01  1.994253691455547141e+03  1.997006748692666179e+03  1.000200435864842439e+04  1.000211287799076854e+04
206 4121 3.449456e-01 2.405511e+01  1.994253691455547141e+03  1.996748227491143780e+03  1.000201605087564167e+04  1.000206046676528968e+04
207 4141 3.460928e-01 2.406398e+01  1.994253691455547141e+03  1.997148181351224594e+03  1.000202429660615599e+04  1.000214630832798684e+04
208 4161 3.474161e-01 2.406813e+01  1.994253691455547141e+03  1.997127787497361169e+03  1.000201805826879172e+04  1.000215722386367634e+04
209 4181 3.478590e-01 2.408750e+01  1.994253691455547141e+03  1.997109130752276315e+03  1.000200545769256496e+04  1.000210042540060567e+04
210 4201 3.491387e-01 2.408536e+01  1.994253691455547141e+03  1.997129024774582149e+03  1.997281717755859063e+03  1.000561370637178334e+04
211 4221 3.501787e-01 2.409308e+01  1.994253691455547141e+03  1.996739759590889889e+03  1.000200449804121126e+04  1.000208680102046310e+04
212 4241 3.498394e-01 2.409860e+01  1.994253691455547141e+03  1.997090537845514291e+03  1.000201776851466639e+04  1.000212792225669546e+04
213 4261 3.476312e-01 2.409957e+01  1.994253691455547141e+03  1.996946569769941107e+03  1.000201181047085447e+04  1.000218669802969453e+04
214 4281 3.468295e-01 2.410702e+01  1.994253691455547141e+03  1.996905367451989150e+03  1.000200451335201797e+04  1.000210301541985609e+04
215 4301 3.477285e-01 2.411747e+01  1.994253691455547141e+03  1.997099037005643368e+03  1.000201625085333762e+04  1.000217022852648370e+04
216 4321 3.478424e-01 2.411991e+01  1.994253691455547141e+03  1.997069003970214226e+03  1.000202098995112101e+04  1.000216141345278811e+04
217 4341 3.493098e-01 2.412901e+01  1.994253691455547141e+03  1.997128490028317401e+03  1.000203542947756796e+04  1.000214692159943479e+04
218 4361 3.507959e-01 2.413287e+01  1.994253691455547141e+03  1.997054638429683109e+03  1.000201010584147662e+04  1.000219158982489898e+04
219 4381 3.515856e-01 2.413609e+01  1.994253691455547141e+03  1.997132484007481253e+03  1.000202768796379860e+04  1.000212633654035744e+04
220 4401 3.518280e-01 2.415696e+01  1.994253691455547141e+03  1.997025046171484973e+03  1.000201602539911255e+04  1.000209428338514954e+04
221 4421 3.538155e-01 2.415779e+01  1.994253691455547141e+03  1.996953243253134360e+03  2.000163412196510990e+03  1.000214341113089358e+04
222 4441 3.546515e-01 2.417032e+01  1.994253691455547141e+03  1.996746122708616667e+03  1.000200458357550815e+04  1.000208208985463898e+04
223 4461 3.557191e-01 2.418100e+01  1.994253691455547141e+03  1.997196596585800307e+03  1.000201995968508891e+04  1.000211154564779645e+04
224 4481 3.586983e-01 2.419529e+01  1.994253691455547141e+03  1.997148241889135306e+03  1.998725692062020698e+03  1.000209737847717952e+04
225 4501 3.616426e-01 2.419997e+01  1.994253691455547141e+03  1.997136309945740777e+03  1.000201500358856720e+04  1.000215991893561841e+04
226 4521 3.647629e-01 2.421062e+01  1.994253691455547141e+03  1.997147137258105204e+03  1.000204264880346454e+04  1.000215030266151916e+04
227 4541 3.654871e-01 2.421827e+01  1.994253691455547141e+03  1.997190219860219486e+03  1.000203600696858848e+04  1.000212651676134737e+04
228 4561 3.641104e-01 2.422392e+01  1.994253691455547141e+03  1.997141714784446549e+03  1.000200081785825205e+04  1.000213385321148780e+04
229 4581 3.631848e-01 2.424009e+01  1.994253691455547141e+03  1.997171126611834097e+03  1.000202737573326522e+04  1.000216499208982350e+04
230 4601 3.600598e-01 2.424334e+01  1.994253691455547141e+03  1.997224139133636754e+03  1.000204728807994252e+04  1.000212483351081028e+04
231 4621 3.542984e-01 2.424982e+01  1.994253691455547141e+03  1.996968508312083713e+03  1.000202851384448149e+04  1.000220894684354789e+04
232 4641 3.492672e-01 2.425656e+01  1.994253691455547141e+03  1.997077382484801092e+03  1.000201375478092632e+04  1.000211167775371905e+04
233 4661 3.447506e-01 2.426296e+01  1.994253691455547141e+03  1.997120112219246721e+03  1.000204310184105634e+04  1.000210509034186725e+04
234 4681 3.403134e-01 2.428112e+01  1.994253691455547141e+03  1.997125251299729143e+03  1.000204536066042783e+04  1.000214874714240977e+04
235 4701 3.360402e-01 2.428395e+01  1.994253691455547141e+03  1.997015323722476523e+03  6.001088567409660754e+03  1.000212675299307739e+04
236 4721 3.314923e-01 2.428416e+01  1.994253691455547141e+03  1.997104028168556624e+03  1.000201219117666005e+04  1.000211865617539115e+04
237 4741 3.282093e-01 2.428753e+01  1.994253691455547141e+03  1.997115480674699029e+03  1.000200682534494990e+04  1.000213997015865789e+04
238 4761 3.265769e-01 2.428224e+01  1.994253691455547141e+03  1.997169269244348243e+03  1.000203322920353821e+04  1.000218864507375656e+04
239 4781 3.236681e-01 2.430118e+01  1.994253691455547141e+03  1.996939600595354250e+03  1.000201475175347878e+04  1.000215244615022675e+04
240 4801 3.196613e-01 2.430156e+01  1.994253691455547141e+03  1.997099713296639493e+03  1.000200715498438876e+04  1.000217353359762819e+04
241 4821 3.150138e-01 2.430500e+01  1.994253691455547141e+03  1.997101655931250434e+03  1.998724579303905102e+03  1.000231853013734872e+04
242 4841 3.098031e-01 2.430702e+01  1.994253691455547141e+03  1.997119660156429063e+03  1.000201530846233436e+04  1.000209419516490561e+04
243 4861 3.065539e-01 2.430107e+01  1.994253691455547141e+03  1.996916776274674703e+03  1.000201116342198657e+04  1.000210967166218870e+04
244 4881 3.028395e-01 2.431973e+01  1.994253691455547141e+03  1.997093884610875193e+03  1.000202363222134227e+04  1.000207082081853878e+04
245 4901 2.990056e-01 2.432437e+01  1.994253691455547141e+03  1.996920408591927981e+03  1.000202478555676498e+04  1.000217554473095151e+04
246 4921 2.963743e-01 2.432795e+01  1.994253691455547141e+03  1.997102023299764596e+03  6.001084059188231549e+03  1.000208044072370467e+04
247 4941 2.956948e-01 2.432696e+01  1.994253691455547141e+03  1.997086828921635288e+03  1.000200354182393312e+04  1.000208566822951616e+04
248 4961 2.956352e-01 2.434670e+01  1.994253691455547141e+03  1.996707952391607478e+03  1.000200864515325156e+04  1.000568246420267860e+04
249 4981 2.942302e-01 2.435516e+01  1.994253691455547141e+03  1.997099338703951616e+03  1.000201343563066985e+04  1.000208780657493298e+04
250 5001 2.935874e-01 2.438802e+01  1.994253691455547141e+03  1.997150738564944277e+03  1.000201134163809911e+04  1.000205947105070118e+04
251 5021 2.925206e-01 2.439508e+01  1.994253691455547141e+03  1.996725642516670405e+03  2.000160758495699611e+03  1.000219724691122610e+04
252 5041 2.910567e-01 2.439775e+01  1.994253691455547141e+03  1.996910081647594097e+03  1.998707936712303763e+03  1.000570422930684072e+04
253 5061 2.882877e-01 2.440264e+01  1.994253691455547141e+03  1.997044524660845809e+03  2.000169564123174951e+03  1.000208196712426798e+04
254 5081 2.872906e-01 2.440654e+01  1.994253691455547141e+03  1.997037574042515871e+03  1.000200773566102544e+04  1.000207704937344897e+04
255 5101 2.872811e-01 2.441592e+01  1.994253691455547141e+03  1.997115472406166646e+03  2.000148557811860428e+03  1.000209130511980402e+04
256 5121 2.872818e-01 2.442783e+01  1.994253691455547141e+03  1.996920245848962622e+03  2.000162396061344680e+03  1.000206031203374368e+04
257 5141 2.875268e-01 2.444441e+01  1.994253691455547141e+03  1.996929559403665507e+03  6.001083380642826342e+03  1.000204844970506747e+04
258 5161 2.881061e-01 2.444572e+01  1.994253691455547141e+03  1.996949972182495003e+03  1.000201504221546929e+04  1.000219916195246515e+04
259 5181 2.872220e-01 2.445360e+01  1.994253691455547141e+03  2.000134606013160237e+03  1.000201726637213505e+04  1.000210877842941227e+04
260 5201 2.864978e-01 2.445679e+01  1.994253691455547141e+03  1.996927477869230415e+03  6.001084354996195543e+03  1.000208216962450024e+04
261 5221 2.857078e-01 2.445805e+01  1.994253691455547141e+03  1.997135258711959523e+03  2.000169178692553032e+03  1.000205773662481806e+04
262 5241 2.852442e-01 2.447278e+01  1.994253691455547141e+03  1.997053622490440830e+03  1.997259022526438230e+03  1.000205769210647122e+04
263 5261 2.845567e-01 2.447045e+01  1.994253691455547141e+03  1.996714384922179534e+03  5.999589539722639529e+03  1.000207274700022208e+04
264 5281 2.837259e-01 2.447644e+01  1.994253691455547141e+03  1.997071599774850711e+03  1.000200769955226133e+04  1.000208564609145833e+04
265 5301 2.829248e-01 2.448534e+01  1.994253691455547141e+03  1.997061008587047809e+03  1.000200785937722867e+04  1.000208507056644885e+04
266 5321 2.819778e-01 2.448814e+01  1.994253691455547141e+03  1.996945527891657775e+03  1.000200315041758768e+04  1.000211127196505913e+04
267 5341 2.813239e-01 2.449894e+01  1.994253691455547141e+03  1.996933254632592707e+03  1.000200750739958858e+04  1.000206889483277700e+04
268 5361 2.799465e-01 2.452391e+01  1.994253691455547141e+03  1.997078066566554526e+03  1.000200580228648687e+04  1.000207707285841025e+04
269 5381 2.795261e-01 2.452560e+01  1.994253691455547141e+03  1.996959286721271837e+03  1.997228814992994103e+03  1.000206282801757516e+04
270 5401 2.787988e-01 2.453148e+01  1.994253691455547141e+03  1.996941099691804084e+03  1.000201835059760924e+04  1.000206617942695266e+04
271 5421 2.773507e-01 2.453369e+01  1.994253691455547141e+03  1.996935068956742953e+03  1.000201198055299392e+04  1.000207358318872866e+04
272 5441 2.750193e-01 2.453656e+01  1.994253691455547141e+03  1.997045785473886781e+03  1.000200621849123490e+04  1.000208828253057072e+04
273 5461 2.722955e-01 2.454225e+01  1.994253691455547141e+03  1.997055803417879360e+03  6.001085436302477319e+03  1.000204156534835056e+04
274 5481 2.710393e-01 2.454174e+01  1.994253691455547141e+03  1.997021085510482862e+03  1.997153105613849220e+03  1.000204639153578319e+04
275 5501 2.694465e-01 2.455334e+01  1.994253691455547141e+03  1.997028454290899390e+03  1.000200411409874141e+04  1.000208173302089381e+04
276 5521 2.675778e-01 2.455978e+01  1.994253691455547141e+03  1.997009426369666471e+03  2.000159419558655827e+03  1.000207253854916598e+04
277 5541 2.656964e-01 2.457050e+01  1.994253691455547141e+03  1.996953266619810165e+03  2.000150058912639906e+03  1.000208268535457864e+04
278 5561 2.645251e-01 2.458500e+01  1.994253691455547141e+03  1.996931027080751846e+03  1.998651235338192691e+03  1.000204636140247567e+04
279 5581 2.630223e-01 2.459606e+01  1.994253691455547141e+03  1.996742450818686848e+03  6.001071161788451718e+03  1.000207443807398158e+04
280 5601 2.609219e-01 2.460539e+01  1.994253691455547141e+03  1.996885716256702153e+03  1.997123788645366858e+03  1.000201724103003289e+04
281 5621 2.585158e-01 2.461737e+01  1.994253691455547141e+03  1.996913893925943285e+03  2.000167265767771823e+03  1.000206685051416025e+04
282 5641 2.563635e-01 2.461903e+01  1.994253691455547141e+03  1.996914549942589474e+03  1.997127862922781333e+03  1.000208910239098623e+04
283 5661 2.557271e-01 2.462248e+01  1.994253691455547141e+03  1.996939350462314906e+03  2.000162046677969101e+03  1.000223349794573551e+04
284 5681 2.565687e-01 2.463603e+01  1.994253691455547141e+03  1.996916448375854316e+03  2.000161455192323729e+03  1.000206588814438328e+04
285 5701 2.565344e-01 2.464077e+01  1.994253691455547141e+03  1.996930514292285125e+03  2.000167636243074867e+03  1.000208006341594410e+04
286 5721 2.559470e-01 2.465945e+01  1.994253691455547141e+03  1.996935134196044828e+03  1.000200100946165549e+04  1.000205459600134236e+04
287 5741 2.561205e-01 2.465421e+01  1.994253691455547141e+03  1.996913424359928058e+03  2.000135425200951431e+03  1.000210433279699100e+04
288 5761 2.549259e-01 2.466255e+01  1.994253691455547141e+03  1.996941848774698201e+03  2.000145845227905056e+03  1.000202213428122013e+04
289 5781 2.526002e-01 2.466249e+01  1.994253691455547141e+03  1.996926494195743317e+03  2.000157139655520950e+03  1.000484951469324733e+04
290 5801 2.497120e-01 2.465668e+01  1.994253691455547141e+03  1.996940310170299654e+03  2.000166528898491833e+03  1.000207818891859279e+04
291 5821 2.461337e-01 2.467006e+01  1.994253691455547141e+03  1.997007714996512505e+03  1.997199397710675839e+03  1.000206191902240425e+04
292 5841 2.436329e-01 2.468097e+01  1.994253691455547141e+03  1.996922397756614600e+03  2.000158764004296245e+03  1.000229688340452230e+04
293 5861 2.409168e-01 2.467863e+01  1.994253691455547141e+03  1.996928935961511570e+03  1.000201663912984804e+04  1.000207380383317832e+04
294 5881 2.385798e-01 2.468029e+01  1.994253691455547141e+03  1.996913208213461758e+03  1.000200980099917069e+04  1.000209378102164374e+04
295 5901 2.364487e-01 2.468070e+01  1.994253691455547141e+03  1.996913169208523186e+03  2.000163916579409033e+03  1.000206498483293035e+04
296 5921 2.342722e-01 2.468303e+01  1.994253691455547141e+03  1.996956282880002618e+03  1.000201727841649517e+04  1.000211292893767859e+04
297 5941 2.319892e-01 2.469858e+01  1.994253691455547141e+03  1.996922647184131392e+03  1.997148232288793224e+03  1.000203158731658914e+04
298 5961 2.297767e-01 2.470736e+01  1.994253691455547141e+03  1.996923626138591771e+03  6.001085625759439608e+03  1.000203829540531115e+04
299 5981 2.274785e-01 2.471515e+01  1.994253691455547141e+03  1.997005295119324956e+03  2.000137143520769769e+03  1.000208635061644054e+04
300 6001 2.254297e-01 2.471615e+01  1.994253691455547141e+03  1.996914227832862707e+03  2.000167639936244314e+03  1.000210650567189077e+04
301 6021 2.242941e-01 2.472776e+01  1.994253691455547141e+03  1.996966174922723894e+03  1.998651368954919235e+03  1.000204135087571558e+04
302 6041 2.232435e-01 2.473658e+01  1.994253691455547141e+03  1.996912398315836299e+03  2.000157050904875177e+03  1.000206661743950281e+04
303 6061 2.232529e-01 2.474596e+01  1.994253691455547141e+03  1.996907727211798147e+03  1.000201154361997760e+04  1.000205411772267689e+04
304 6081 2.234550e-01 2.476147e+01  1.994253691455547141e+03  1.996914816442195388e+03  2.000163995451015126e+03  1.000204734176845159e+04
305 6101 2.243171e-01 2.476626e+01  1.994253691455547141e+03  1.996924447135595756e+03  2.000164053754802580e+03  1.000208607711909826e+04
306 6121 2.244066e-01 2.476740e+01  1.994253691455547141e+03  1.996924454153147735e+03  2.000135016844125403e+03  1.000208200473316356e+04
307 6141 2.239868e-01 2.477048e+01  1.994253691455547141e+03  1.996916274761349541e+03  1.998622924867253914e+03  1.000202705490546759e+04
308 6161 2.236114e-01 2.478295e+01  1.994253691455547141e+03  1.996912193187870571e+03  2.000151146663996769e+03  1.000205508226612801e+04
309 6181 2.234835e-01 2.477971e+01  1.994253691455547141e+03  1.996931684181706032e+03  1.000200806829047724e+04  1.000212118959400323e+04
310 6201 2.229280e-01 2.478005e+01  1.994253691455547141e+03  1.996912678056640743e+03  1.998610372410170612e+03  1.000205751798701203e+04
311 6221 2.226364e-01 2.480609e+01  1.994253691455547141e+03  1.996934029056667214e+03  1.000200610025698552e+04  1.000204058044475642e+04
312 6241 2.228370e-01 2.481049e+01  1.994253691455547141e+03  1.996921005460329752e+03  1.000200633585865580e+04  1.000205778079060110e+04
313 6261 2.222891e-01 2.480451e+01  1.994253691455547141e+03  1.996922187094758783e+03  2.000142516988930765e+03  1.000208863677924455e+04
314 6281 2.229097e-01 2.480625e+01  1.994253691455547141e+03  1.996902450404502588e+03  2.000163648770630516e+03  1.000206443934770687e+04
315 6301 2.232261e-01 2.482650e+01  1.994253691455547141e+03  1.996913342103799550e+03  1.998643763184132013e+03  1.000204785558649564e+04
316 6321 2.239854e-01 2.484154e+01  1.994253691455547141e+03  1.996913189936107301e+03  2.000167088359880609e+03  1.000202628932109837e+04
317 6341 2.250509e-01 2.484768e+01  1.994253691455547141e+03  1.996919448723708228e+03  6.001087407220364184e+03  1.000205836559831005e+04
318 6361 2.263176e-01 2.485228e+01  1.994253691455547141e+03  1.996919827325292317e+03  6.001085742311119247e+03  1.000206815460341386e+04
319 6381 2.264038e-01 2.485468e+01  1.994253691455547141e+03  1.996913119490311601e+03  2.000156221799039258e+03  1.000208020524066342e+04
320 6401 2.263824e-01 2.485747e+01  1.994253691455547141e+03  1.996928975817019591e+03  2.000155491406476813e+03  1.000340793606874468e+04
321 6421 2.255977e-01 2.487206e+01  1.994253691455547141e+03  1.996922518276006031e+03  2.000162338795951200e+03  1.000209023584483293e+04
322 6441 2.244381e-01 2.487373e+01  1.994253691455547141e+03  1.996915741794492078e+03  1.997091495910155118e+03  1.000203556911688793e+04
323 6461 2.230606e-01 2.488731e+01  1.994253691455547141e+03  1.996843931964383728e+03  1.000201228977022220e+04  1.000206637215737828e+04
324 6481 2.219648e-01 2.490372e+01  1.994253691455547141e+03  1.996913521695373447e+03  1.998662572028737259e+03  1.000202861222496358e+04
325 6501 2.224279e-01 2.491262e+01  1.994253691455547141e+03  1.996917921944734417e+03  6.001084354588581846e+03  1.000221615626958373e+04
326 6521 2.229043e-01 2.491175e+01  1.994253691455547141e+03  1.996916528952152703e+03  6.001087138878909172e+03  1.000207265818394990e+04
327 6541 2.236506e-01 2.491879e+01  1.994253691455547141e+03  1.996930235553717466e+03  1.998654941989355848e+03  1.000207105266319195e+04
328 6561 2.239154e-01 2.493487e+01  1.994253691455547141e+03  1.996910224356855679e+03  1.000201136439457878e+04  1.000206484650028506e+04
329 6581 2.248578e-01 2.495986e+01  1.994253691455547141e+03  1.996902908605896528e+03  1.998627471516104833e+03  1.000205925811955058e+04
330 6601 2.253555e-01 2.497313e+01  1.994253691455547141e+03  1.996906972416612689e+03  2.000150171416436478e+03  1.000208348999794907e+04
331 6621 2.252535e-01 2.497908e+01  1.994253691455547141e+03  1.996939189251773769e+03  6.001086574623006527e+03  1.000206184740469689e+04
332 6641 2.257759e-01 2.498609e+01  1.994253691455547141e+03  1.996933693560677739e+03  6.001087153283008774e+03  1.000211749496915763e+04
333 6661 2.256507e-01 2.499757e+01  1.994253691455547141e+03  1.996942893450403062e+03  2.000138904352357486e+03  1.000210715192607313e+04
334 6681 2.254276e-01 2.500153e+01  1.994253691455547141e+03  1.996944083245323100e+03  1.997139927819415334e+03  1.000566832119516403e+04
335 6701 2.249195e-01 2.500177e+01  1.994253691455547141e+03  1.996919307413049182e+03  1.997116857349443762e+03  1.000204083439466740e+04
336 6721 2.240199e-01 2.500835e+01  1.994253691455547141e+03  1.996930843356730975e+03  6.001083234736064696e+03  1.000203502171063337e+04
337 6741 2.237168e-01 2.501238e+01  1.994253691455547141e+03  1.996928017342489284e+03  1.997085423492191694e+03  1.000567109944461845e+04
338 6761 2.223371e-01 2.503423e+01  1.994253691455547141e+03  1.996909538008821983e+03  1.998608142466281379e+03  1.000207748708822146e+04
339 6781 2.209641e-01 2.507633e+01  1.994253691455547141e+03  1.996914578167517902e+03  1.000200860790340812e+04  1.000204753930179504e+04
340 6801 2.195710e-01 2.507856e+01  1.994253691455547141e+03  1.996906508043355188e+03  2.000137714409205273e+03  1.000202321542703430e+04
341 6821 2.184577e-01 2.509398e+01  1.994253691455547141e+03  1.996921541620770086e+03  2.000132587871230498e+03  1.000203174592176765e+04
342 6841 2.166686e-01 2.510443e+01  1.994253691455547141e+03  1.996694358992157731e+03  2.000124938316371981e+03  1.000202690809991691e+04
343 6861 2.156941e-01 2.509870e+01  1.994253691455547141e+03  1.996908253518617812e+03  1.997036472928584544e+03  1.000202772155982530e+04
344 6881 2.141724e-01 2.510530e+01  1.994253691455547141e+03  1.996895399566121796e+03  1.997065604790326461e+03  1.000204323108032077e+04
345 6901 2.126182e-01 2.511131e+01  1.994253691455547141e+03  1.996850982578297135e+03  1.000200947316762540e+04  1.000205188117039324e+04
346 6921 2.110119e-01 2.512946e+01  1.994253691455547141e+03  1.996903583635259793e+03  1.996931668815023386e+03  1.000203984380858674e+04
347 6941 2.101082e-01 2.513693e+01  1.994253691455547141e+03  1.996909268727261633e+03  1.997125844084199343e+03  1.000202865204746377e+04
348 6961 2.095111e-01 2.514199e+01  1.994253691455547141e+03  1.996910756697802526e+03  1.996936334212634620e+03  1.000207769241248025e+04
349 6981 2.085872e-01 2.515857e+01  1.994253691455547141e+03  1.996916064556396805e+03  2.000136150392667560e+03  1.000562957583475145e+04
350 7001 2.078653e-01 2.516934e+01  1.994253691455547141e+03  1.996915107183114515e+03  2.000143388221941223e+03  1.000205825608345731e+04
351 7021 2.075421e-01 2.517100e+01  1.994253691455547141e+03  1.996728904459840805e+03  1.997131572974259370e+03  1.000209832785895196e+04
352 7041 2.082544e-01 2.518686e+01  1.994253691455547141e+03  1.996911801757402600e+03  2.000163650925909678e+03  1.000205061401193416e+04
353 7061 2.085296e-01 2.519103e+01  1.994253691455547141e+03  1.996920695107117581e+03  2.000141368780187349e+03  1.000205746718860428e+04
354 7081 2.095786e-01 2.519557e+01  1.994253691455547141e+03  1.996925151824215391e+03  1.998627588294394172e+03  1.000205695148421182e+04
355 7101 2.106116e-01 2.521237e+01  1.994253691455547141e+03  1.996910729951245230e+03  1.997073680626687064e+03  1.000206820484420314e+04
356 7121 2.107266e-01 2.523188e+01  1.994253691455547141e+03  1.996863542852708406e+03  1.997131051701808929e+03  1.000202013108781830e+04
357 7141 2.109333e-01 2.524464e+01  1.994253691455547141e+03  1.996912076471435512e+03  1.997061139778730876e+03  1.000206018354646767e+04
358 7161 2.106424e-01 2.526152e+01  1.994253691455547141e+03  1.996913117131067565e+03  1.997029443572383343e+03  1.000201963627101759e+04
359 7181 2.105314e-01 2.526925e+01  1.994253691455547141e+03  1.996913487557878398e+03  1.997113447045361227e+03  1.000205239042762696e+04
360 7201 2.112330e-01 2.528543e+01  1.994253691455547141e+03  1.996908647464999149e+03  1.996944736521539653e+03  1.000204642299456282e+04
361 7221 2.127170e-01 2.528690e+01  1.994253691455547141e+03  1.996857504201876054e+03  1.998620248830440005e+03  1.000202114768283354e+04
362 7241 2.135755e-01 2.527941e+01  1.994253691455547141e+03  1.996909205705797376e+03  2.000154871957548721e+03  1.000210552455812103e+04
363 7261 2.149724e-01 2.528830e+01  1.994253691455547141e+03  1.996935049180571923e+03  2.000130272075909943e+03  1.000205919334051578e+04
364 7281 2.160748e-01 2.529773e+01  1.994253691455547141e+03  1.996920538887961129e+03  1.998610731334269531e+03  1.000205633792638400e+04
365 7301 2.166736e-01 2.530371e+01  1.994253691455547141e+03  1.996677724386032423e+03  1.997005671142484971e+03  1.000206887239053503e+04
366 7321 2.180350e-01 2.530584e+01  1.994253691455547141e+03  1.996913059828624682e+03  1.998636964262171205e+03  1.000207739169435445e+04
367 7341 2.189484e-01 2.531832e+01  1.994253691455547141e+03  1.996917107894763603e+03  1.998649298829785039e+03  1.000202643746170361e+04
368 7361 2.198789e-01 2.533343e+01  1.994253691455547141e+03  1.996918589430717930e+03  1.997089466009720581e+03  1.000205081196667561e+04
369 7381 2.203945e-01 2.533544e+01  1.994253691455547141e+03  1.996911515956820267e+03  2.000161117378949029e+03  1.000204475337104486e+04
370 7401 2.199156e-01 2.535567e+01  1.994253691455547141e+03  1.996909459489250821e+03  2.000168040782822573e+03  1.000205556375012020e+04
371 7421 2.190237e-01 2.535768e+01  1.994253691455547141e+03  1.996907127794793041e+03  1.997131281369286171e+03  1.000208103564596240e+04
372 7441 2.174123e-01 2.537044e+01  1.994253691455547141e+03  1.996914156447388223e+03  1.997073228159695645e+03  1.000200466091240196e+04
373 7461 2.157979e-01 2.538853e+01  1.994253691455547141e+03  1.996904070087463197e+03  1.998623452672199619e+03  1.000200752372990792e+04
374 7481 2.143446e-01 2.540806e+01  1.994253691455547141e+03  1.996672839298660847e+03  1.998623742292332054e+03  1.000205146666854671e+04
375 7501 2.136961e-01 2.542332e+01  1.994253691455547141e+03  1.996923252277332722e+03  2.000168822177779475e+03  1.000207383700385435e+04
376 7521 2.139317e-01 2.544043e+01  1.994253691455547141e+03  1.996854051192907718e+03  1.997061134702439176e+03  1.000205235817316316e+04
377 7541 2.153172e-01 2.544123e+01  1.994253691455547141e+03  1.996914438669486344e+03  2.000165759303376944e+03  1.000203427448179536e+04
378 7561 2.162088e-01 2.544157e+01  1.994253691455547141e+03  1.996896778718373071e+03  1.998621875037826157e+03  1.000203342111859638e+04
379 7581 2.169802e-01 2.544784e+01  1.994253691455547141e+03  1.996922881000165489e+03  2.000163224733653351e+03  1.000204961860875665e+04
380 7601 2.186166e-01 2.545287e+01  1.994253691455547141e+03  1.996919819173950827e+03  1.998613662215445856e+03  1.000223425101622888e+04
381 7621 2.200951e-01 2.546563e+01  1.994253691455547141e+03  1.996922178171977521e+03  2.000165752967761364e+03  1.000565883685202607e+04
382 7641 2.207803e-01 2.547030e+01  1.994253691455547141e+03  1.996710173413071971e+03  2.000163018322210064e+03  1.000560663297707652e+04
383 7661 2.219846e-01 2.546952e+01  1.994253691455547141e+03  1.996940309429676972e+03  2.000154229762718614e+03  1.000561298585950317e+04
384 7681 2.236801e-01 2.548152e+01  1.994253691455547141e+03  1.996926002198206334e+03  2.000146641980052209e+03  1.000207560620985532e+04
385 7701 2.255776e-01 2.548186e+01  1.994253691455547141e+03  1.996911008990971368e+03  2.000160883089747585e+03  1.000204812665069585e+04
386 7721 2.279932e-01 2.548150e+01  1.994253691455547141e+03  1.996922983267422978e+03  6.001083380377612229e+03  1.000204383865070668e+04
387 7741 2.293750e-01 2.548628e+01  1.994253691455547141e+03  1.996905004239082700e+03  1.998634778047446162e+03  1.000210540709836459e+04
388 7761 2.305625e-01 2.549105e+01  1.994253691455547141e+03  1.996930272086893638e+03  1.997121127085209082e+03  1.000208471984763310e+04
389 7781 2.305356e-01 2.549097e+01  1.994253691455547141e+03  1.996924526997348494e+03  2.000165726125308538e+03  1.000210112631492484e+04
390 7801 2.317842e-01 2.550155e+01  1.994253691455547141e+03  1.996913126943510633e+03  2.000151933187378290e+03  1.000205509181390698e+04
391 7821 2.329217e-01 2.551143e+01  1.994253691455547141e+03  1.996947528110673375e+03  6.001085851745116088e+03  1.000220689639879129e+04
392 7841 2.332415e-01 2.553785e+01  1.994253691455547141e+03  1.996913703467571622e+03  1.998619083790901186e+03  1.000209065892059880e+04
393 7861 2.353739e-01 2.554775e+01  1.994253691455547141e+03  1.996917863411267717e+03  6.001075435253843352e+03  1.000207180078899728e+04
394 7881 2.367724e-01 2.555915e+01  1.994253691455547141e+03  1.996939995771011581e+03  2.000168687197384997e+03  1.000209822901859116e+04
395 7901 2.373457e-01 2.555710e+01  1.994253691455547141e+03  1.996920734758742356e+03  1.000200296451653412e+04  1.000207934250531616e+04
396 7921 2.370634e-01 2.556038e+01  1.994253691455547141e+03  1.996956506380196743e+03  2.000167673553137547e+03  1.000202023764279693e+04
397 7941 2.374028e-01 2.555561e+01  1.994253691455547141e+03  1.996976625565759832e+03  1.998649134309534929e+03  1.000202464370609414e+04
398 7961 2.369408e-01 2.557098e+01  1.994253691455547141e+03  1.996901517381814983e+03  1.997119403344730017e+03  1.000202093709576548e+04
399 7981 2.372310e-01 2.557866e+01  1.994253691455547141e+03  1.996920126912184969e+03  1.998645851034354109e+03  1.000205327837500954e+04
400 8001 2.365535e-01 2.558995e+01  1.994253691455547141e+03  1.996928726528326251e+03  2.000163991837257981e+03  1.000207134165322350e+04
401 8021 2.364826e-01 2.561492e+01  1.994253691455547141e+03  1.996914477788789554e+03  2.000129008061374861e+03  1.000205053164441233e+04
402 8041 2.360008e-01 2.563045e+01  1.994253691455547141e+03  1.996917779905811585e+03  2.000159222793456365e+03  1.000207866814223598e+04
403 8061 2.356698e-01 2.563966e+01  1.994253691455547141e+03  1.996900978779780871e+03  1.000200313193714464e+04  1.000211756695974327e+04
404 8081 2.361861e-01 2.563905e+01  1.994253691455547141e+03  1.996924727519129192e+03  2.000130263038787461e+03  1.000563387525061626e+04
405 8101 2.363803e-01 2.564967e+01  1.994253691455547141e+03  1.996933188846393932e+03  1.000200388757844303e+04  1.000211997348648401e+04
406 8121 2.373429e-01 2.567053e+01  1.994253691455547141e+03  1.996916508846489705e+03  2.000123368297876823e+03  1.000204740265150576e+04
407 8141 2.380119e-01 2.567864e+01  1.994253691455547141e+03  1.996692245666263716e+03  2.000168164169487682e+03  1.000202910932207851e+04
408 8161 2.386302e-01 2.568635e+01  1.994253691455547141e+03  1.996929440056366957e+03  1.000200463698325620e+04  1.000206028340598095e+04
409 8181 2.376996e-01 2.569597e+01  1.994253691455547141e+03  1.996888331402228232e+03  1.997098284257256864e+03  1.000206753690910591e+04
410 8201 2.372527e-01 2.567888e+01  1.994253691455547141e+03  1.996915367499570266e+03  6.001083735032745608e+03  1.000205077378776150e+04
411 8221 2.374409e-01 2.569491e+01  1.994253691455547141e+03  1.996913206565989412e+03  1.000200185897705160e+04  1.000208532384325554e+04
412 8241 2.375170e-01 2.569281e+01  1.994253691455547141e+03  1.996897868511037586e+03  1.000200156759249512e+04  1.000207115440955567e+04
413 8261 2.379454e-01 2.569416e+01  1.994253691455547141e+03  1.996913900248876644e+03  1.998623376105881107e+03  1.000572657658248863e+04
414 8281 2.377657e-01 2.569613e+01  1.994253691455547141e+03  1.996918632722816483e+03  1.000200867219278007e+04  1.000208642587206486e+04
415 8301 2.361941e-01 2.569834e+01  1.994253691455547141e+03  1.996914147763166056e+03  2.000166501905055156e+03  1.000205427811797927e+04
416 8321 2.355185e-01 2.569792e+01  1.994253691455547141e+03  1.996920189492013606e+03  1.998629654134525254e+03  1.000209169741571168e+04
417 8341 2.348172e-01 2.569437e+01  1.994253691455547141e+03  1.996911368417361700e+03  2.000169291410432152e+03  1.000208387619194400e+04
418 8361 2.341206e-01 2.571589e+01  1.994253691455547141e+03  1.996731716439353477e+03  1.997035623835060960e+03  1.000201455217295370e+04
419 8381 2.339055e-01 2.571748e+01  1.994253691455547141e+03  1.996918730270498145e+03  6.001084753581271798e+03  1.000206565904284071e+04
420 8401 2.344807e-01 2.572881e+01  1.994253691455547141e+03  1.996920748685199896e+03  1.997066540202893293e+03  1.000206288776365727e+04
421 8421 2.345259e-01 2.572733e+01  1.994253691455547141e+03  1.996911694376606874e+03  2.000155352283759839e+03  1.000206624066919539e+04
422 8441 2.343097e-01 2.574075e+01  1.994253691455547141e+03  1.996940624875268668e+03  1.997165245933320875e+03  1.000205406909248450e+04
423 8461 2.331883e-01 2.574308e+01  1.994253691455547141e+03  1.997014991359456872e+03  2.000168954934591966e+03  1.000206437852107774e+04
424 8481 2.316189e-01 2.577528e+01  1.994253691455547141e+03  1.996910417281906803e+03  1.997077021629463161e+03  1.000205350029507463e+04
425 8501 2.299904e-01 2.577497e+01  1.994253691455547141e+03  1.996920529743323414e+03  1.000200161938336896e+04  1.000204382442724091e+04
426 8521 2.285809e-01 2.578704e+01  1.994253691455547141e+03  1.996915583492527048e+03  2.000157444607034449e+03  1.000206248751193198e+04
427 8541 2.275359e-01 2.578846e+01  1.994253691455547141e+03  1.996909801397918045e+03  2.000162132319885131e+03  1.000205349398168073e+04
428 8561 2.277457e-01 2.578939e+01  1.994253691455547141e+03  1.996900406084888118e+03  1.997029851627489961e+03  1.000205448154379155e+04
429 8581 2.282723e-01 2.578528e+01  1.994253691455547141e+03  1.996902672259579049e+03  2.000166529446923732e+03  1.000208713581278425e+04
430 8601 2.284492e-01 2.579648e+01  1.994253691455547141e+03  1.996882787388246243e+03  1.997064278418396498e+03  1.000205872507931963e+04
431 8621 2.285947e-01 2.579766e+01  1.994253691455547141e+03  1.996908777395940206e+03  1.000200939516631479e+04  1.000205541241168248e+04
432 8641 2.284598e-01 2.581360e+01  1.994253691455547141e+03  1.996898632661380816e+03  2.000139842982588561e+03  1.000569457056918327e+04
433 8661 2.285478e-01 2.581139e+01  1.994253691455547141e+03  1.996917046886644357e+03  2.000119633618264743e+03  1.000203619729664933e+04
434 8681 2.290374e-01 2.582517e+01  1.994253691455547141e+03  1.996905082507034649e+03  2.000166633371694388e+03  1.000209629834807674e+04
435 8701 2.301687e-01 2.584096e+01  1.994253691455547141e+03  1.996914901514405983e+03  1.997090766852310253e+03  1.000206593258000248e+04
436 8721 2.305556e-01 2.585257e+01  1.994253691455547141e+03  1.996918642083001714e+03  1.998626820919101419e+03  1.000204898959509046e+04
437 8741 2.303891e-01 2.586060e+01  1.994253691455547141e+03  1.996883093208787159e+03  1.997043118076850988e+03  1.000204150588947959e+04
438 8761 2.301873e-01 2.585191e+01  1.994253691455547141e+03  1.996845713889826584e+03  2.000156004505916599e+03  1.000204097951512631e+04
439 8781 2.297089e-01 2.585900e+01  1.994253691455547141e+03  1.996917789764253939e+03  2.000127534445869514e+03  1.000206371630956528e+04
440 8801 2.298825e-01 2.586537e+01  1.994253691455547141e+03  1.996931653709881857e+03  2.000156106760891362e+03  1.000207151076860646e+04
441 8821 2.295911e-01 2.586972e+01  1.994253691455547141e+03  1.996911406039861276e+03  1.997130037625056275e+03  1.000207624003263663e+04
442 8841 2.285821e-01 2.588075e+01  1.994253691455547141e+03  1.996896533249947197e+03  1.000200214734881956e+04  1.000211861955972745e+04
443 8861 2.269955e-01 2.587962e+01  1.994253691455547141e+03  1.996905238298538961e+03  1.998654912642176441e+03  1.000208616141387938e+04
444 8881 2.252756e-01 2.588905e+01  1.994253691455547141e+03  1.996906101860249919e+03  1.000201061067792762e+04  1.000207100497833017e+04
445 8901 2.253883e-01 2.589893e+01  1.994253691455547141e+03  1.996932435511453150e+03  1.997174208457183340e+03  1.000208613661257368e+04
446 8921 2.246804e-01 2.589987e+01  1.994253691455547141e+03  1.996917525622380026e+03  2.000160086464491997e+03  1.000206503230698581e+04
447 8941 2.230604e-01 2.590523e+01  1.994253691455547141e+03  1.996932584171484223e+03  1.000201367134268730e+04  1.000207014457392506e+04
448 8961 2.229687e-01 2.590694e+01  1.994253691455547141e+03  1.996917127021036322e+03  1.997083232392157925e+03  1.000202364548835067e+04
449 8981 2.235074e-01 2.590794e+01  1.994253691455547141e+03  1.996913574728523372e+03  2.000134274268595391e+03  1.000204785833071037e+04
450 9001 2.237329e-01 2.590981e+01  1.994253691455547141e+03  1.996910237666844296e+03  1.998627316094260095e+03  1.000209011067996107e+04
451 9021 2.234814e-01 2.590874e+01  1.994253691455547141e+03  1.996940812893181374e+03  1.000200510618000772e+04  1.000206783108180389e+04
452 9041 2.228680e-01 2.589675e+01  1.994253691455547141e+03  1.996909795343212181e+03  2.000162176319108312e+03  1.000208333355770083e+04
453 9061 2.220642e-01 2.590928e+01  1.994253691455547141e+03  1.996933755350056117e+03  1.000200941244691057e+04  1.000213134410810926e+04
454 9081 2.206838e-01 2.591163e+01  1.994253691455547141e+03  1.996915120156468902e+03  1.998620383070739990e+03  1.000203953528946477e+04
455 9101 2.192005e-01 2.592311e+01  1.994253691455547141e+03  1.996903688037941947e+03  1.997094277649432115e+03  1.000206651421483912e+04
456 9121 2.182231e-01 2.592966e+01  1.994253691455547141e+03  1.996919574035959386e+03  1.997062109331267038e+03  1.000201673909497913e+04
457 9141 2.171478e-01 2.593065e+01  1.994253691455547141e+03  1.996942853869809596e+03  1.000202120309062229e+04  1.000568924382305704e+04
458 9161 2.155478e-01 2.594104e+01  1.994253691455547141e+03  1.996923219000409972e+03  1.998614365110228846e+03  1.000206901532813026e+04
459 9181 2.142443e-01 2.594396e+01  1.994253691455547141e+03  1.996924155134622879e+03  2.000169507787935345e+03  1.000209145047938182e+04
460 9201 2.130053e-01 2.594857e+01  1.994253691455547141e+03  1.996920960517511958e+03  1.997046982727347086e+03  1.000203629365707457e+04
461 9221 2.108329e-01 2.594850e+01  1.994253691455547141e+03  1.996909267999534904e+03  1.000200555638142396e+04  1.000206462523202390e+04
462 9241 2.088127e-01 2.595214e+01  1.994253691455547141e+03  1.996912294505361160e+03  2.000155623795035808e+03  1.000204959187391796e+04
463 9261 2.067272e-01 2.595579e+01  1.994253691455547141e+03  1.996907253499877470e+03  2.000141905167669393e+03  1.000205602721804098e+04
464 9281 2.049555e-01 2.596062e+01  1.994253691455547141e+03  1.996903517050748405e+03  2.000167542475241817e+03  1.000207119242294175e+04
465 9301 2.030245e-01 2.598977e+01  1.994253691455547141e+03  1.996883634677169084e+03  1.997129808521189034e+03  1.000208244010862654e+04
466 9321 2.014982e-01 2.599975e+01  1.994253691455547141e+03  1.996912472776433333e+03  2.000156888274345420e+03  1.000206053070332564e+04
467 9341 1.991647e-01 2.600518e+01  1.994253691455547141e+03  1.996918995408729870e+03  1.997064889268526031e+03  1.000203729656211181e+04
468 9361 1.973131e-01 2.600183e+01  1.994253691455547141e+03  1.996911617424541646e+03  2.000144843015325023e+03  1.000201709781575119e+04
469 9381 1.946820e-01 2.600968e+01  1.994253691455547141e+03  1.996912502248845385e+03  1.997067226333727376e+03  1.000202069797878903e+04
470 9401 1.921216e-01 2.602500e+01  1.994253691455547141e+03  1.996906176615654658e+03  1.997052729592705418e+03  1.000207136969521343e+04
471 9421 1.901953e-01 2.602271e+01  1.994253691455547141e+03  1.996915395689385377e+03  1.998600695031980649e+03  1.000206012414805809e+04
472 9441 1.886943e-01 2.602235e+01  1.994253691455547141e+03  1.996905069260028540e+03  2.000164001905221312e+03  1.000566025811299369e+04
473 9461 1.883372e-01 2.602191e+01  1.994253691455547141e+03  1.996893886216482770e+03  1.997023338070668160e+03  1.000202980820549965e+04
474 9481 1.875012e-01 2.603336e+01  1.994253691455547141e+03  1.996905918677015279e+03  1.998613545289011199e+03  1.000203491532521002e+04
475 9501 1.863700e-01 2.602695e+01  1.994253691455547141e+03  1.996914576221241077e+03  2.000153153093088349e+03  1.000206981486308177e+04
476 9521 1.855342e-01 2.603892e+01  1.994253691455547141e+03  1.996901891419570347e+03  1.996973029238513391e+03  1.000201908086154981e+04
477 9541 1.844017e-01 2.604452e+01  1.994253691455547141e+03  1.996896020248754667e+03  1.996945765857959941e+03  1.000204712172230938e+04
478 9561 1.836251e-01 2.604799e+01  1.994253691455547141e+03  1.996903135135311004e+03  1.997089952207565602e+03  1.000203203559467511e+04
479 9581 1.837258e-01 2.605138e+01  1.994253691455547141e+03  1.996902982507086563e+03  1.997069757716285039e+03  1.000204370539207412e+04
480 9601 1.840934e-01 2.604839e+01  1.994253691455547141e+03  1.996896113598897273e+03  1.998566385684753641e+03  1.000205123053710486e+04
481 9621 1.838357e-01 2.604810e+01  1.994253691455547141e+03  1.996911090426258170e+03  2.000164495696972153e+03  1.000201884571594201e+04
482 9641 1.836930e-01 2.605319e+01  1.994253691455547141e+03  1.996890436157671274e+03  2.000166788090996761e+03  1.000204982433968325e+04
483 9661 1.827505e-01 2.605751e+01  1.994253691455547141e+03  1.996888032308265792e+03  1.998577326772947345e+03  1.000203191567173235e+04
484 9681 1.818757e-01 2.608062e+01  1.994253691455547141e+03  1.996905974927431316e+03  2.000160442788065211e+03  1.000569515123952624e+04
485 9701 1.808961e-01 2.608619e+01  1.994253691455547141e+03  1.996895415811731027e+03  2.000161109279649509e+03  1.000202954440708163e+04
486 9721 1.797672e-01 2.607798e+01  1.994253691455547141e+03  1.996899149707484412e+03  1.998635454168930664e+03  1.000201704382930075e+04
487 9741 1.783509e-01 2.608818e+01  1.994253691455547141e+03  1.996906028410727913e+03  1.998629127699792662e+03  1.000202197377415905e+04
488 9761 1.766916e-01 2.609276e+01  1.994253691455547141e+03  1.996892595328615243e+03  2.000159858931858253e+03  1.000203455274739827e+04
489 9781 1.745089e-01 2.610241e+01  1.994253691455547141e+03  1.996887759714596086e+03  1.998594746124712856e+03  1.000203952579634097e+04
490 9801 1.723561e-01 2.610543e+01  1.994253691455547141e+03  1.996900321162343062e+03  1.997006116288597241e+03  1.000203258539309536e+04
491 9821 1.713772e-01 2.611292e+01  1.994253691455547141e+03  1.996897094631089658e+03  2.000159691233263629e+03  1.000204399923705023e+04
492 9841 1.702956e-01 2.611594e+01  1.994253691455547141e+03  1.996897375996973324e+03  1.998593486228923666e+03  1.000203292910379241e+04
493 9861 1.690068e-01 2.612039e+01  1.994253691455547141e+03  1.996891725934454371e+03  1.996935400363271810e+03  1.000202875612764910e+04
494 9881 1.683316e-01 2.611084e+01  1.994253691455547141e+03  1.996894562205946841e+03  1.997063505812681342e+03  1.000202612018238142e+04
495 9901 1.679405e-01 2.612547e+01  1.994253691455547141e+03  1.996916449538444340e+03  1.000200367978477516e+04  1.000204173072919366e+04
496 9921 1.669559e-01 2.612766e+01  1.994253691455547141e+03  1.996901247841746226e+03  1.998622451844578336e+03  1.000202717936655790e+04
497 9941 1.653160e-01 2.614019e+01  1.994253691455547141e+03  1.996902424591353792e+03  1.997031887262948658e+03  1.000200562453249222e+04
498 9961 1.634372e-01 2.614926e+01  1.994253691455547141e+03  1.996907086298855802e+03  1.996946857313257624e+03  1.000207619771637474e+04
499 9981 1.616639e-01 2.616918e+01  1.994253691455547141e+03  1.996892630181853519e+03  1.997004370095126887e+03  1.000202791633660490e+04
500 10001 1.600256e-01 2.618001e+01  1.994253691455547141e+03  1.996893710454660550e+03  1.996977158421212152e+03  1.000201471872513321e+04
501 10021 1.583533e-01 2.619155e+01  1.994253691455547141e+03  1.996901610238794319e+03  1.996946650475772458e+03  1.000202211447112677e+04
502 10041 1.573136e-01 2.620329e+01  1.994253691455547141e+03  1.996895652187918813e+03  1.996940440814409385e+03  1.000200014733830176e+04
503 10061 1.560075e-01 2.621520e+01  1.994253691455547141e+03  1.996927344241826404e+03  2.000169227427460783e+03  1.000205273807593949e+04
504 10081 1.536904e-01 2.621815e+01  1.994253691455547141e+03  1.996890474981741363e+03  6.001082522377136229e+03  1.000202284770152073e+04
505 10101 1.519529e-01 2.620879e+01  1.994253691455547141e+03  1.996902745101230948e+03  1.996930587692085282e+03  2.000162659697997242e+03
506 10121 1.489496e-01 2.621512e+01  1.994253691455547141e+03  1.996902989294107101e+03  1.996925188634173310e+03  1.000565594462866829e+04
507 10141 1.462707e-01 2.622369e+01  1.994253691455547141e+03  1.996906849191263746e+03  1.996940438258150152e+03  1.000200943765408556e+04
508 10161 1.447599e-01 2.624418e+01  1.994253691455547141e+03  1.996893234398254890e+03  1.996935572512163162e+03  1.000200903708368969e+04
509 10181 1.427347e-01 2.625038e+01  1.994253691455547141e+03  1.996896907825059543e+03  1.996927673521306133e+03  1.000200231336582328e+04
510 10201 1.416541e-01 2.626306e+01  1.994253691455547141e+03  1.996891374479190972e+03  1.997080710000305544e+03  1.000201395156560102e+04
511 10221 1.412647e-01 2.627961e+01  1.994253691455547141e+03  1.996902834793713509e+03  1.996930236000145214e+03  1.000522767931140334e+04
512 10241 1.404234e-01 2.627247e+01  1.994253691455547141e+03  1.996902857226417382e+03  2.000132123594118639e+03  1.000202289974038285e+04
513 10261 1.394734e-01 2.629593e+01  1.994253691455547141e+03  1.996904240483321473e+03  1.996940253080982529e+03  1.000202311262467992e+04
514 10281 1.387968e-01 2.629823e+01  1.994253691455547141e+03  1.996904809613743510e+03  1.998580251498542111e+03  1.000206235820531947e+04
515 10301 1.388111e-01 2.629046e+01  1.994253691455547141e+03  1.996890739543856398e+03  1.996969145058378444e+03  1.000201107848675383e+04
516 10321 1.380747e-01 2.629528e+01  1.994253691455547141e+03  1.996892010300563015e+03  1.996965021570782028e+03  1.000203814076855633e+04
517 10341 1.370675e-01 2.632993e+01  1.994253691455547141e+03  1.996897633130366103e+03  1.996968594408823492e+03  1.000201449595433587e+04
518 10361 1.361422e-01 2.632631e+01  1.994253691455547141e+03  1.996851075950992026e+03  1.997051074365605018e+03  1.000201313316792766e+04
519 10381 1.352533e-01 2.634722e+01  1.994253691455547141e+03  1.996908311198023057e+03  2.000152709124818557e+03  1.000201423644870374e+04
520 10401 1.334639e-01 2.635012e+01  1.994253691455547141e+03  1.996904155084990862e+03  2.000116775754676155e+03  1.000202689248397473e+04
521 10421 1.313909e-01 2.635534e+01  1.994253691455547141e+03  1.996898502089640715e+03  2.000155470807554366e+03  1.000201079085284618e+04
522 10441 1.295756e-01 2.636718e+01  1.994253691455547141e+03  1.996905878311269589e+03  1.997084011868917969e+03  1.000202255700038950e+04
523 10461 1.278774e-01 2.636935e+01  1.994253691455547141e+03  1.996821208455573924e+03  1.997003292680174582e+03  1.000200254404314182e+04
524 10481 1.268313e-01 2.637111e+01  1.994253691455547141e+03  1.996908861794750464e+03  1.996937768645346068e+03  1.000202385163759209e+04
525 10501 1.264555e-01 2.636793e+01  1.994253691455547141e+03  1.996904761451487275e+03  1.996937955575040633e+03  1.000202093364786742e+04
526 10521 1.263436e-01 2.636996e+01  1.994253691455547141e+03  1.996846050713736304e+03  1.996936263805189355e+03  1.000200805050484269e+04
527 10541 1.251689e-01 2.635002e+01  1.994253691455547141e+03  1.996895200213227326e+03  2.000145880556862267e+03  1.000202269235244785e+04
528 10561 1.245698e-01 2.635730e+01  1.994253691455547141e+03  1.996899937414368196e+03  1.997022374833810773e+03  1.000200660762860571e+04
529 10581 1.242743e-01 2.636133e+01  1.994253691455547141e+03  1.996693432114553616e+03  1.996947124235944557e+03  1.000203049895906042e+04
530 10601 1.242739e-01 2.637907e+01  1.994253691455547141e+03  1.996900168598102255e+03  1.998575859288323954e+03  1.000201868057700449e+04
531 10621 1.251687e-01 2.638827e+01  1.994253691455547141e+03  1.996891548256329543e+03  1.996936034826738705e+03  1.000202339380685407e+04
532 10641 1.257120e-01 2.640112e+01  1.994253691455547141e+03  1.996899985092673433e+03  1.996933538831777469e+03  1.000201070862314373e+04
533 10661 1.262768e-01 2.638928e+01  1.994253691455547141e+03  1.996891537809503689e+03  1.996938541379283834e+03  1.000201334848018269e+04
534 10681 1.267381e-01 2.637945e+01  1.994253691455547141e+03  1.996893411920396602e+03  2.000132147307659579e+03  1.000201377895540099e+04
535 10701 1.267419e-01 2.638409e+01  1.994253691455547141e+03  1.996903286158609944e+03  1.996943441941667061e+03  1.000565584542531178e+04
536 10721 1.267654e-01 2.639672e+01  1.994253691455547141e+03  1.996892456088656445e+03  1.997041003559221281e+03  1.000200372762428378e+04
537 10741 1.272615e-01 2.639633e+01  1.994253691455547141e+03  1.996891384003157782e+03  1.996937649678830894e+03  2.000168420170160971e+03
538 10761 1.280022e-01 2.639007e+01  1.994253691455547141e+03  1.996899371878696229e+03  1.996954368075664661e+03  2.000168692913510995e+03
539 10781 1.296103e-01 2.639098e+01  1.994253691455547141e+03  1.996890819295154643e+03  1.997028345244405500e+03  2.000169231520648736e+03
540 10801 1.308957e-01 2.639014e+01  1.994253691455547141e+03  1.996894819570288746e+03  1.996941026396784309e+03  1.000201557146979940e+04
541 10821 1.323384e-01 2.640598e+01  1.994253691455547141e+03  1.996879076453624293e+03  1.996980013892710303e+03  1.000201217309227832e+04
542 10841 1.337263e-01 2.642238e+01  1.994253691455547141e+03  1.996897876227998267e+03  1.996982278379438867e+03  1.000201478685337497e+04
543 10861 1.351454e-01 2.642086e+01  1.994253691455547141e+03  1.996889354390287735e+03  1.997004808874898117e+03  1.000200595596478888e+04
544 10881 1.366442e-01 2.642406e+01  1.994253691455547141e+03  1.996876195271925553e+03  1.998634396098938396e+03  1.000206242042915255e+04
545 10901 1.374744e-01 2.642138e+01  1.994253691455547141e+03  1.996888407381673687e+03  1.996968541717121752e+03  1.000201035503375169e+04
546 10921 1.376814e-01 2.643376e+01  1.994253691455547141e+03  1.996887552424476098e+03  2.000159614738107848e+03  1.000572648879679946e+04
547 10941 1.380169e-01 2.643527e+01  1.994253691455547141e+03  1.996889327159718050e+03  1.996929287073379783e+03  1.000201358154298032e+04
548 10961 1.388080e-01 2.643584e+01  1.994253691455547141e+03  1.996885804195160517e+03  1.998646329209595024e+03  1.000200349262772033e+04
549 10981 1.393813e-01 2.644434e+01  1.994253691455547141e+03  1.996897059633321078e+03  1.997007380774737612e+03  1.000200662638810172e+04
550 11001 1.402761e-01 2.645293e+01  1.994253691455547141e+03  1.996902186314822529e+03  1.996957111045290048e+03  1.000202377847546632e+04
551 11021 1.417504e-01 2.648551e+01  1.994253691455547141e+03  1.996899235466392383e+03  1.996939942798193215e+03  1.000576860290267177e+04
552 11041 1.429679e-01 2.651565e+01  1.994253691455547141e+03  1.996904529383479939e+03  1.997050325047676324e+03  1.000200155436017849e+04
553 11061 1.441080e-01 2.653591e+01  1.994253691455547141e+03  1.996896083379401716e+03  1.996971979123256006e+03  1.000201074635178338e+04
554 11081 1.453809e-01 2.655524e+01  1.994253691455547141e+03  1.996879407372001424e+03  2.000113915861305486e+03  1.000202040598917119e+04
555 11101 1.461431e-01 2.658838e+01  1.994253691455547141e+03  1.996907165284162602e+03  2.000147171103136770e+03  1.000202946881156095e+04
556 11121 1.460445e-01 2.660621e+01  1.994253691455547141e+03  1.996893893214219133e+03  1.997098179830883510e+03  1.000203090191915908e+04
557 11141 1.456519e-01 2.662378e+01  1.994253691455547141e+03  1.996903315551646074e+03  1.998627139781972346e+03  1.000202857063237025e+04
558 11161 1.446699e-01 2.664331e+01  1.994253691455547141e+03  1.996905863774520867e+03  1.998636909074323285e+03  1.000205487189123596e+04
559 11181 1.434494e-01 2.666199e+01  1.994253691455547141e+03  1.996896893694350865e+03  1.996934283794410931e+03  1.000200240400139046e+04
560 11201 1.424321e-01 2.667394e+01  1.994253691455547141e+03  1.996909428878883546e+03  2.000117602229588556e+03  1.000202402029696714e+04
561 11221 1.419035e-01 2.671098e+01  1.994253691455547141e+03  1.996910569065076743e+03  1.998628008195224993e+03  1.000206040187224789e+04
562 11241 1.407899e-01 2.673794e+01  1.994253691455547141e+03  1.996887986595841994e+03  1.996922566118649229e+03  1.000202532270717347e+04
563 11261 1.393849e-01 2.674936e+01  1.994253691455547141e+03  1.996901725515034968e+03  1.997041970029904405e+03  1.000201791163191956e+04
564 11281 1.385394e-01 2.676034e+01  1.994253691455547141e+03  1.996860040682813860e+03  1.997076979618867881e+03  1.000201774972201383e+04
565 11301 1.383312e-01 2.679488e+01  1.994253691455547141e+03  1.996862209456934124e+03  6.001082675593715976e+03  1.000202796038316410e+04
566 11321 1.375467e-01 2.681736e+01  1.994253691455547141e+03  1.996892183889820672e+03  1.997013127713606082e+03  1.000571864127421941e+04
567 11341 1.367734e-01 2.683101e+01  1.994253691455547141e+03  1.996894204268902513e+03  2.000152590935979788e+03  1.000201454450408710e+04
568 11361 1.359756e-01 2.684312e+01  1.994253691455547141e+03  1.996893195584259956e+03  1.996968441651868716e+03  1.000200670414330853e+04
569 11381 1.352595e-01 2.685321e+01  1.994253691455547141e+03  1.996899192056284846e+03  1.997059419529083243e+03  1.000201400541693874e+04
570 11401 1.347021e-01 2.686286e+01  1.994253691455547141e+03  1.996909500141199032e+03  1.997105768012970884e+03  1.000201143983986185e+04
571 11421 1.335967e-01 2.691966e+01  1.994253691455547141e+03  1.996912740921048680e+03  1.997016925851009546e+03  1.000204088497826524e+04
572 11441 1.321117e-01 2.692258e+01  1.994253691455547141e+03  1.996876400143000183e+03  1.997024008384947365e+03  1.000200002498212234e+04
573 11461 1.305959e-01 2.692759e+01  1.994253691455547141e+03  1.996896197901177857e+03  1.997038718579817214e+03  1.000203648610853634e+04
574 11481 1.290329e-01 2.695766e+01  1.994253691455547141e+03  1.996896444248370926e+03  1.996928312437059731e+03  1.000201660218330471e+04
575 11501 1.275654e-01 2.694935e+01  1.994253691455547141e+03  1.996898897880746290e+03  1.997012733098149511e+03  1.000201412927933234e+04
576 11521 1.264725e-01 2.695274e+01  1.994253691455547141e+03  1.996888241532603161e+03  1.996931842261233669e+03  1.000201508680603911e+04
577 11541 1.258581e-01 2.695136e+01  1.994253691455547141e+03  1.996899011476141823e+03  1.997029644512490677e+03  1.000203181020306693e+04
578 11561 1.255522e-01 2.695201e+01  1.994253691455547141e+03  1.996899666481477425e+03  1.997043876188633931e+03  1.000202375957295953e+04
579 11581 1.246541e-01 2.695015e+01  1.994253691455547141e+03  1.996902729766625498e+03  1.996971468986325817e+03  1.000569723485814029e+04
580 11601 1.235089e-01 2.694591e+01  1.994253691455547141e+03  1.996883906591097457e+03  1.997061055466633206e+03  1.000205213106716474e+04
581 11621 1.226738e-01 2.695723e+01  1.994253691455547141e+03  1.996895515548515959e+03  1.996934100893562800e+03  1.000200472896611427e+04
582 11641 1.218539e-01 2.698086e+01  1.994253691455547141e+03  1.996895779971626325e+03  2.000149344650796138e+03  1.000202525794448593e+04
583 11661 1.206966e-01 2.699100e+01  1.994253691455547141e+03  1.996929062045822775e+03  2.000152350057823469e+03  1.000204273730712157e+04
584 11681 1.195717e-01 2.698580e+01  1.994253691455547141e+03  1.996897221471469948e+03  1.998641401212641085e+03  1.000203451457539268e+04
585 11701 1.184052e-01 2.699994e+01  1.994253691455547141e+03  1.996889969837658555e+03  2.000148689326013027e+03  1.000205231150782492e+04
586 11721 1.175368e-01 2.700353e+01  1.994253691455547141e+03  1.996899930280715125e+03  1.997106233291342505e+03  1.000202205654962017e+04
587 11741 1.165272e-01 2.701443e+01  1.994253691455547141e+03  1.996899606232349697e+03  6.001082187969049301e+03  1.000203412168524846e+04
588 11761 1.154110e-01 2.701964e+01  1.994253691455547141e+03  1.996900921471725042e+03  2.000164589461851165e+03  1.000203066384733211e+04
589 11781 1.149251e-01 2.702124e+01  1.994253691455547141e+03  1.996763969176215596e+03  2.000146689806210361e+03  1.000202487693820694e+04
590 11801 1.139488e-01 2.703502e+01  1.994253691455547141e+03  1.996888312679500359e+03  1.997040118612572314e+03  1.000202269298726969e+04
591 11821 1.130583e-01 2.704357e+01  1.994253691455547141e+03  1.996894724682623746e+03  1.996918570723056973e+03  2.000164192291465497e+03
592 11841 1.124172e-01 2.705685e+01  1.994253691455547141e+03  1.996903588410782049e+03  1.996927036142060842e+03  2.000168801451199670e+03
593 11861 1.117751e-01 2.705787e+01  1.994253691455547141e+03  1.996897764367369518e+03  1.996920065498812619e+03  2.000140129553980842e+03
594 11881 1.109952e-01 2.705656e+01  1.994253691455547141e+03  1.996894340138167763e+03  1.996932903343968974e+03  2.000168162053312244e+03
595 11901 1.102766e-01 2.706796e+01  1.994253691455547141e+03  1.996896436872111053e+03  1.996960413481785508e+03  2.000166436348489924e+03
596 11921 1.092201e-01 2.706888e+01  1.994253691455547141e+03  1.996640798443650738e+03  1.996923000241682530e+03  1.000200455327639611e+04
597 11941 1.084252e-01 2.706730e+01  1.994253691455547141e+03  1.996887590369857662e+03  1.996951880251247530e+03  1.000202153517668921e+04
598 11961 1.073077e-01 2.707087e+01  1.994253691455547141e+03  1.996894334449467351e+03  1.996921389617184559e+03  2.000168566390758087e+03
599 11981 1.062525e-01 2.706998e+01  1.994253691455547141e+03  1.996870384748683591e+03  1.996907616738755678e+03  1.000200425370413723e+04
600 12001 1.056898e-01 2.708095e+01  1.994253691455547141e+03  1.996891784285097174e+03  1.996916898940283318e+03  2.000168750459032708e+03
