%  columns="iteration, evaluation, sigma, axis ratio, bestever, best, median, worst fitness function value, further objective values of best" (startseed=207608, 2017/08/2 3:20:26.08)
1 21 1.605595e+00 3.360856e+01  1.704898338770439059e+00  2.167393374962023778e+00  2.863977159094431180e+00  3.544845071742392495e+00
2 41 1.551298e+00 3.360703e+01  1.704898338770439059e+00  2.278728028283524942e+00  2.858903531608308235e+00  3.636343505828139921e+00
3 61 1.503933e+00 3.361236e+01  1.704898338770439059e+00  2.102034268346083756e+00  2.472608037195291875e+00  3.582656885942586467e+00
4 81 1.464891e+00 3.361553e+01  1.704898338770439059e+00  2.141017277620087089e+00  2.527469760937856691e+00  3.483531667169048163e+00
5 101 1.430929e+00 3.362691e+01  1.704898338770439059e+00  2.198073585783255623e+00  2.653202785738521641e+00  3.417139681168185561e+00
6 121 1.410025e+00 3.362935e+01  1.704898338770439059e+00  2.164256723268319860e+00  2.668054992640883416e+00  3.571177833871709950e+00
7 141 1.391874e+00 3.363590e+01  1.704898338770439059e+00  2.163751131890758739e+00  2.604884724694533027e+00  3.241755271770840441e+00
8 161 1.376768e+00 3.363241e+01  1.704898338770439059e+00  2.062088906224776252e+00  2.475236348728754088e+00  3.522976163877868494e+00
9 181 1.366654e+00 3.364114e+01  1.704898338770439059e+00  2.134535606620218573e+00  2.550723050673401993e+00  3.327304737298985238e+00
10 201 1.359210e+00 3.365019e+01  1.704898338770439059e+00  2.059198841457881457e+00  2.620271218577093997e+00  3.203119202291077272e+00
11 221 1.343929e+00 3.364503e+01  1.704898338770439059e+00  2.002940866860600355e+00  2.550634868681357581e+00  4.696910693924575497e+00
12 241 1.332264e+00 3.364255e+01  1.704898338770439059e+00  2.095255643554710279e+00  2.513084849171558943e+00  3.061250072086822982e+00
13 261 1.319578e+00 3.364010e+01  1.704898338770439059e+00  2.116302442676304185e+00  2.519442896710590851e+00  3.015539407928514049e+00
14 281 1.316279e+00 3.365242e+01  1.704898338770439059e+00  1.976249594415296462e+00  2.588104699738236203e+00  2.895927179991005573e+00
15 301 1.309904e+00 3.364805e+01  1.704898338770439059e+00  2.010797808087462446e+00  2.415494430174524254e+00  3.889703383311981622e+00
16 321 1.296461e+00 3.366269e+01  1.704898338770439059e+00  2.121294942071813683e+00  2.367343094438326911e+00  3.047146951016594940e+00
17 341 1.290746e+00 3.364632e+01  1.704898338770439059e+00  2.066920360477101148e+00  2.425030792687337122e+00  2.954620642736483838e+00
18 361 1.285883e+00 3.366413e+01  1.704898338770439059e+00  2.189095748886118020e+00  2.549186487866249795e+00  3.348683750285936789e+00
19 381 1.282048e+00 3.366591e+01  1.704898338770439059e+00  2.132645704259207964e+00  2.511402475411267154e+00  3.176650286731933726e+00
20 401 1.284309e+00 3.366839e+01  1.704898338770439059e+00  2.175895550030980008e+00  2.466523778297941227e+00  3.451426470118137857e+00
21 421 1.283437e+00 3.368715e+01  1.704898338770439059e+00  2.171313857604683317e+00  2.584868287814219734e+00  3.475140586878404214e+00
22 441 1.280823e+00 3.371416e+01  1.704898338770439059e+00  2.171610974876284850e+00  2.464039439144211308e+00  2.757702933023852498e+00
23 461 1.274945e+00 3.373383e+01  1.704898338770439059e+00  2.222570043341717483e+00  2.442528691451840928e+00  2.867023369869149629e+00
24 481 1.271661e+00 3.373500e+01  1.704898338770439059e+00  2.035239239938895661e+00  2.477345432038485562e+00  3.011689047888336024e+00
25 501 1.264328e+00 3.374787e+01  1.704898338770439059e+00  2.078466949530779928e+00  2.276301409790897345e+00  2.655588070087141705e+00
26 521 1.252644e+00 3.376498e+01  1.704898338770439059e+00  2.253717221776669444e+00  2.450183157891076213e+00  4.082961816131316368e+00
27 541 1.244941e+00 3.378497e+01  1.704898338770439059e+00  2.201944694543077397e+00  2.452640392634921174e+00  3.333429651805685179e+00
28 561 1.239564e+00 3.382207e+01  1.704898338770439059e+00  2.185703328267319279e+00  2.510499768507251872e+00  2.950147737128970160e+00
29 581 1.235267e+00 3.384649e+01  1.704898338770439059e+00  2.255907898928543709e+00  2.474669395805867200e+00  3.418565336047479253e+00
30 601 1.231090e+00 3.387330e+01  1.704898338770439059e+00  2.169585510943244255e+00  2.453558912199386377e+00  2.922936929753309876e+00
31 621 1.225148e+00 3.391979e+01  1.704898338770439059e+00  2.121336964682999593e+00  2.384437491732583680e+00  2.994730095384559920e+00
32 641 1.226343e+00 3.395959e+01  1.704898338770439059e+00  2.113563825538740559e+00  2.386849871486362851e+00  2.928532395327867466e+00
33 661 1.227173e+00 3.400797e+01  1.704898338770439059e+00  2.021072906434168814e+00  2.317379491267131275e+00  3.278250214838576593e+00
34 681 1.228104e+00 3.401854e+01  1.704898338770439059e+00  2.055424576979623996e+00  2.585872115616628442e+00  3.109773825101591171e+00
35 701 1.224239e+00 3.404014e+01  1.704898338770439059e+00  2.068828530557148326e+00  2.382292885851414965e+00  2.996308602308119351e+00
36 721 1.222061e+00 3.406508e+01  1.704898338770439059e+00  2.071178309168617560e+00  2.455568607221577437e+00  3.117212821679696599e+00
37 741 1.215199e+00 3.407429e+01  1.704898338770439059e+00  2.155761476127608933e+00  2.410057208008103302e+00  3.185043694395040426e+00
38 761 1.213209e+00 3.408914e+01  1.704898338770439059e+00  2.116676028845176916e+00  2.396117625232622839e+00  3.300815680597984247e+00
39 781 1.210355e+00 3.410298e+01  1.704898338770439059e+00  2.109317637780990129e+00  2.583481434125415088e+00  2.888541587316778347e+00
40 801 1.204570e+00 3.411047e+01  1.704898338770439059e+00  2.099515103947556138e+00  2.368467277878457899e+00  2.866279651555956764e+00
41 821 1.196848e+00 3.416628e+01  1.704898338770439059e+00  2.047366586691623080e+00  2.355313699645906755e+00  2.836576176919453296e+00
42 841 1.185729e+00 3.417599e+01  1.704898338770439059e+00  2.032564315058234872e+00  2.430661514865955830e+00  3.027631862530599349e+00
43 861 1.174520e+00 3.420439e+01  1.704898338770439059e+00  2.073321342254119681e+00  2.316435715399117079e+00  3.264416089454420078e+00
44 881 1.163651e+00 3.423020e+01  1.704898338770439059e+00  2.060102996728873759e+00  2.466849183645685173e+00  3.087771169055158360e+00
45 901 1.156475e+00 3.420718e+01  1.704898338770439059e+00  2.062154934841978982e+00  2.453961409321827603e+00  3.326463167311753288e+00
46 921 1.145904e+00 3.421103e+01  1.704898338770439059e+00  2.076782435869418020e+00  2.414537291758653836e+00  2.944803672291310015e+00
47 941 1.136148e+00 3.422403e+01  1.704898338770439059e+00  1.995261747326829704e+00  2.401831060191013556e+00  3.071022248789886611e+00
48 961 1.128138e+00 3.421737e+01  1.704898338770439059e+00  1.945845737400655695e+00  2.388603459236988691e+00  3.307949224965970103e+00
49 981 1.120716e+00 3.424214e+01  1.704898338770439059e+00  2.015103290777953582e+00  2.284687364560268996e+00  2.764777474588571593e+00
50 1001 1.114902e+00 3.426420e+01  1.704898338770439059e+00  2.036543597421458518e+00  2.324951864511632493e+00  2.870346514216977951e+00
51 1021 1.114424e+00 3.431803e+01  1.704898338770439059e+00  2.077204398495148485e+00  2.273437038347363437e+00  2.918829367882130654e+00
52 1041 1.111304e+00 3.433852e+01  1.704898338770439059e+00  2.018641644963421911e+00  2.381012837391310200e+00  2.873763112200711234e+00
53 1061 1.108620e+00 3.436981e+01  1.704898338770439059e+00  2.128805018691452222e+00  2.336447590958530274e+00  2.986655654155111250e+00
54 1081 1.109523e+00 3.438841e+01  1.704898338770439059e+00  2.036515667633210569e+00  2.432068593833189851e+00  3.022277779493392380e+00
55 1101 1.114142e+00 3.440471e+01  1.704898338770439059e+00  2.020277271995476465e+00  2.335526394556113772e+00  2.918571761094004735e+00
56 1121 1.117606e+00 3.444661e+01  1.704898338770439059e+00  2.046271078798669762e+00  2.372198158007792212e+00  2.826653754742074032e+00
57 1141 1.120839e+00 3.446898e+01  1.704898338770439059e+00  2.057402710087723019e+00  2.441651221831541818e+00  3.052493459048455815e+00
58 1161 1.125023e+00 3.451443e+01  1.704898338770439059e+00  1.976622608787466762e+00  2.364019023278347564e+00  2.737659651937342620e+00
59 1181 1.129596e+00 3.452312e+01  1.704898338770439059e+00  2.120544891094247930e+00  2.361650598877180762e+00  2.895981682268772506e+00
60 1201 1.129050e+00 3.453423e+01  1.704898338770439059e+00  2.028463429381233141e+00  2.450652503620255551e+00  2.809236776586805817e+00
61 1221 1.119660e+00 3.455089e+01  1.704898338770439059e+00  1.999836590294819638e+00  2.340065856961097701e+00  2.700427078551553173e+00
62 1241 1.114238e+00 3.457363e+01  1.704898338770439059e+00  2.099846506143702829e+00  2.317149388870175741e+00  3.047015203939213102e+00
63 1261 1.110549e+00 3.460079e+01  1.704898338770439059e+00  2.058298213799919729e+00  2.264562862046031633e+00  3.066351420764411362e+00
64 1281 1.108029e+00 3.462951e+01  1.704898338770439059e+00  2.173898767145135746e+00  2.517327609171641889e+00  3.042300732568022248e+00
65 1301 1.102632e+00 3.464473e+01  1.704898338770439059e+00  2.057570015995262569e+00  2.505854297231524974e+00  2.955562445433676633e+00
66 1321 1.093462e+00 3.464139e+01  1.704898338770439059e+00  2.083435299635796767e+00  2.378159952375685116e+00  2.908626451228838672e+00
67 1341 1.090121e+00 3.464232e+01  1.704898338770439059e+00  2.032331417053284461e+00  2.385423402481583910e+00  3.151351992953117520e+00
68 1361 1.087223e+00 3.463364e+01  1.704898338770439059e+00  2.089460614508948044e+00  2.336631170612485153e+00  3.018425300455924276e+00
69 1381 1.082804e+00 3.463221e+01  1.704898338770439059e+00  2.160729529402870330e+00  2.344528790795421092e+00  2.960090599465913908e+00
70 1401 1.084020e+00 3.462585e+01  1.704898338770439059e+00  2.099093103595965015e+00  2.351069126752345362e+00  3.156781615362626692e+00
71 1421 1.084669e+00 3.462603e+01  1.704898338770439059e+00  2.188515550593242320e+00  2.339000421580233358e+00  2.841933372325137430e+00
72 1441 1.085220e+00 3.460179e+01  1.704898338770439059e+00  2.112491875339654435e+00  2.383801982952979515e+00  2.984073505502887969e+00
73 1461 1.083761e+00 3.460731e+01  1.704898338770439059e+00  2.048445958252636867e+00  2.382006097539493439e+00  2.792670298443570509e+00
74 1481 1.087285e+00 3.461726e+01  1.704898338770439059e+00  2.214017814699379194e+00  2.368942569888529803e+00  2.699020414659374367e+00
75 1501 1.086740e+00 3.462296e+01  1.704898338770439059e+00  2.083856015755438218e+00  2.454762408623301972e+00  3.306227126113493675e+00
76 1521 1.083371e+00 3.462801e+01  1.704898338770439059e+00  2.143992894249437953e+00  2.340712881855726124e+00  3.127509746679708602e+00
77 1541 1.080957e+00 3.463535e+01  1.704898338770439059e+00  2.106911879983469404e+00  2.480036283022364785e+00  2.957618074038851574e+00
78 1561 1.081586e+00 3.464163e+01  1.704898338770439059e+00  2.113246165787412423e+00  2.418096821481660719e+00  3.179736988095100969e+00
79 1581 1.080302e+00 3.464478e+01  1.704898338770439059e+00  2.026285570895584698e+00  2.352687537586578337e+00  3.035718993546752564e+00
80 1601 1.078940e+00 3.463768e+01  1.704898338770439059e+00  2.161812303993334350e+00  2.322147402887802414e+00  2.848487084257059543e+00
81 1621 1.080979e+00 3.464312e+01  1.704898338770439059e+00  2.067582416316586347e+00  2.293849257754295934e+00  2.668471774638443428e+00
82 1641 1.085481e+00 3.464512e+01  1.704898338770439059e+00  2.053279471361575848e+00  2.331894863645623150e+00  2.807624957944412802e+00
83 1661 1.094000e+00 3.464284e+01  1.704898338770439059e+00  2.062785717052686429e+00  2.290872131214346297e+00  2.790923204046754424e+00
84 1681 1.098651e+00 3.464787e+01  1.704898338770439059e+00  2.164916760309889998e+00  2.327016944036765178e+00  3.973252772163073043e+00
85 1701 1.106753e+00 3.464270e+01  1.704898338770439059e+00  2.068530125660837271e+00  2.333996174356714359e+00  3.060287961028723469e+00
86 1721 1.111121e+00 3.461263e+01  1.704898338770439059e+00  2.146899046307958248e+00  2.342023269455624224e+00  2.993041520886500884e+00
87 1741 1.113700e+00 3.461607e+01  1.704898338770439059e+00  2.125687493737106415e+00  2.356121771557933009e+00  2.640892592562950725e+00
88 1761 1.117841e+00 3.460515e+01  1.704898338770439059e+00  2.149751157074299979e+00  2.316825077645213504e+00  2.781899216188414403e+00
89 1781 1.118484e+00 3.462290e+01  1.704898338770439059e+00  2.107367027566778184e+00  2.371428609932464848e+00  2.838230174184869892e+00
90 1801 1.118509e+00 3.460575e+01  1.704898338770439059e+00  2.223459144648773478e+00  2.335649170782281736e+00  2.796529363238528632e+00
91 1821 1.115920e+00 3.460655e+01  1.704898338770439059e+00  2.123309823190443257e+00  2.302067647080436430e+00  2.654255626838958104e+00
92 1841 1.115187e+00 3.460339e+01  1.704898338770439059e+00  2.103933309002145702e+00  2.392830216685942979e+00  2.858604906104429855e+00
93 1861 1.115408e+00 3.458648e+01  1.704898338770439059e+00  2.158055787972910089e+00  2.506666682594722140e+00  2.874433137766649438e+00
94 1881 1.110610e+00 3.456215e+01  1.704898338770439059e+00  2.087147126276086784e+00  2.340794760499842475e+00  2.677241262624176610e+00
95 1901 1.100620e+00 3.455518e+01  1.704898338770439059e+00  2.155104861681786943e+00  2.332755594612164529e+00  2.832625571165442668e+00
96 1921 1.089171e+00 3.454946e+01  1.704898338770439059e+00  2.056875996831265319e+00  2.315428525496955103e+00  2.810829850843142630e+00
97 1941 1.082029e+00 3.455929e+01  1.704898338770439059e+00  2.108425969581283255e+00  2.301112880095786295e+00  2.823976156182673058e+00
98 1961 1.073481e+00 3.455719e+01  1.704898338770439059e+00  2.156126388633922808e+00  2.291311227564950315e+00  2.775957224481627961e+00
99 1981 1.061300e+00 3.455872e+01  1.704898338770439059e+00  2.050642312371380616e+00  2.264476929244691128e+00  2.642862108287566070e+00
100 2001 1.046118e+00 3.456432e+01  1.704898338770439059e+00  2.118749007222119118e+00  2.316621538554328730e+00  3.276784310061935379e+00
101 2021 1.028428e+00 3.455746e+01  1.704898338770439059e+00  2.096441097411730681e+00  2.356402256890909541e+00  2.606477929311052488e+00
102 2041 1.010098e+00 3.457671e+01  1.704898338770439059e+00  2.074534286052077015e+00  2.242671065697529720e+00  2.489112542395881533e+00
103 2061 9.956318e-01 3.457384e+01  1.704898338770439059e+00  2.047063426674427866e+00  2.284333337021593913e+00  2.947459917351405778e+00
104 2081 9.799662e-01 3.458165e+01  1.704898338770439059e+00  2.069806187850538048e+00  2.237441085228101922e+00  2.741436099868458598e+00
105 2101 9.674216e-01 3.457760e+01  1.704898338770439059e+00  2.088772472207425235e+00  2.293093850183116622e+00  2.865697992125158411e+00
106 2121 9.585234e-01 3.458337e+01  1.704898338770439059e+00  2.048676399794256309e+00  2.274290191032718234e+00  2.697320100735793424e+00
107 2141 9.488312e-01 3.458674e+01  1.704898338770439059e+00  2.086051933070844022e+00  2.229912343182482992e+00  2.605919146153491628e+00
108 2161 9.359509e-01 3.458699e+01  1.704898338770439059e+00  2.070637631817985991e+00  2.227010189606067669e+00  2.524691215512204323e+00
109 2181 9.238872e-01 3.460169e+01  1.704898338770439059e+00  2.013574239582199166e+00  2.273404906835906125e+00  2.603090455776136292e+00
110 2201 9.103891e-01 3.460515e+01  1.704898338770439059e+00  2.047630119502164892e+00  2.256496191440013011e+00  2.587486129248143474e+00
111 2221 8.992210e-01 3.459436e+01  1.704898338770439059e+00  2.019173130947270689e+00  2.247360804893419051e+00  4.020681228390694528e+00
112 2241 8.909871e-01 3.459836e+01  1.704898338770439059e+00  2.007487867125919756e+00  2.286763110291515133e+00  3.049197750085811176e+00
113 2261 8.821466e-01 3.459821e+01  1.704898338770439059e+00  1.990013513041948290e+00  2.206906058796209269e+00  2.610131269526872799e+00
114 2281 8.738815e-01 3.460300e+01  1.704898338770439059e+00  1.978505552933373046e+00  2.214961860663501536e+00  2.611554249082916890e+00
115 2301 8.668253e-01 3.461078e+01  1.704898338770439059e+00  1.970951507243393186e+00  2.177276556835855637e+00  2.327247784919785012e+00
116 2321 8.591397e-01 3.461072e+01  1.704898338770439059e+00  2.012826928124376469e+00  2.216892239261149200e+00  2.602319087828335764e+00
117 2341 8.537043e-01 3.460966e+01  1.704898338770439059e+00  2.114488226346687760e+00  2.212286177298016021e+00  2.366269058391936131e+00
118 2361 8.458366e-01 3.461696e+01  1.704898338770439059e+00  2.039950487682077984e+00  2.226796909173087258e+00  2.490572819858395182e+00
119 2381 8.433912e-01 3.461511e+01  1.704898338770439059e+00  2.039765997496707062e+00  2.164363727461668052e+00  2.444832106832818042e+00
120 2401 8.407428e-01 3.460927e+01  1.704898338770439059e+00  1.995254009448848675e+00  2.153334221764932721e+00  2.448226500651112136e+00
121 2421 8.338232e-01 3.460640e+01  1.704898338770439059e+00  2.022265092886704529e+00  2.244386875718384466e+00  2.457683933279517063e+00
122 2441 8.285216e-01 3.460982e+01  1.704898338770439059e+00  2.004093048461811133e+00  2.171783780939374076e+00  2.501199511891631921e+00
123 2461 8.231230e-01 3.462045e+01  1.704898338770439059e+00  2.014715447117298552e+00  2.152198983060589654e+00  2.499082512611607410e+00
124 2481 8.173876e-01 3.463691e+01  1.704898338770439059e+00  1.962719631061862202e+00  2.150322872841977428e+00  2.454408505062797730e+00
125 2501 8.073897e-01 3.464249e+01  1.704898338770439059e+00  1.977844232287455650e+00  2.142694631395720695e+00  2.439050952095623614e+00
126 2521 8.012639e-01 3.463274e+01  1.704898338770439059e+00  2.017746101329438435e+00  2.080390714135187835e+00  2.424804619800748462e+00
127 2541 7.929045e-01 3.464535e+01  1.704898338770439059e+00  1.985651562330205122e+00  2.119238287851490377e+00  2.567455031315914571e+00
128 2561 7.822503e-01 3.465972e+01  1.704898338770439059e+00  2.075496891670106869e+00  2.161186326758179455e+00  2.776626581247371828e+00
129 2581 7.717003e-01 3.466975e+01  1.704898338770439059e+00  1.992513108761181817e+00  2.145449351135910732e+00  2.501109843189872617e+00
130 2601 7.652591e-01 3.464996e+01  1.704898338770439059e+00  1.958439292590390846e+00  2.106332269655417200e+00  2.913463058601462929e+00
131 2621 7.593872e-01 3.467167e+01  1.704898338770439059e+00  1.982299153809625736e+00  2.126964956615338131e+00  2.221411712174544473e+00
132 2641 7.561980e-01 3.468555e+01  1.704898338770439059e+00  1.950077435107341550e+00  2.130648160847349537e+00  2.533800025003788203e+00
133 2661 7.549485e-01 3.472137e+01  1.704898338770439059e+00  1.987325411412599108e+00  2.089764134394169304e+00  2.454440565873035940e+00
134 2681 7.531980e-01 3.473591e+01  1.704898338770439059e+00  1.971667425472422019e+00  2.146347407697914988e+00  2.471152879044072659e+00
135 2701 7.522587e-01 3.472779e+01  1.704898338770439059e+00  1.936808853966563770e+00  2.106077047248772871e+00  2.322124262085049740e+00
136 2721 7.481351e-01 3.474010e+01  1.704898338770439059e+00  1.942091824634502917e+00  2.070192342545667863e+00  2.345613067252635631e+00
137 2741 7.410626e-01 3.475577e+01  1.704898338770439059e+00  1.945871738052077582e+00  2.068882205552494469e+00  2.370394893084927457e+00
138 2761 7.327495e-01 3.478906e+01  1.704898338770439059e+00  1.924125477733181100e+00  2.057305252086428560e+00  2.243259930176407124e+00
139 2781 7.266474e-01 3.479120e+01  1.704898338770439059e+00  1.936750782511911240e+00  2.067055980509360680e+00  2.390012557129622461e+00
140 2801 7.188023e-01 3.478164e+01  1.704898338770439059e+00  1.927791630487817542e+00  2.041661697806125275e+00  2.338672615650037923e+00
141 2821 7.155038e-01 3.478286e+01  1.704898338770439059e+00  1.927576712822821392e+00  2.016642323217266775e+00  2.129872775199554091e+00
142 2841 7.098614e-01 3.478194e+01  1.704898338770439059e+00  1.934913613325205173e+00  2.055332728482723859e+00  2.383512470523924787e+00
143 2861 7.070840e-01 3.479074e+01  1.704898338770439059e+00  1.956607348932450918e+00  2.052400939775704813e+00  2.321543646933811100e+00
144 2881 7.010284e-01 3.479840e+01  1.704898338770439059e+00  1.934743894395660302e+00  2.088555954864961706e+00  2.250428453523515948e+00
145 2901 6.948908e-01 3.482514e+01  1.704898338770439059e+00  1.919753099155125931e+00  2.044080495320355073e+00  2.252469515381922083e+00
146 2921 6.916055e-01 3.482136e+01  1.704898338770439059e+00  1.945955849967574425e+00  2.044088543716387374e+00  2.199851828850211355e+00
147 2941 6.899271e-01 3.481996e+01  1.704898338770439059e+00  1.947439709540478958e+00  2.027923068349139157e+00  2.342692739502991728e+00
148 2961 6.895313e-01 3.481374e+01  1.704898338770439059e+00  1.937708181872875413e+00  2.047757012609304095e+00  2.329677577402391453e+00
149 2981 6.869752e-01 3.480981e+01  1.704898338770439059e+00  1.902124207838479908e+00  2.016980125432732862e+00  2.272198413385276172e+00
150 3001 6.848651e-01 3.480642e+01  1.704898338770439059e+00  1.899871290065033635e+00  2.047730864723119382e+00  2.386990548948112245e+00
151 3021 6.817001e-01 3.482527e+01  1.704898338770439059e+00  1.905809169806236936e+00  2.070441031498166495e+00  2.232034565721594088e+00
152 3041 6.765475e-01 3.482381e+01  1.704898338770439059e+00  1.882751794825779923e+00  2.032719794470303043e+00  2.321275586494427667e+00
153 3061 6.723863e-01 3.483696e+01  1.704898338770439059e+00  1.878936777682889803e+00  2.043047467791453187e+00  2.203538323695256818e+00
154 3081 6.692648e-01 3.486126e+01  1.704898338770439059e+00  1.933317313870720699e+00  2.086770946527003900e+00  3.264281619389577394e+00
155 3101 6.678178e-01 3.486143e+01  1.704898338770439059e+00  1.940013304387237181e+00  2.010020961105604798e+00  2.244670664328727305e+00
156 3121 6.659897e-01 3.485946e+01  1.704898338770439059e+00  1.847786820157210519e+00  1.998354264834296679e+00  2.303070455613400291e+00
157 3141 6.643622e-01 3.488777e+01  1.704898338770439059e+00  1.875333235437369739e+00  1.983556672818047595e+00  2.255214443191945861e+00
158 3161 6.625999e-01 3.489329e+01  1.704898338770439059e+00  1.901542168401386901e+00  2.014011043572558890e+00  2.233687263296801007e+00
159 3181 6.608772e-01 3.491285e+01  1.704898338770439059e+00  1.881614912018229946e+00  1.944433921652571673e+00  2.232586070057668959e+00
160 3201 6.603858e-01 3.491642e+01  1.704898338770439059e+00  1.889675457601631914e+00  1.984002361529961345e+00  2.339100824744605234e+00
161 3221 6.599779e-01 3.491660e+01  1.704898338770439059e+00  1.890463482367282788e+00  1.983255529372770276e+00  2.279188906654469271e+00
162 3241 6.593127e-01 3.491519e+01  1.704898338770439059e+00  1.914711801919610323e+00  2.020450341646318648e+00  2.382754013533317394e+00
163 3261 6.564876e-01 3.491267e+01  1.704898338770439059e+00  1.919933141463154858e+00  2.025418110457128051e+00  2.300379526267378960e+00
164 3281 6.524639e-01 3.490741e+01  1.704898338770439059e+00  1.909874084795252447e+00  2.042449541871329544e+00  2.480350445563841433e+00
165 3301 6.517185e-01 3.492236e+01  1.704898338770439059e+00  1.875912433039372385e+00  2.009817863282023609e+00  2.284086089760294147e+00
166 3321 6.502536e-01 3.494958e+01  1.704898338770439059e+00  1.840306617170574865e+00  1.960101839454089445e+00  2.398218235155536338e+00
167 3341 6.512203e-01 3.495749e+01  1.704898338770439059e+00  1.876326739373237240e+00  2.008688083487276899e+00  2.388749298335277604e+00
168 3361 6.501574e-01 3.495740e+01  1.704898338770439059e+00  1.857300673518337941e+00  2.008588683645986084e+00  2.088348785928544338e+00
169 3381 6.487286e-01 3.495858e+01  1.704898338770439059e+00  1.903000469937125905e+00  1.961456477560394873e+00  2.240181983787925102e+00
170 3401 6.465028e-01 3.495572e+01  1.704898338770439059e+00  1.868554479399235468e+00  1.949354897637568973e+00  2.101220774757535104e+00
171 3421 6.458461e-01 3.495363e+01  1.704898338770439059e+00  1.870949678194632204e+00  1.996304991697872566e+00  2.155733591406051808e+00
172 3441 6.451407e-01 3.497925e+01  1.704898338770439059e+00  1.896450658086365371e+00  1.965958006976735728e+00  2.138565710033494938e+00
173 3461 6.459705e-01 3.497945e+01  1.704898338770439059e+00  1.882940802463414443e+00  2.032220768645046416e+00  2.167735066449868242e+00
174 3481 6.457832e-01 3.498336e+01  1.704898338770439059e+00  1.881976092128108569e+00  1.992523626875502218e+00  2.527599034100301623e+00
175 3501 6.437778e-01 3.499316e+01  1.704898338770439059e+00  1.888683940770504277e+00  2.011538287384388113e+00  2.271611643565213612e+00
176 3521 6.403962e-01 3.498886e+01  1.704898338770439059e+00  1.867011113916951626e+00  1.991424020839161591e+00  2.277446638308063598e+00
177 3541 6.355626e-01 3.496944e+01  1.704898338770439059e+00  1.931802197081281980e+00  2.011271650543805301e+00  2.223678967612670032e+00
178 3561 6.314879e-01 3.498509e+01  1.704898338770439059e+00  1.878204383906262764e+00  2.005686568137444059e+00  2.097763277823017969e+00
179 3581 6.293108e-01 3.499721e+01  1.704898338770439059e+00  1.849161681510890221e+00  1.984870730296645291e+00  2.305071525879488714e+00
180 3601 6.267889e-01 3.499615e+01  1.704898338770439059e+00  1.848072614411102155e+00  2.024943604426183263e+00  2.253199594808697803e+00
181 3621 6.255704e-01 3.498718e+01  1.704898338770439059e+00  1.854290214298132344e+00  2.026975072568954594e+00  2.299364903531582627e+00
182 3641 6.231716e-01 3.499697e+01  1.704898338770439059e+00  1.863375247650347788e+00  1.947703849043372681e+00  2.364117755244878882e+00
183 3661 6.200752e-01 3.501167e+01  1.704898338770439059e+00  1.891672146998836901e+00  2.003047103020568986e+00  2.303454453830477089e+00
184 3681 6.165310e-01 3.503529e+01  1.704898338770439059e+00  1.864128140973163150e+00  2.027950236976720610e+00  2.256823431068279540e+00
185 3701 6.128663e-01 3.504544e+01  1.704898338770439059e+00  1.867691274564707626e+00  1.976491679763132447e+00  2.192015806359532526e+00
186 3721 6.071097e-01 3.504483e+01  1.704898338770439059e+00  1.886296291115771684e+00  1.991455108362273796e+00  2.176892849003409847e+00
187 3741 5.999699e-01 3.504666e+01  1.704898338770439059e+00  1.882747066535840119e+00  1.959616050996187742e+00  2.281685370395061696e+00
188 3761 5.923808e-01 3.502666e+01  1.704898338770439059e+00  1.861548857914075317e+00  1.988723654692274634e+00  2.207226292750728458e+00
189 3781 5.841971e-01 3.504215e+01  1.704898338770439059e+00  1.873480329219642027e+00  1.925713475858591650e+00  2.146312539005771125e+00
190 3801 5.786692e-01 3.504446e+01  1.704898338770439059e+00  1.857075146672833910e+00  1.956649168765712155e+00  2.281206794209764244e+00
191 3821 5.718693e-01 3.505388e+01  1.704898338770439059e+00  1.864605106587888139e+00  1.986506405795306129e+00  2.187532733235086901e+00
192 3841 5.645667e-01 3.506473e+01  1.704898338770439059e+00  1.849928114631646858e+00  1.946231826819781352e+00  2.088731134092303154e+00
193 3861 5.590280e-01 3.508654e+01  1.704898338770439059e+00  1.867077929801417513e+00  1.956966692408949937e+00  2.162613705992371571e+00
194 3881 5.568633e-01 3.509255e+01  1.704898338770439059e+00  1.840630657948764126e+00  1.932091635372916727e+00  2.056647740869332441e+00
195 3901 5.544831e-01 3.510105e+01  1.704898338770439059e+00  1.828158287545146532e+00  1.937057603629237068e+00  2.181721091203046914e+00
196 3921 5.563085e-01 3.512005e+01  1.704898338770439059e+00  1.829474713215592629e+00  1.919091966407752370e+00  2.145280477428744170e+00
197 3941 5.564946e-01 3.512383e+01  1.704898338770439059e+00  1.817973719999565141e+00  1.927610063083686320e+00  2.138786711283718223e+00
198 3961 5.563643e-01 3.512861e+01  1.704898338770439059e+00  1.856738561446031888e+00  1.907410769447575927e+00  2.162407288024262630e+00
199 3981 5.557342e-01 3.514509e+01  1.704898338770439059e+00  1.799376248721312965e+00  1.930354123719548509e+00  2.137627699741594167e+00
200 4001 5.558189e-01 3.514315e+01  1.704898338770439059e+00  1.807879442210782894e+00  1.951178640938421083e+00  2.191648886825487530e+00
201 4021 5.570717e-01 3.514820e+01  1.704898338770439059e+00  1.832973302045527442e+00  1.898014525347895942e+00  2.001583778018838800e+00
202 4041 5.598902e-01 3.514660e+01  1.704898338770439059e+00  1.836985566652403090e+00  1.907666609937275215e+00  2.214585447329462831e+00
203 4061 5.635198e-01 3.515537e+01  1.704898338770439059e+00  1.786782938818293642e+00  1.875948259706941901e+00  2.012046109194765453e+00
204 4081 5.664524e-01 3.517364e+01  1.704898338770439059e+00  1.818561207588095030e+00  1.865537630834553484e+00  2.149182490866004436e+00
205 4101 5.672369e-01 3.517995e+01  1.704898338770439059e+00  1.817003833968888760e+00  1.921905496401622671e+00  2.058481393308959628e+00
206 4121 5.666089e-01 3.518942e+01  1.704898338770439059e+00  1.812835541345038770e+00  1.888982038634241967e+00  2.159877521411259771e+00
207 4141 5.674622e-01 3.520446e+01  1.704898338770439059e+00  1.808126827778163026e+00  1.912639972889903728e+00  2.125974126768684247e+00
208 4161 5.644233e-01 3.522166e+01  1.704898338770439059e+00  1.799066865154243189e+00  1.910625281704270151e+00  2.012598412427079264e+00
209 4181 5.612364e-01 3.521096e+01  1.704898338770439059e+00  1.813830480749400564e+00  1.912267437640471579e+00  2.283081191190848180e+00
210 4201 5.549174e-01 3.522225e+01  1.704898338770439059e+00  1.784793436622132967e+00  1.914155643326906908e+00  2.083988897463443291e+00
211 4221 5.493102e-01 3.523383e+01  1.704898338770439059e+00  1.841205532091939823e+00  1.905351561312415232e+00  2.089902599868422861e+00
212 4241 5.440304e-01 3.522998e+01  1.704898338770439059e+00  1.830896339200398515e+00  1.944520261892257462e+00  1.990075215905510619e+00
213 4261 5.390674e-01 3.522054e+01  1.704898338770439059e+00  1.832221513653672584e+00  1.920591246180827882e+00  2.274230357843912476e+00
214 4281 5.334929e-01 3.521808e+01  1.704898338770439059e+00  1.799848693607799754e+00  1.921816893603173870e+00  2.196915352248005604e+00
215 4301 5.303888e-01 3.522188e+01  1.704898338770439059e+00  1.793013601043682348e+00  1.883850206546853201e+00  2.007198706593769089e+00
216 4321 5.282818e-01 3.521148e+01  1.704898338770439059e+00  1.798568589544046414e+00  1.887726802781405144e+00  2.094841303121585785e+00
217 4341 5.250337e-01 3.520620e+01  1.704898338770439059e+00  1.791773239784439919e+00  1.894328039707064315e+00  2.131479413373917886e+00
218 4361 5.225562e-01 3.522376e+01  1.704898338770439059e+00  1.787006122015162290e+00  1.848941148048963479e+00  2.132397036072342544e+00
219 4381 5.195271e-01 3.522412e+01  1.704898338770439059e+00  1.785882884733599907e+00  1.853969692457542173e+00  2.193724751334429790e+00
220 4401 5.151077e-01 3.522818e+01  1.704898338770439059e+00  1.797006853905401158e+00  1.883075857414709509e+00  2.089303738971809210e+00
221 4421 5.104808e-01 3.520280e+01  1.704898338770439059e+00  1.763427267224361827e+00  1.943299075827995770e+00  2.138262511357613693e+00
222 4441 5.059045e-01 3.520659e+01  1.704898338770439059e+00  1.788571130544484022e+00  1.874571159747554061e+00  3.109789436356537706e+00
223 4461 5.005264e-01 3.519970e+01  1.704898338770439059e+00  1.787405707673860533e+00  1.844291112147054434e+00  2.128623724926632210e+00
224 4481 4.944744e-01 3.520164e+01  1.704898338770439059e+00  1.778889638539640439e+00  1.901777180202550266e+00  1.977367031324926305e+00
225 4501 4.910852e-01 3.518282e+01  1.704898338770439059e+00  1.822464839541088510e+00  1.872032560668516865e+00  3.072446878681516225e+00
226 4521 4.864505e-01 3.517853e+01  1.704898338770439059e+00  1.798351402840633551e+00  1.875380944210074396e+00  2.063947926947900413e+00
227 4541 4.838306e-01 3.519755e+01  1.704898338770439059e+00  1.740659766641936557e+00  1.869449221934096128e+00  2.074422465244049274e+00
228 4561 4.832443e-01 3.521162e+01  1.704898338770439059e+00  1.786357798176068767e+00  1.845512361118333278e+00  1.956997387437677594e+00
229 4581 4.819049e-01 3.521958e+01  1.704898338770439059e+00  1.766980482537636288e+00  1.863443696511649428e+00  2.033878613760778720e+00
230 4601 4.818383e-01 3.523397e+01  1.704898338770439059e+00  1.784632474587277695e+00  1.877324948974567365e+00  2.027916782488036862e+00
231 4621 4.816090e-01 3.522692e+01  1.704898338770439059e+00  1.761885541178446646e+00  1.835659336914002182e+00  2.092336239880992377e+00
232 4641 4.809009e-01 3.522556e+01  1.704898338770439059e+00  1.785730922490302186e+00  1.851600691073152394e+00  2.157867826098517128e+00
233 4661 4.812187e-01 3.523292e+01  1.704898338770439059e+00  1.789300838270311278e+00  1.835589685220396117e+00  2.042930100551967332e+00
234 4681 4.813197e-01 3.522982e+01  1.704898338770439059e+00  1.772910787238964669e+00  1.840706696387602204e+00  2.060805631409864169e+00
235 4701 4.796554e-01 3.523218e+01  1.704898338770439059e+00  1.772351650898045028e+00  1.852045966678932398e+00  2.047702417531447328e+00
236 4721 4.781953e-01 3.524204e+01  1.704898338770439059e+00  1.759456554003816953e+00  1.858723077671296853e+00  2.204572194665077145e+00
237 4741 4.775682e-01 3.522883e+01  1.704898338770439059e+00  1.798326445913358107e+00  1.839957923776463833e+00  1.969713578513312857e+00
238 4761 4.770997e-01 3.526720e+01  1.704898338770439059e+00  1.753284535658518051e+00  1.858369879698093641e+00  1.988704727064883881e+00
239 4781 4.741146e-01 3.527197e+01  1.704898338770439059e+00  1.745987446905023610e+00  1.850305028370495819e+00  1.977166304613236170e+00
240 4801 4.723687e-01 3.528090e+01  1.704898338770439059e+00  1.777526547240266819e+00  1.842524651868150620e+00  2.072059429145253873e+00
241 4821 4.694740e-01 3.531495e+01  1.704898338770439059e+00  1.753658626163870915e+00  1.846603283074493618e+00  1.931426559642866581e+00
242 4841 4.668592e-01 3.532026e+01  1.704898338770439059e+00  1.787795553106908297e+00  1.867381929677885966e+00  2.009627808728895459e+00
243 4861 4.615561e-01 3.531648e+01  1.704898338770439059e+00  1.789365751541217797e+00  1.858830306449788861e+00  1.978253891825478616e+00
244 4881 4.575936e-01 3.530643e+01  1.704898338770439059e+00  1.783320511499928207e+00  1.852110213086765267e+00  1.993372097571565638e+00
245 4901 4.548691e-01 3.530982e+01  1.704898338770439059e+00  1.769558761880138276e+00  1.822609815369139685e+00  2.051706814899182163e+00
246 4921 4.515692e-01 3.531996e+01  1.704898338770439059e+00  1.774995292293107152e+00  1.849615221909076457e+00  2.063494686476656792e+00
247 4941 4.463369e-01 3.531969e+01  1.704898338770439059e+00  1.747731462074241682e+00  1.849979409280255727e+00  2.017249926661859760e+00
248 4961 4.439666e-01 3.532802e+01  1.704898338770439059e+00  1.754818693086359849e+00  1.850368557305158923e+00  2.011720792008257597e+00
249 4981 4.417019e-01 3.532084e+01  1.704898338770439059e+00  1.744740485404661978e+00  1.832932840231594973e+00  2.042316247745811886e+00
250 5001 4.404478e-01 3.533050e+01  1.704898338770439059e+00  1.774076782153930276e+00  1.832786695631597906e+00  1.950575208322956167e+00
251 5021 4.398555e-01 3.534117e+01  1.704898338770439059e+00  1.761797640969609891e+00  1.826059173052732021e+00  1.936250247418387804e+00
252 5041 4.413310e-01 3.535317e+01  1.704898338770439059e+00  1.761108480308021695e+00  1.815336047508465001e+00  2.000201010768388965e+00
253 5061 4.441160e-01 3.534957e+01  1.704898338770439059e+00  1.756118580797591866e+00  1.827507051750357325e+00  2.025624337859793123e+00
254 5081 4.480472e-01 3.535517e+01  1.704898338770439059e+00  1.769362161305851222e+00  1.819021684781348736e+00  1.943809714810467382e+00
255 5101 4.531497e-01 3.537506e+01  1.704898338770439059e+00  1.751874376525061505e+00  1.811258099291770396e+00  1.970155898041401343e+00
256 5121 4.561245e-01 3.540235e+01  1.704898338770439059e+00  1.785720618460741926e+00  1.832266705788931471e+00  2.025719645068811747e+00
257 5141 4.565321e-01 3.541071e+01  1.704898338770439059e+00  1.775384977554167243e+00  1.812828555527153496e+00  1.937191552975690234e+00
258 5161 4.571714e-01 3.543817e+01  1.704898338770439059e+00  1.763896637356960229e+00  1.843662615863874699e+00  1.963293858034354411e+00
259 5181 4.560163e-01 3.545494e+01  1.704898338770439059e+00  1.769263813544686315e+00  1.841241511264946951e+00  2.041523417561109000e+00
260 5201 4.538890e-01 3.546474e+01  1.704898338770439059e+00  1.756306821213330149e+00  1.852363105964990098e+00  2.007799041870680590e+00
261 5221 4.518396e-01 3.547872e+01  1.704898338770439059e+00  1.749702608541106041e+00  1.829435910642563279e+00  1.969728845939952455e+00
262 5241 4.490946e-01 3.545419e+01  1.704898338770439059e+00  1.732976223988292430e+00  1.817345286115081837e+00  2.184541600978054721e+00
263 5261 4.458226e-01 3.548593e+01  1.704898338770439059e+00  1.755847422598996177e+00  1.821260419243828643e+00  2.004331379801116864e+00
264 5281 4.426942e-01 3.549893e+01  1.704898338770439059e+00  1.749595495691372848e+00  1.817442485947411424e+00  1.879178507736663839e+00
265 5301 4.389893e-01 3.554407e+01  1.704898338770439059e+00  1.774950936035694316e+00  1.845848597096824584e+00  1.941094287824202569e+00
266 5321 4.366076e-01 3.556468e+01  1.704898338770439059e+00  1.739505572652694232e+00  1.813288598772700322e+00  1.950858216301187165e+00
267 5341 4.336734e-01 3.557609e+01  1.704898338770439059e+00  1.749042130588263966e+00  1.840886652493930242e+00  2.016090890715883877e+00
268 5361 4.315832e-01 3.557450e+01  1.704898338770439059e+00  1.768714173648419763e+00  1.817658439064352205e+00  1.981748538243562452e+00
269 5381 4.298423e-01 3.556239e+01  1.704898338770439059e+00  1.763469388872748622e+00  1.842956824461718934e+00  1.953196308987621643e+00
270 5401 4.278957e-01 3.555942e+01  1.704898338770439059e+00  1.764198275799180315e+00  1.843702276903889992e+00  1.994780342652189287e+00
271 5421 4.255844e-01 3.557148e+01  1.704898338770439059e+00  1.749265507861321511e+00  1.839132571302354968e+00  1.952046237264790651e+00
272 5441 4.254824e-01 3.556257e+01  1.704898338770439059e+00  1.772361340343258984e+00  1.833662963497270759e+00  2.033764068706832351e+00
273 5461 4.244029e-01 3.556766e+01  1.704898338770439059e+00  1.769721643572756520e+00  1.818293382100855116e+00  1.917087110535221628e+00
274 5481 4.227770e-01 3.558488e+01  1.704898338770439059e+00  1.762619566642291913e+00  1.814707236520629596e+00  1.869861060134475395e+00
275 5501 4.191595e-01 3.558346e+01  1.704898338770439059e+00  1.764242609879046464e+00  1.819072120027275030e+00  1.934002494857101961e+00
276 5521 4.155339e-01 3.559675e+01  1.704898338770439059e+00  1.769196655519760020e+00  1.827268089680978091e+00  1.956411813177522552e+00
277 5541 4.124066e-01 3.560213e+01  1.704898338770439059e+00  1.717075649411467175e+00  1.814364601936755417e+00  2.012355678328356490e+00
278 5561 4.077557e-01 3.561253e+01  1.704898338770439059e+00  1.754993142409936313e+00  1.804296489399791259e+00  1.979246996020181282e+00
279 5581 4.017430e-01 3.562028e+01  1.704898338770439059e+00  1.739428328921671429e+00  1.841894494335365007e+00  2.002478729040171324e+00
280 5601 3.940327e-01 3.562691e+01  1.704898338770439059e+00  1.742822803047772373e+00  1.808870231588568522e+00  1.891506111010582414e+00
281 5621 3.873270e-01 3.563720e+01  1.704898338770439059e+00  1.765936558229730391e+00  1.802236714415379026e+00  2.027028239498603224e+00
282 5641 3.816457e-01 3.562909e+01  1.704898338770439059e+00  1.747556900446970429e+00  1.804532872498322060e+00  1.992179867260408965e+00
283 5661 3.758227e-01 3.562853e+01  1.704898338770439059e+00  1.751022219499128285e+00  1.788891834669620984e+00  1.947489373376643629e+00
284 5681 3.704770e-01 3.562584e+01  1.704898338770439059e+00  1.733133407419327421e+00  1.797829651334815981e+00  1.885217432363230028e+00
285 5701 3.639927e-01 3.562406e+01  1.704898338770439059e+00  1.731382271346376456e+00  1.793028817680635267e+00  2.021719121312372192e+00
286 5721 3.587621e-01 3.561466e+01  1.704898338770439059e+00  1.724935212702563891e+00  1.777475553946265663e+00  1.850361994094927631e+00
287 5741 3.557940e-01 3.562033e+01  1.704898338770439059e+00  1.729472206755113817e+00  1.782863991390577718e+00  1.846888164820368772e+00
288 5761 3.544499e-01 3.559145e+01  1.704898338770439059e+00  1.738670321764933746e+00  1.785368010307460285e+00  1.880210547681181010e+00
289 5781 3.533067e-01 3.559827e+01  1.704898338770439059e+00  1.739303521126136287e+00  1.777821140303178282e+00  1.934945997102509585e+00
290 5801 3.528369e-01 3.559838e+01  1.704898338770439059e+00  1.751081816550794645e+00  1.780221448282213625e+00  1.857119576521385262e+00
291 5821 3.507285e-01 3.559329e+01  1.704898338770439059e+00  1.759936623734465133e+00  1.788716065293826318e+00  1.994629813560137688e+00
292 5841 3.492416e-01 3.559783e+01  1.704898338770439059e+00  1.729896062475234197e+00  1.788417516289444897e+00  1.896195457557797281e+00
293 5861 3.468643e-01 3.558064e+01  1.704898338770439059e+00  1.747115290548938660e+00  1.790509339606713102e+00  1.846171995514086728e+00
294 5881 3.440253e-01 3.559904e+01  1.704898338770439059e+00  1.739982219177959477e+00  1.788198269390023576e+00  1.924312670430890160e+00
295 5901 3.413981e-01 3.560720e+01  1.704898338770439059e+00  1.743829918529228751e+00  1.782718883158411316e+00  1.937278217099873689e+00
296 5921 3.382977e-01 3.562015e+01  1.704898338770439059e+00  1.744364174920193467e+00  1.792161970379676950e+00  1.862373583573932789e+00
297 5941 3.340261e-01 3.561706e+01  1.704898338770439059e+00  1.743893965698378734e+00  1.778814740045748799e+00  1.887571072803812644e+00
298 5961 3.291105e-01 3.562730e+01  1.704898338770439059e+00  1.742257391129287791e+00  1.784413363258585683e+00  1.834083533461827953e+00
299 5981 3.252445e-01 3.564759e+01  1.704898338770439059e+00  1.740647519282512157e+00  1.769665770434124319e+00  1.856817509292211232e+00
300 6001 3.234821e-01 3.566402e+01  1.704898338770439059e+00  1.718276267147198499e+00  1.770680499260876006e+00  1.864244912194196191e+00
