%  columns="iteration, evaluation, sigma, axis ratio, bestever, best, median, worst fitness function value, further objective values of best" (startseed=210618, 2017/09/12 14:5:49.18)
1 21 1.068229e+00 2.241933e+01  1.229738042026565381e+01  1.746138463773563387e+01  3.998733070688465523e+04  3.999745476838418836e+04
2 41 1.027333e+00 2.243384e+01  1.229738042026565381e+01  4.020133535308969385e+03  3.998110345142381993e+04  3.999802271698724508e+04
3 61 9.933032e-01 2.245843e+01  1.229738042026565381e+01  4.022752100709507886e+03  3.997788205430131347e+04  3.999495014875727065e+04
4 81 9.670220e-01 2.246215e+01  1.229738042026565381e+01  4.012888733485980083e+03  3.998214745210343972e+04  3.999710387638214888e+04
5 101 9.453604e-01 2.246930e+01  1.229738042026565381e+01  1.785823590102940273e+01  3.544311514913791325e+04  3.999412670798602630e+04
6 121 9.328292e-01 2.248656e+01  1.229738042026565381e+01  4.013375329429502017e+03  2.644224240132695559e+04  3.999597445771321509e+04
7 141 9.190792e-01 2.249965e+01  1.229738042026565381e+01  4.027700537614675795e+03  3.997427615994275402e+04  3.999323220198904164e+04
8 161 9.102255e-01 2.250551e+01  1.229738042026565381e+01  4.023252637323084855e+03  3.545224590434478887e+04  3.999012878847720276e+04
9 181 9.046154e-01 2.252008e+01  1.229738042026565381e+01  1.587293722136889507e+01  3.095083660567312472e+04  3.999861343411176495e+04
10 201 8.992984e-01 2.252429e+01  1.229738042026565381e+01  4.019804186222316275e+03  2.647252723193958082e+04  3.999864130562898936e+04
11 221 8.978561e-01 2.252571e+01  1.229738042026565381e+01  1.712665109071866709e+01  3.095900222603230941e+04  3.999877599329176155e+04
12 241 8.956595e-01 2.253161e+01  1.229738042026565381e+01  4.012074211273811670e+03  2.648176490742103852e+04  3.999386789954865526e+04
13 261 8.908803e-01 2.254564e+01  1.229738042026565381e+01  1.666274906923410981e+01  1.299057465571494686e+04  3.999113198998433654e+04
14 281 8.783212e-01 2.256014e+01  1.229738042026565381e+01  4.012661124848463714e+03  1.299432167171480978e+04  3.999413582899084577e+04
15 301 8.703241e-01 2.256781e+01  1.229738042026565381e+01  4.016138357793363866e+03  1.752545661732207009e+04  3.999347213439761254e+04
16 321 8.645605e-01 2.257441e+01  1.229738042026565381e+01  1.461227382618405990e+01  1.300600475414594257e+04  3.998822010948400566e+04
17 341 8.627188e-01 2.257835e+01  1.229738042026565381e+01  4.016452806034987134e+03  1.302844965351366773e+04  3.999440753774141194e+04
18 361 8.595923e-01 2.257959e+01  1.229738042026565381e+01  1.774889116745396933e+01  1.299679397677038651e+04  3.999268635062009707e+04
19 381 8.569927e-01 2.258229e+01  1.229738042026565381e+01  1.706960520424448902e+01  1.299857752713432637e+04  3.999131981791641738e+04
20 401 8.539948e-01 2.258343e+01  1.229738042026565381e+01  1.897553172341012839e+01  1.300160753909646701e+04  3.998966918269319285e+04
21 421 8.498471e-01 2.258903e+01  1.229738042026565381e+01  1.799633630106843896e+01  9.990487869342254271e+03  3.998917506138530734e+04
22 441 8.438260e-01 2.259474e+01  1.229738042026565381e+01  1.605553111147266065e+01  1.300379368414212513e+04  3.999005974311453610e+04
23 461 8.400232e-01 2.260002e+01  1.229738042026565381e+01  1.702806475722094603e+01  1.299484253427806289e+04  3.994165560051286593e+04
24 481 8.361339e-01 2.259917e+01  1.229738042026565381e+01  1.343973684101046473e+01  4.045340917391881248e+03  3.998652003978181892e+04
25 501 8.326622e-01 2.260461e+01  1.229738042026565381e+01  4.014414899264835640e+03  2.196958220258320580e+04  3.999450831436694716e+04
26 521 8.343234e-01 2.261111e+01  1.229738042026565381e+01  1.535210111088115426e+01  1.298894801886662026e+04  3.997151049805204093e+04
27 541 8.354699e-01 2.262379e+01  1.229738042026565381e+01  1.640456415773986265e+01  2.096771336200731457e+04  3.999041039747159084e+04
28 561 8.368258e-01 2.263926e+01  1.229738042026565381e+01  1.459895450220173885e+01  1.302980714012855969e+04  4.000028107218351943e+04
29 581 8.353556e-01 2.264258e+01  1.229738042026565381e+01  1.427233697272996515e+01  9.988870154531297885e+03  3.998416979553371493e+04
30 601 8.338661e-01 2.264469e+01  1.229738042026565381e+01  1.604882303824298617e+01  9.986949292287201388e+03  3.990573580743359344e+04
31 621 8.272541e-01 2.264894e+01  1.229738042026565381e+01  1.232102211208708553e+01  9.987262326126925473e+03  3.998955406562901771e+04
32 641 8.262964e-01 2.265305e+01  1.229738042026565381e+01  1.550105820748812135e+01  8.524881973104884310e+03  3.998416807003754366e+04
33 661 8.269855e-01 2.265723e+01  1.229738042026565381e+01  1.572464556682830406e+01  1.299030446636705710e+04  3.999340349305258133e+04
34 681 8.234403e-01 2.266512e+01  1.229738042026565381e+01  1.425336754809907269e+01  1.300504558551310220e+04  3.999001220434449351e+04
35 701 8.192537e-01 2.266596e+01  1.229738042026565381e+01  1.558160361653155235e+01  2.196110897931573709e+04  3.999306158622428484e+04
36 721 8.150700e-01 2.266921e+01  1.229738042026565381e+01  4.012140800388668595e+03  1.301005434546413380e+04  4.000030482638857939e+04
37 741 8.069520e-01 2.267027e+01  1.229738042026565381e+01  1.496987869650092051e+01  3.043504811191718181e+04  3.999330912317008188e+04
38 761 8.013009e-01 2.267476e+01  1.229738042026565381e+01  1.467656536113731391e+01  1.148711043716878339e+04  3.998633299485911266e+04
39 781 7.954773e-01 2.267928e+01  1.229738042026565381e+01  1.681682587216977609e+01  9.987499951574885927e+03  3.999240835870636511e+04
40 801 7.903607e-01 2.268675e+01  1.229738042026565381e+01  1.624122427265599455e+01  1.299302147235767916e+04  3.998899881500738411e+04
41 821 7.843689e-01 2.268144e+01  1.229738042026565381e+01  1.593656835569754904e+01  1.299146565392246339e+04  3.999863769997182681e+04
42 841 7.801950e-01 2.269447e+01  1.229738042026565381e+01  1.578435041821090223e+01  1.748405815195245668e+04  3.999390142088090215e+04
43 861 7.750629e-01 2.270711e+01  1.229738042026565381e+01  1.540922163438583503e+01  1.148964053233489358e+04  3.999594080367301649e+04
44 881 7.731807e-01 2.270333e+01  1.229738042026565381e+01  1.614003667975245548e+01  1.149391454376979163e+04  3.999819418758132088e+04
45 901 7.709084e-01 2.270055e+01  1.229738042026565381e+01  1.313564877289023336e+01  2.197032496156629350e+04  3.999120811002253322e+04
46 921 7.721306e-01 2.269903e+01  1.229738042026565381e+01  1.640002632404311100e+01  7.022657182267471399e+03  3.999300912274842267e+04
47 941 7.734179e-01 2.269734e+01  1.229738042026565381e+01  1.291091352183759966e+01  1.299199063865509197e+04  3.999329577256852644e+04
48 961 7.748969e-01 2.269631e+01  1.229738042026565381e+01  1.516221803589843020e+01  4.026037763350258501e+03  3.998873390882617241e+04
49 981 7.744588e-01 2.269685e+01  1.229738042026565381e+01  1.430217072389037725e+01  4.046761767865568800e+03  3.997829498730280466e+04
50 1001 7.742288e-01 2.269324e+01  1.229738042026565381e+01  1.586913874349060549e+01  1.299073032015425633e+04  3.998881844445766910e+04
51 1021 7.744116e-01 2.270448e+01  1.229738042026565381e+01  1.679872567687147722e+01  1.148627524386793084e+04  3.999271986262902647e+04
52 1041 7.770054e-01 2.270855e+01  1.229738042026565381e+01  1.585152160152383338e+01  4.030621304659837278e+03  3.999471102223861817e+04
53 1061 7.828579e-01 2.271004e+01  1.229738042026565381e+01  1.560565683375605062e+01  1.299919557129942586e+04  3.999163872953670216e+04
54 1081 7.829415e-01 2.270940e+01  1.229738042026565381e+01  1.689839979717517338e+01  1.298770762167838438e+04  3.998419103067163087e+04
55 1101 7.794314e-01 2.270935e+01  1.229738042026565381e+01  1.513926804546665927e+01  1.149035124504758642e+04  3.998427445626655390e+04
56 1121 7.747237e-01 2.271936e+01  1.229738042026565381e+01  1.450462007060949254e+01  4.037133240388041031e+03  3.999498208702047123e+04
57 1141 7.737502e-01 2.272794e+01  1.229738042026565381e+01  1.514156517572254579e+01  9.986953037075010798e+03  3.999472789626783924e+04
58 1161 7.718253e-01 2.273661e+01  1.229738042026565381e+01  1.437202482497820810e+01  1.299238578351871547e+04  3.998843035598884308e+04
59 1181 7.696737e-01 2.275207e+01  1.229738042026565381e+01  1.598149542678905277e+01  1.647790992106831982e+04  3.999402164045324025e+04
60 1201 7.679340e-01 2.275736e+01  1.229738042026565381e+01  1.631183784849691421e+01  1.749460586419197352e+04  3.999420576508851809e+04
61 1221 7.702373e-01 2.275660e+01  1.229738042026565381e+01  1.647142452898368248e+01  1.298566300542924000e+04  3.999437295088734390e+04
62 1241 7.746662e-01 2.276315e+01  1.229738042026565381e+01  1.568188821138504707e+01  1.299163845939550265e+04  3.999018299438021495e+04
63 1261 7.794435e-01 2.276437e+01  1.229738042026565381e+01  1.505250810846946052e+01  1.300665780804013593e+04  3.998579531327193399e+04
64 1281 7.846688e-01 2.277529e+01  1.229738042026565381e+01  4.012618974645149592e+03  1.299955501991967503e+04  3.998533312080719770e+04
65 1301 7.896991e-01 2.279225e+01  1.229738042026565381e+01  1.511934813970630209e+01  1.299289391540668294e+04  3.998864156021264353e+04
66 1321 7.896454e-01 2.278647e+01  1.229738042026565381e+01  1.343514750108861122e+01  1.747978640768666082e+04  3.999455137244594516e+04
67 1341 7.871825e-01 2.278737e+01  1.229738042026565381e+01  1.507949261707296706e+01  1.305794785002063873e+04  3.998549435936394730e+04
68 1361 7.831193e-01 2.278322e+01  1.229738042026565381e+01  1.386976481686358120e+01  1.300240657049669244e+04  3.999842609357531182e+04
69 1381 7.835523e-01 2.277776e+01  1.229738042026565381e+01  1.360021999956282990e+01  9.988973331167331708e+03  3.094971362148004118e+04
70 1401 7.818862e-01 2.277893e+01  1.229738042026565381e+01  1.369652595419516317e+01  1.299382517195528635e+04  3.999368355562612851e+04
71 1421 7.756090e-01 2.277960e+01  1.229738042026565381e+01  1.254071511202103828e+01  7.027008110558321277e+03  3.998672470069177507e+04
72 1441 7.730977e-01 2.277803e+01  1.229738042026565381e+01  1.510642400406532282e+01  1.300772126909343388e+04  3.999440552310622297e+04
73 1461 7.721601e-01 2.279341e+01  1.229738042026565381e+01  4.020654048469347799e+03  1.299061290416073098e+04  3.998992702432734222e+04
74 1481 7.752004e-01 2.279234e+01  1.229738042026565381e+01  1.512028521003482240e+01  1.149083844190952550e+04  3.999833368442215578e+04
75 1501 7.783778e-01 2.279659e+01  1.229738042026565381e+01  1.363718067855078431e+01  1.299261522000930017e+04  3.999362124375100393e+04
76 1521 7.820588e-01 2.279554e+01  1.229738042026565381e+01  1.411854210854484748e+01  1.298701787638182213e+04  3.999442355181580933e+04
77 1541 7.853126e-01 2.279769e+01  1.229738042026565381e+01  1.487825925308355224e+01  8.544057879480509655e+03  3.999855378257472330e+04
78 1561 7.916510e-01 2.280332e+01  1.229738042026565381e+01  1.615033558109137957e+01  1.648655734587169718e+04  3.999128734272736619e+04
79 1581 7.974340e-01 2.281570e+01  1.229738042026565381e+01  1.639130105194836773e+01  1.749862811545116347e+04  3.999873322681544960e+04
80 1601 8.036946e-01 2.281880e+01  1.229738042026565381e+01  1.504732191229227212e+01  1.301207318375408431e+04  3.999889276444201823e+04
81 1621 8.059695e-01 2.281858e+01  1.229738042026565381e+01  1.689620762522417152e+01  1.300050813324391129e+04  3.999416446441247535e+04
82 1641 8.100945e-01 2.283291e+01  1.229738042026565381e+01  1.652627596808467203e+01  1.747764772552531576e+04  3.999855211610289552e+04
83 1661 8.159542e-01 2.283821e+01  1.229738042026565381e+01  1.656747571155120369e+01  1.149119244935108145e+04  3.999871229102648795e+04
84 1681 8.246268e-01 2.284345e+01  1.229738042026565381e+01  1.512165842138496430e+01  1.298787075725790783e+04  3.999864794267709658e+04
85 1701 8.302277e-01 2.286110e+01  1.229738042026565381e+01  1.527965218688709470e+01  1.299332481942305640e+04  3.999038746527145850e+04
86 1721 8.312028e-01 2.286764e+01  1.229738042026565381e+01  1.649023018519535810e+01  1.299036569733163742e+04  3.999870752925983106e+04
87 1741 8.348825e-01 2.288916e+01  1.229738042026565381e+01  1.749706168903000858e+01  3.093859736630815314e+04  4.000028646293193742e+04
88 1761 8.421718e-01 2.289318e+01  1.229738042026565381e+01  1.824558367218233457e+01  1.299799249897140908e+04  3.999861138393790316e+04
89 1781 8.506135e-01 2.289886e+01  1.229738042026565381e+01  1.469311812844080656e+01  2.097348441196159183e+04  3.999838293753076141e+04
90 1801 8.617466e-01 2.290470e+01  1.229738042026565381e+01  1.701973964095103042e+01  1.300267716623806700e+04  3.999465226965036709e+04
91 1821 8.705682e-01 2.291036e+01  1.229738042026565381e+01  1.621321556087716331e+01  1.747313610759697258e+04  3.999423966017987550e+04
92 1841 8.740847e-01 2.291339e+01  1.229738042026565381e+01  1.374486645717477273e+01  1.298765427766119683e+04  3.999876778214394290e+04
93 1861 8.758917e-01 2.291444e+01  1.229738042026565381e+01  4.021418375486964578e+03  2.196492777939230291e+04  3.999869416864404775e+04
94 1881 8.759804e-01 2.291402e+01  1.229738042026565381e+01  1.625397741768831139e+01  2.196677616377492086e+04  3.998654382505390095e+04
95 1901 8.757526e-01 2.291494e+01  1.229738042026565381e+01  1.525546539140047209e+01  2.095964332171361457e+04  3.999044548734963610e+04
96 1921 8.740471e-01 2.292191e+01  1.229738042026565381e+01  1.641408339135517735e+01  1.748837341486124205e+04  3.999379339758252900e+04
97 1941 8.706474e-01 2.293081e+01  1.229738042026565381e+01  1.538820088739504044e+01  2.096767804898890608e+04  3.999839435803965171e+04
98 1961 8.677448e-01 2.292461e+01  1.229738042026565381e+01  9.989704856901624225e+03  3.097917505496352533e+04  3.999767646033306664e+04
99 1981 8.666940e-01 2.293581e+01  1.229738042026565381e+01  1.759059477334272614e+01  2.196480297437721674e+04  3.999838768172584241e+04
100 2001 8.667078e-01 2.292971e+01  1.229738042026565381e+01  1.480721451039499570e+01  2.096023884694767548e+04  4.000032095916013350e+04
101 2021 8.613506e-01 2.294274e+01  1.229738042026565381e+01  1.508787860812273607e+01  3.542413937980740593e+04  4.000032864340648666e+04
102 2041 8.568572e-01 2.293713e+01  1.229738042026565381e+01  4.014027066837105394e+03  2.196498002008337789e+04  3.999833187284127780e+04
103 2061 8.507560e-01 2.295525e+01  1.229738042026565381e+01  4.012155828933853172e+03  2.597316172808120609e+04  3.999426965335745626e+04
104 2081 8.479142e-01 2.295876e+01  1.229738042026565381e+01  1.411935517391384565e+01  2.196636080240906449e+04  3.999854855837511423e+04
105 2101 8.434781e-01 2.295893e+01  1.229738042026565381e+01  1.572542924250825180e+01  2.095819498984703387e+04  4.000033201195068978e+04
106 2121 8.352625e-01 2.297272e+01  1.229738042026565381e+01  4.013576510270207109e+03  2.198265688388653507e+04  3.999482152824082004e+04
107 2141 8.262635e-01 2.297134e+01  1.229738042026565381e+01  1.838627663928781786e+01  2.197268229121797413e+04  3.999830231146213919e+04
108 2161 8.166929e-01 2.297273e+01  1.229738042026565381e+01  1.621630170640418811e+01  1.300522333689534207e+04  4.000031362229480874e+04
109 2181 8.020652e-01 2.297565e+01  1.229738042026565381e+01  1.604334292396662676e+01  1.299253937014260191e+04  3.999469167758592084e+04
110 2201 7.909120e-01 2.299346e+01  1.229738042026565381e+01  1.555313683588567031e+01  7.017698706591529117e+03  3.999507774238110142e+04
111 2221 7.807003e-01 2.298948e+01  1.229738042026565381e+01  1.548924862325918639e+01  1.749256384192261976e+04  3.999577374122578476e+04
112 2241 7.766528e-01 2.298951e+01  1.229738042026565381e+01  1.641955647623106884e+01  9.987332690581159113e+03  3.999425413733109599e+04
113 2261 7.701800e-01 2.299801e+01  1.229738042026565381e+01  1.703926837619796686e+01  4.026040686058243409e+03  4.000032091866966948e+04
114 2281 7.639254e-01 2.300960e+01  1.229738042026565381e+01  1.784058635694442074e+01  9.986051183555278840e+03  3.999475219771113188e+04
115 2301 7.620263e-01 2.301054e+01  1.229738042026565381e+01  1.794990066105511772e+01  1.148782629598932908e+04  3.999512827293474402e+04
116 2321 7.581373e-01 2.300943e+01  1.229738042026565381e+01  1.764431170319318909e+01  1.302723093092452109e+04  3.999861020947583893e+04
117 2341 7.569972e-01 2.301704e+01  1.229738042026565381e+01  1.515209863474251506e+01  1.298674091068135931e+04  3.999842980762994557e+04
118 2361 7.576363e-01 2.302077e+01  1.229738042026565381e+01  1.659307563048012923e+01  2.196092495585403231e+04  3.999840348295108561e+04
119 2381 7.580617e-01 2.302317e+01  1.229738042026565381e+01  1.594305098108927154e+01  1.299276936275490698e+04  3.999458258625846065e+04
120 2401 7.587442e-01 2.302935e+01  1.229738042026565381e+01  1.276108644356025934e+01  1.148784595056062608e+04  3.999388666700673639e+04
121 2421 7.603009e-01 2.304117e+01  1.229738042026565381e+01  1.678004659530499509e+01  1.298610378780947576e+04  3.999366470920001302e+04
122 2441 7.640923e-01 2.305160e+01  1.229738042026565381e+01  1.423327815872167612e+01  1.299013573921465832e+04  3.999824973405695346e+04
123 2461 7.696819e-01 2.306273e+01  1.229738042026565381e+01  1.773353299679553530e+01  1.149007357321267591e+04  3.998893206177823595e+04
124 2481 7.728234e-01 2.306237e+01  1.229738042026565381e+01  1.601642287814385313e+01  9.988557144670381604e+03  3.999434988733136561e+04
125 2501 7.768153e-01 2.306676e+01  1.229738042026565381e+01  1.738428266473882644e+01  9.989623447791804210e+03  3.094265367571624665e+04
126 2521 7.779913e-01 2.307056e+01  1.229738042026565381e+01  1.367908698271777190e+01  1.299524830162945545e+04  3.999373656725578621e+04
127 2541 7.792435e-01 2.308393e+01  1.229738042026565381e+01  1.414288920198312383e+01  2.198389882605937237e+04  3.999454097767339408e+04
128 2561 7.806304e-01 2.309507e+01  1.229738042026565381e+01  1.484975112581459733e+01  1.299140625707695654e+04  3.999888688175050629e+04
129 2581 7.837492e-01 2.311181e+01  1.229738042026565381e+01  1.497761728487584598e+01  2.196377196024854129e+04  4.000032605350114318e+04
130 2601 7.857310e-01 2.312620e+01  1.229738042026565381e+01  1.293416062884522155e+01  9.990162486187244212e+03  3.999392893185407593e+04
131 2621 7.865280e-01 2.314240e+01  1.229738042026565381e+01  1.730593926050388376e+01  1.300912260864895870e+04  3.999401618805441831e+04
132 2641 7.862716e-01 2.314836e+01  1.229738042026565381e+01  1.373369807820354183e+01  1.302751176930664224e+04  3.998863682486852485e+04
133 2661 7.895421e-01 2.315791e+01  1.229738042026565381e+01  1.484286823113048293e+01  1.748167941744311975e+04  3.999450121062276594e+04
134 2681 7.902818e-01 2.318472e+01  1.229738042026565381e+01  1.662808944035572978e+01  1.299320758087513968e+04  3.998930698967923672e+04
135 2701 7.912638e-01 2.318380e+01  1.229738042026565381e+01  1.460730785877200866e+01  4.044440677466666784e+03  3.999230371538175677e+04
136 2721 7.932234e-01 2.320067e+01  1.229738042026565381e+01  4.014084172758132354e+03  1.299394187780468383e+04  3.999051368162627477e+04
137 2741 7.917293e-01 2.319749e+01  1.229738042026565381e+01  1.412968306961177234e+01  3.997996876377053559e+04  3.999268587183413911e+04
138 2761 7.908932e-01 2.318665e+01  1.229738042026565381e+01  1.523003300092514500e+01  1.301640726841782453e+04  3.999381248465819954e+04
139 2781 7.867162e-01 2.317782e+01  1.229738042026565381e+01  4.013947010955562291e+03  1.748135836943829781e+04  3.999299583464660827e+04
140 2801 7.831089e-01 2.317909e+01  1.229738042026565381e+01  4.012241110336103702e+03  1.148693333790988800e+04  3.999652268429421383e+04
141 2821 7.794756e-01 2.317707e+01  1.229738042026565381e+01  2.088278608370832856e+01  2.196234139189778216e+04  3.999681535211630398e+04
142 2841 7.802838e-01 2.317560e+01  1.229738042026565381e+01  1.247732103301876627e+01  7.007603990156780128e+03  3.999353682859270339e+04
143 2861 7.803662e-01 2.317921e+01  1.229738042026565381e+01  1.235758591415366325e+01  7.011675971248179849e+03  3.999451045146091201e+04
144 2881 7.791055e-01 2.320997e+01  1.229738042026565381e+01  1.276709593070306248e+01  7.021398664754138736e+03  3.999788476793893642e+04
145 2901 7.812767e-01 2.321986e+01  1.229738042026565381e+01  1.297567080839445453e+01  1.299817435483181725e+04  3.999708164804425905e+04
146 2921 7.810552e-01 2.323419e+01  1.229738042026565381e+01  1.231018283548691983e+01  3.998242685538243677e+04  3.999897263160505099e+04
147 2941 7.798273e-01 2.324218e+01  1.229738042026565381e+01  1.401572079419781858e+01  1.300198213986546216e+04  3.999880214418099058e+04
148 2961 7.772146e-01 2.325283e+01  1.229738042026565381e+01  1.436407730945782646e+01  2.096987498546274583e+04  3.999908558714440005e+04
149 2981 7.787163e-01 2.326095e+01  1.229738042026565381e+01  1.474374972687859753e+01  2.997102584803377613e+04  3.999970741409562470e+04
150 3001 7.818409e-01 2.324509e+01  1.165384403665296276e+01  1.165384403665296276e+01  9.989509152509843261e+03  3.999778975667209306e+04
151 3021 7.825599e-01 2.324415e+01  1.165384403665296276e+01  1.465527824722608585e+01  1.300306495990041731e+04  3.999943395782293373e+04
152 3041 7.893520e-01 2.325505e+01  1.165384403665296276e+01  1.580117688408332555e+01  1.749236736166559785e+04  3.999926820954007417e+04
153 3061 7.952714e-01 2.326593e+01  1.165384403665296276e+01  1.324117664597164179e+01  4.025088697278718428e+03  3.999735332522656972e+04
154 3081 8.011110e-01 2.327667e+01  1.165384403665296276e+01  1.385821575692311036e+01  1.298808797081177727e+04  3.999114986732508260e+04
155 3101 8.065804e-01 2.326909e+01  1.165384403665296276e+01  1.365930671084537629e+01  1.300428836721388507e+04  3.999920935005214415e+04
156 3121 8.076123e-01 2.326655e+01  1.165384403665296276e+01  1.418180419924602731e+01  4.027248566212147125e+03  3.999446839609080052e+04
157 3141 8.095119e-01 2.327206e+01  1.165384403665296276e+01  1.440128415882875146e+01  2.646141845082329382e+04  3.999797539146276540e+04
158 3161 8.091373e-01 2.327606e+01  1.165384403665296276e+01  1.451956954346331941e+01  1.648498650009875928e+04  3.999472922912507056e+04
159 3181 8.119056e-01 2.328311e+01  1.165384403665296276e+01  1.602904961944170736e+01  1.149290473701081282e+04  3.999364905362311401e+04
160 3201 8.188884e-01 2.328121e+01  1.165384403665296276e+01  1.804746496836411040e+01  1.300478174469099395e+04  3.999599197392962378e+04
161 3221 8.222692e-01 2.328203e+01  1.165384403665296276e+01  1.515898481730816627e+01  1.148550014756412020e+04  4.000032086179041653e+04
162 3241 8.245884e-01 2.328839e+01  1.165384403665296276e+01  1.394655881993905666e+01  1.301605016112950761e+04  3.999873429429482348e+04
163 3261 8.267426e-01 2.329325e+01  1.165384403665296276e+01  1.707391896443257906e+01  3.098341311289635632e+04  3.999915292293574748e+04
164 3281 8.288242e-01 2.328400e+01  1.165384403665296276e+01  1.331086370838377064e+01  3.495840458716517605e+04  3.999481187298561417e+04
165 3301 8.290210e-01 2.329906e+01  1.165384403665296276e+01  1.375927655930980009e+01  3.998392441746917757e+04  4.000031460477328801e+04
166 3321 8.267890e-01 2.330939e+01  1.165384403665296276e+01  1.233731935095538823e+01  9.987794597753947528e+03  3.999461021163839177e+04
167 3341 8.266463e-01 2.332706e+01  1.165384403665296276e+01  1.385639707276999566e+01  3.095033568042049592e+04  3.999474776348924206e+04
168 3361 8.292607e-01 2.333452e+01  1.165384403665296276e+01  1.552772081728478071e+01  8.531739285020652460e+03  3.999462831114821165e+04
169 3381 8.268240e-01 2.333546e+01  1.165384403665296276e+01  1.640328387277144273e+01  1.748272508336816827e+04  3.999502459574199020e+04
170 3401 8.266540e-01 2.334501e+01  1.165384403665296276e+01  1.608741282985361920e+01  1.300302869281561652e+04  3.999417832210077177e+04
171 3421 8.282593e-01 2.334930e+01  1.165384403665296276e+01  1.491974197008821079e+01  9.989781241030108504e+03  3.999394599669636955e+04
172 3441 8.331588e-01 2.335164e+01  1.165384403665296276e+01  1.423300176416570118e+01  1.149088047762932365e+04  3.999489371601055609e+04
173 3461 8.311057e-01 2.334825e+01  1.165384403665296276e+01  1.537931256935278057e+01  7.028877627204696182e+03  3.998928240928088053e+04
174 3481 8.263047e-01 2.334521e+01  1.165384403665296276e+01  1.445201463682434273e+01  7.023492757617234020e+03  3.999472824148084328e+04
175 3501 8.200532e-01 2.337199e+01  1.165384403665296276e+01  1.257270476829893546e+01  4.017999614446060150e+03  3.999092052821082325e+04
176 3521 8.154800e-01 2.336930e+01  1.165384403665296276e+01  1.297574368646032994e+01  1.299629955019894624e+04  3.999568232663305389e+04
177 3541 8.126181e-01 2.337430e+01  1.165384403665296276e+01  1.625733141258031367e+01  7.035069167627370007e+03  3.999670539472628298e+04
178 3561 8.053995e-01 2.337967e+01  1.165384403665296276e+01  1.815209948284774200e+01  1.149009854877380531e+04  3.999848685155643034e+04
179 3581 8.020964e-01 2.338565e+01  1.165384403665296276e+01  1.564572142193094706e+01  9.989112492029380519e+03  3.999536030333828239e+04
180 3601 7.975762e-01 2.339268e+01  1.165384403665296276e+01  1.400399520235759887e+01  1.148932498596977348e+04  3.999819334089037875e+04
181 3621 7.947274e-01 2.339450e+01  1.165384403665296276e+01  1.413235452152802907e+01  1.298614206235866368e+04  3.999666936304195406e+04
182 3641 7.926701e-01 2.338931e+01  1.165384403665296276e+01  1.545848084336950379e+01  4.014689556366982288e+03  3.998854203976906865e+04
183 3661 7.912758e-01 2.339248e+01  1.165384403665296276e+01  1.389418417185094157e+01  9.988317829549010639e+03  3.998723174892577663e+04
184 3681 7.918024e-01 2.339833e+01  1.165384403665296276e+01  1.518002637558078227e+01  4.028349748905503475e+03  3.999843021254230553e+04
185 3701 7.922980e-01 2.339721e+01  1.165384403665296276e+01  1.646396396354339942e+01  4.023482543623249057e+03  3.999877525393885298e+04
186 3721 7.895551e-01 2.339521e+01  1.165384403665296276e+01  1.493912828735470733e+01  4.023412497305417673e+03  3.999417571661287366e+04
187 3741 7.869508e-01 2.340082e+01  1.165384403665296276e+01  1.386555146204340616e+01  4.017801899839789257e+03  3.999787121092528105e+04
188 3761 7.849782e-01 2.340494e+01  1.165384403665296276e+01  1.430116108637422023e+01  1.300801305327414593e+04  3.999881260440162441e+04
189 3781 7.841977e-01 2.340373e+01  1.165384403665296276e+01  1.375283336988667315e+01  6.999261007292341674e+03  3.998926442724846856e+04
190 3801 7.838986e-01 2.340502e+01  1.165384403665296276e+01  1.321184494644229268e+01  9.989368195991453831e+03  3.998353376755859790e+04
191 3821 7.822353e-01 2.340364e+01  1.165384403665296276e+01  1.318495711519958036e+01  1.149658397461752611e+04  3.999484949744017649e+04
192 3841 7.826730e-01 2.342262e+01  1.165384403665296276e+01  1.359821664516885775e+01  8.520008847139521095e+03  3.999026495869493374e+04
193 3861 7.833655e-01 2.343774e+01  1.165384403665296276e+01  1.397662829387156869e+01  4.017867572486284189e+03  3.999762836680150212e+04
194 3881 7.845991e-01 2.344751e+01  1.165384403665296276e+01  1.263528244377027221e+01  1.299064379551689854e+04  4.000031852829710988e+04
195 3901 7.829665e-01 2.345338e+01  1.165384403665296276e+01  1.599989685888394675e+01  1.298894396539380978e+04  3.999459705038070388e+04
196 3921 7.801606e-01 2.345429e+01  1.165384403665296276e+01  1.223622401431699558e+01  1.148807602145969395e+04  3.998583496384847967e+04
197 3941 7.787622e-01 2.346216e+01  1.165384403665296276e+01  1.475198905689132900e+01  4.030465964717291172e+03  3.999517994553070457e+04
198 3961 7.752515e-01 2.347405e+01  1.165384403665296276e+01  1.394218051457916019e+01  7.004208340515837335e+03  3.094894865886084153e+04
199 3981 7.760621e-01 2.348396e+01  1.165384403665296276e+01  1.575923464822308695e+01  4.018728665095035012e+03  3.998039020895191061e+04
200 4001 7.735773e-01 2.349148e+01  1.165384403665296276e+01  1.343503035566678427e+01  8.531191606508662517e+03  3.998418351635833824e+04
201 4021 7.712027e-01 2.350702e+01  1.165384403665296276e+01  1.302449887859042654e+01  4.012980538232767685e+03  3.998566050887775782e+04
202 4041 7.678101e-01 2.350392e+01  1.165384403665296276e+01  1.515127324601225922e+01  1.647030612812301842e+04  3.999843551773247600e+04
203 4061 7.647098e-01 2.350403e+01  1.165384403665296276e+01  1.558692648718685980e+01  1.831209240732632537e+01  3.999547190239673364e+04
204 4081 7.598199e-01 2.350996e+01  1.165384403665296276e+01  1.468811698564329049e+01  4.032504563565608805e+03  3.999502019435299735e+04
205 4101 7.573978e-01 2.350518e+01  1.165384403665296276e+01  1.395146095931582231e+01  7.004673194203434832e+03  3.999013145387007535e+04
206 4121 7.594082e-01 2.350242e+01  1.165384403665296276e+01  1.290933334953777845e+01  9.989835428507718461e+03  3.998970469285805302e+04
207 4141 7.610263e-01 2.350661e+01  1.165384403665296276e+01  1.301291007741172656e+01  4.015215035307393919e+03  3.998866155415893445e+04
208 4161 7.597200e-01 2.350473e+01  1.165384403665296276e+01  1.308945114812817678e+01  1.298787212689675289e+04  3.999664668877319491e+04
209 4181 7.630375e-01 2.351078e+01  1.165384403665296276e+01  1.184566948437287692e+01  1.299341958386534679e+04  3.999468755240117753e+04
210 4201 7.658178e-01 2.351499e+01  1.165384403665296276e+01  1.543735178547607489e+01  7.007350651872202434e+03  3.999432411565010989e+04
211 4221 7.653340e-01 2.351678e+01  1.165384403665296276e+01  1.505482835726523483e+01  1.299102167733212627e+04  3.999461416210624884e+04
212 4241 7.667155e-01 2.350974e+01  1.165384403665296276e+01  1.334302133169871141e+01  4.018574589064043721e+03  3.999130864018861030e+04
213 4261 7.647411e-01 2.350105e+01  1.165384403665296276e+01  1.295706513227307966e+01  4.016380387070471897e+03  3.999682721132745064e+04
214 4281 7.618118e-01 2.350754e+01  1.165384403665296276e+01  1.403336063223456875e+01  8.507720281772226372e+03  3.999606512480334641e+04
215 4301 7.604876e-01 2.351813e+01  1.165384403665296276e+01  1.409399991044397638e+01  4.024447136511641474e+03  3.998704296629347664e+04
216 4321 7.612577e-01 2.352016e+01  1.165384403665296276e+01  1.653166688223476299e+01  4.028763135309244717e+03  2.199572096095311281e+04
217 4341 7.596967e-01 2.351781e+01  1.165384403665296276e+01  1.895453890663789664e+01  1.301096347738137774e+04  3.999100725167027122e+04
218 4361 7.584230e-01 2.351805e+01  1.165384403665296276e+01  1.394997923878013424e+01  7.046198112001171467e+03  3.998957848152156657e+04
219 4381 7.577615e-01 2.351379e+01  1.165384403665296276e+01  1.453430820069109686e+01  9.988682794779550022e+03  4.000031967652094318e+04
220 4401 7.566375e-01 2.351658e+01  1.165384403665296276e+01  1.674784561837145702e+01  1.299011167671839394e+04  3.999221639015958499e+04
221 4421 7.563756e-01 2.351877e+01  1.165384403665296276e+01  1.773333100185838518e+01  9.988157434895940241e+03  3.999255326599319233e+04
222 4441 7.590374e-01 2.351255e+01  1.165384403665296276e+01  1.460258029379710365e+01  1.298993726371238336e+04  3.999760245139169274e+04
223 4461 7.643149e-01 2.351967e+01  1.165384403665296276e+01  1.393550292782513544e+01  4.028147589487653477e+03  3.998732304189426941e+04
224 4481 7.694771e-01 2.350927e+01  1.165384403665296276e+01  1.760070439066503667e+01  1.995765930902969558e+04  3.999582861945025797e+04
225 4501 7.751411e-01 2.351866e+01  1.165384403665296276e+01  1.542234392518642849e+01  1.299086992038643257e+04  3.998662445254650083e+04
226 4521 7.790407e-01 2.352511e+01  1.165384403665296276e+01  1.586786127712919381e+01  9.989167565167757857e+03  3.999878125569548138e+04
227 4541 7.811420e-01 2.353241e+01  1.165384403665296276e+01  1.614076725300278170e+01  4.051582432619730753e+03  3.999252030050541362e+04
228 4561 7.849344e-01 2.353757e+01  1.165384403665296276e+01  1.645020513772342241e+01  9.988072010864540061e+03  3.998846909292423516e+04
229 4581 7.866816e-01 2.353927e+01  1.165384403665296276e+01  1.490624889271860809e+01  1.306543324962775660e+04  3.999889108394105278e+04
230 4601 7.810478e-01 2.353650e+01  1.165384403665296276e+01  1.447408092136158331e+01  9.987019647320597869e+03  3.999874874026462930e+04
231 4621 7.779990e-01 2.354023e+01  1.165384403665296276e+01  1.450264962734073215e+01  1.149268402246159894e+04  3.999853701805256424e+04
232 4641 7.748943e-01 2.354567e+01  1.165384403665296276e+01  1.412936406393329847e+01  4.018522960607791902e+03  4.000029383480758406e+04
233 4661 7.712393e-01 2.354137e+01  1.165384403665296276e+01  1.729693300960450841e+01  1.995968211092202182e+04  3.999845586100477522e+04
234 4681 7.677398e-01 2.354007e+01  1.165384403665296276e+01  1.523908526645080919e+01  1.298872028055727606e+04  3.999865261496439052e+04
235 4701 7.648768e-01 2.355230e+01  1.165384403665296276e+01  1.677532536600178048e+01  4.023283442537339852e+03  3.998719035856282426e+04
236 4721 7.649689e-01 2.355545e+01  1.165384403665296276e+01  1.543861466081589207e+01  1.148976878378050242e+04  3.999210027362050459e+04
237 4741 7.626046e-01 2.355749e+01  1.165384403665296276e+01  1.492448737115817181e+01  1.299340449119206096e+04  3.999242105520128825e+04
238 4761 7.558455e-01 2.354397e+01  1.165384403665296276e+01  1.619684007294202388e+01  9.988585205757968652e+03  3.998541514564125828e+04
239 4782 7.471176e-01 2.353790e+01  1.165384403665296276e+01  1.476659708419218830e+01  4.016938761221210370e+03  3.999826710697328235e+04
240 4802 7.375374e-01 2.353667e+01  1.165384403665296276e+01  1.498158194364362217e+01  1.995739879301617475e+04  3.999853969939149101e+04
241 4822 7.289070e-01 2.352889e+01  1.165384403665296276e+01  1.401902402072090936e+01  9.988758257896501163e+03  4.000028268306342216e+04
242 4842 7.174445e-01 2.352498e+01  1.165384403665296276e+01  1.336496101882619669e+01  1.647193283413518657e+04  3.999868179997606785e+04
243 4862 7.104223e-01 2.352767e+01  1.165384403665296276e+01  1.474070931469978163e+01  9.987294525082666951e+03  3.998738802842787118e+04
244 4882 7.082310e-01 2.352943e+01  1.165384403665296276e+01  1.418841349653464334e+01  9.988771821889400599e+03  3.999283601520986849e+04
245 4902 7.065939e-01 2.353130e+01  1.165384403665296276e+01  1.517139157676125194e+01  7.022099039456226819e+03  3.999497981454568799e+04
246 4922 7.073781e-01 2.355023e+01  1.165384403665296276e+01  1.416426876365168930e+01  7.001589840538596036e+03  2.197128511517745937e+04
247 4942 7.061831e-01 2.355750e+01  1.165384403665296276e+01  1.218615422760074729e+01  7.005571570655508367e+03  3.999322907631179260e+04
248 4962 7.063375e-01 2.355120e+01  1.165384403665296276e+01  1.512188487977820728e+01  9.989991340367047087e+03  3.999831665449847787e+04
249 4982 7.080987e-01 2.354751e+01  1.165384403665296276e+01  1.254844956679938406e+01  4.018969202310218861e+03  3.999845563508012128e+04
250 5002 7.117017e-01 2.358549e+01  1.165384403665296276e+01  1.319465995045366746e+01  7.030586540148256972e+03  3.999858336973752012e+04
251 5022 7.181398e-01 2.358682e+01  1.165384403665296276e+01  1.493065791112316276e+01  1.747732587440945645e+04  3.999852983052458876e+04
252 5042 7.195656e-01 2.358361e+01  1.165384403665296276e+01  1.370964054028792845e+01  1.148873953206274746e+04  4.000029536496991932e+04
253 5063 7.188225e-01 2.358941e+01  1.165384403665296276e+01  1.450112609891803039e+01  8.507785487710738380e+03  3.999862345453289890e+04
254 5083 7.184786e-01 2.359394e+01  1.165384403665296276e+01  1.402927034593181688e+01  1.148592616159061799e+04  3.999868522735802253e+04
255 5103 7.223242e-01 2.359871e+01  1.165384403665296276e+01  1.279183468327248896e+01  9.987320611724393530e+03  4.000030322232736944e+04
256 5123 7.265635e-01 2.360792e+01  1.165384403665296276e+01  1.363771505335647305e+01  4.020414484305512815e+03  4.000028501345717086e+04
257 5143 7.275762e-01 2.360205e+01  1.165384403665296276e+01  1.452509562579234270e+01  8.506011520755022502e+03  4.000031011681452219e+04
258 5163 7.249184e-01 2.360602e+01  1.165384403665296276e+01  1.301432941104530983e+01  2.016242532614676975e+03  3.999350657167542522e+04
259 5183 7.218206e-01 2.361577e+01  1.165384403665296276e+01  1.341722811662319614e+01  9.986595200445633964e+03  4.000032782393005618e+04
260 5203 7.153900e-01 2.361350e+01  1.165384403665296276e+01  1.493766856909829777e+01  4.020319034709470543e+03  3.999383433583258011e+04
261 5223 7.109994e-01 2.362350e+01  1.165384403665296276e+01  1.257178858011157274e+01  1.609916071555016615e+01  4.000029283215414762e+04
262 5243 7.064776e-01 2.362970e+01  1.165384403665296276e+01  1.234441928729825833e+01  2.015731702508641547e+03  4.000028570083309751e+04
263 5263 7.041815e-01 2.363065e+01  1.165384403665296276e+01  1.394172076234281832e+01  4.037516591901558058e+03  3.999436109647573176e+04
264 5283 7.018240e-01 2.363212e+01  1.165384403665296276e+01  1.389440768557165740e+01  4.017407326077710422e+03  3.999377424496488675e+04
265 5303 6.997078e-01 2.363372e+01  1.165384403665296276e+01  1.354507103624629671e+01  4.014915759054208593e+03  3.094797525960235362e+04
266 5323 6.985604e-01 2.363068e+01  1.165384403665296276e+01  1.281849951112503305e+01  4.035500050731531246e+03  3.999632015399916418e+04
267 5343 6.978227e-01 2.362877e+01  1.165384403665296276e+01  1.341006297753814636e+01  4.018860353654002211e+03  3.999305156185649685e+04
268 5363 6.946604e-01 2.362900e+01  1.165384403665296276e+01  1.250647736535957755e+01  4.019359140616798868e+03  4.000029807749799511e+04
269 5383 6.898697e-01 2.362907e+01  1.165384403665296276e+01  1.268598860257289296e+01  2.014971446942901594e+03  2.197281773481343407e+04
270 5403 6.880469e-01 2.362963e+01  1.165384403665296276e+01  1.415582143517592328e+01  4.017038141526649270e+03  3.997719896537732711e+04
271 5423 6.858870e-01 2.363559e+01  1.165384403665296276e+01  1.389779363801858381e+01  2.015558675067832155e+03  3.999242186134005897e+04
272 5443 6.858148e-01 2.362939e+01  1.165384403665296276e+01  1.455720656037131988e+01  4.019946443892620664e+03  3.998462199228877580e+04
273 5463 6.884617e-01 2.363353e+01  1.165384403665296276e+01  1.333806343179756482e+01  1.683809176590405698e+01  4.000030165340203530e+04
274 5483 6.912558e-01 2.365151e+01  1.165384403665296276e+01  1.360287605137853717e+01  1.527447740930044340e+01  3.999438187680827104e+04
275 5503 6.910448e-01 2.365544e+01  1.165384403665296276e+01  1.364573609008793298e+01  4.022085426321074920e+03  3.999364988006111525e+04
276 5523 6.885527e-01 2.367695e+01  1.165384403665296276e+01  1.416061155486595524e+01  4.025782123139732903e+03  3.999149854336267163e+04
277 5543 6.863565e-01 2.368570e+01  1.165384403665296276e+01  1.325488847246702839e+01  4.014704098504037574e+03  3.986022386236787133e+04
278 5563 6.830405e-01 2.369614e+01  1.165384403665296276e+01  1.345517968724150215e+01  4.013514210042701507e+03  3.999343397160785389e+04
279 5583 6.791148e-01 2.371274e+01  1.165384403665296276e+01  1.437902459348234174e+01  4.023907609214109016e+03  3.999357535373640712e+04
280 5603 6.791044e-01 2.372583e+01  1.165384403665296276e+01  1.410463547910812210e+01  4.016768079362503158e+03  4.000033298574838409e+04
281 5623 6.815827e-01 2.372970e+01  1.165384403665296276e+01  1.241628313368876491e+01  4.016090628022987403e+03  3.999423785414065787e+04
282 5643 6.848441e-01 2.372422e+01  1.165384403665296276e+01  1.317114141222161905e+01  4.015849543657043796e+03  3.999395123774667445e+04
283 5663 6.837415e-01 2.372667e+01  1.165384403665296276e+01  1.441897470640387979e+01  4.013368457842027055e+03  1.303734975542078428e+04
284 5683 6.797030e-01 2.372976e+01  1.165384403665296276e+01  1.343263053574183630e+01  1.690926905364362653e+01  2.200294648181240336e+04
285 5703 6.758739e-01 2.373776e+01  1.165384403665296276e+01  1.291853823123032896e+01  4.020332657796862804e+03  3.999428548669407610e+04
286 5723 6.730230e-01 2.373562e+01  1.165384403665296276e+01  1.313690641411330340e+01  4.015771999161916938e+03  3.988440003495040582e+04
287 5743 6.706292e-01 2.373782e+01  1.165384403665296276e+01  1.286085461359617277e+01  4.018166383488272913e+03  3.999534571784736181e+04
288 5763 6.668530e-01 2.374743e+01  1.165384403665296276e+01  1.205056930972655493e+01  2.016121896045855237e+03  3.996831407786384807e+04
289 5783 6.666314e-01 2.374568e+01  1.165384403665296276e+01  1.246447653973069158e+01  4.016723612772600973e+03  3.999276513248110859e+04
290 5803 6.658458e-01 2.374680e+01  1.165384403665296276e+01  1.380328110784492424e+01  4.015765020841373826e+03  1.300436879623616915e+04
291 5823 6.674044e-01 2.375048e+01  1.165384403665296276e+01  1.251482856550025602e+01  1.575164009068272719e+01  3.998967218860407593e+04
292 5843 6.715471e-01 2.376466e+01  1.165384403665296276e+01  1.375498044259113684e+01  4.020245380182830559e+03  3.999022479407291394e+04
293 5863 6.747405e-01 2.379155e+01  1.165384403665296276e+01  1.368264213220399661e+01  1.148630910825069259e+04  3.999625517551202211e+04
294 5883 6.755785e-01 2.378291e+01  1.165384403665296276e+01  1.332536562321980256e+01  4.025871374821077097e+03  3.998940209722642612e+04
295 5903 6.765138e-01 2.378376e+01  1.165384403665296276e+01  1.283089257098759361e+01  4.019755661931817031e+03  3.997336439414989582e+04
296 5923 6.766967e-01 2.378721e+01  1.165384403665296276e+01  1.468112222637168784e+01  4.021249706165794578e+03  3.999353485235349945e+04
297 5943 6.762173e-01 2.378560e+01  1.165384403665296276e+01  1.330567586585940987e+01  4.020871049021375256e+03  3.998730375334912242e+04
298 5963 6.726537e-01 2.378187e+01  1.165384403665296276e+01  1.338472983717180576e+01  4.013300379749370222e+03  3.095328933717204563e+04
299 5983 6.725360e-01 2.378882e+01  1.165384403665296276e+01  1.260907125308888332e+01  4.020114035867651182e+03  3.999068334908926772e+04
300 6003 6.715856e-01 2.380243e+01  1.165384403665296276e+01  1.294860287013272071e+01  4.028821791947710153e+03  3.999104248256382562e+04
301 6023 6.714396e-01 2.381558e+01  1.165384403665296276e+01  1.284381910222557011e+01  4.057064765432846798e+03  3.998649950371572049e+04
302 6043 6.735332e-01 2.380594e+01  1.165384403665296276e+01  1.446729984549368098e+01  2.015389412755741887e+03  3.997729523683218576e+04
303 6063 6.763394e-01 2.381755e+01  1.165384403665296276e+01  1.312742994481306980e+01  4.020600328076526239e+03  3.999858167917229002e+04
304 6083 6.791404e-01 2.382350e+01  1.165384403665296276e+01  1.388963919743327047e+01  4.015706263057323213e+03  1.300171171489312837e+04
305 6103 6.819919e-01 2.382649e+01  1.165384403665296276e+01  1.403480387823122300e+01  4.027558711558054256e+03  3.993478470196795388e+04
306 6123 6.814137e-01 2.383623e+01  1.165384403665296276e+01  1.306212706097467802e+01  4.016054970268443867e+03  2.196947393197145720e+04
307 6143 6.816751e-01 2.385049e+01  1.165384403665296276e+01  1.395286608730403621e+01  2.014335042972813199e+03  3.997059656006529985e+04
308 6163 6.822672e-01 2.385906e+01  1.165384403665296276e+01  1.269196686312660916e+01  1.415926147972607652e+01  3.998651349336805288e+04
309 6183 6.804616e-01 2.386112e+01  1.165384403665296276e+01  1.265943104359634219e+01  4.015769162912292813e+03  3.997724969361582043e+04
310 6203 6.768140e-01 2.386984e+01  1.165384403665296276e+01  1.334632347877866643e+01  4.016849595773699548e+03  3.999048001030649175e+04
311 6223 6.718301e-01 2.387321e+01  1.165384403665296276e+01  1.190364535893184161e+01  4.014716406084797200e+03  3.998497798557174974e+04
312 6243 6.675002e-01 2.387112e+01  1.165384403665296276e+01  1.316047926695424408e+01  4.020536390074805240e+03  3.999582456799001375e+04
313 6263 6.643222e-01 2.387464e+01  1.165384403665296276e+01  1.324120825158245118e+01  4.019799591385104577e+03  2.994889912531339360e+04
314 6283 6.588370e-01 2.387918e+01  1.165384403665296276e+01  1.378313026791704488e+01  7.009351062284871659e+03  3.998811935546670429e+04
315 6303 6.546219e-01 2.388243e+01  1.165384403665296276e+01  1.309807747092841623e+01  4.017239591966300395e+03  3.995955846791112708e+04
316 6323 6.528978e-01 2.389358e+01  1.165384403665296276e+01  1.295042697847572555e+01  4.014930446443352594e+03  3.999413466982741375e+04
317 6343 6.520959e-01 2.389870e+01  1.165384403665296276e+01  1.325893805553598170e+01  4.019569478235392125e+03  3.999348178941194055e+04
318 6363 6.527747e-01 2.389893e+01  1.165384403665296276e+01  1.343096561487475782e+01  2.014374767449298815e+03  3.999376734932320687e+04
319 6383 6.537741e-01 2.390400e+01  1.165384403665296276e+01  1.306282062565430024e+01  2.014552398683213369e+03  3.998026065122273576e+04
320 6403 6.551699e-01 2.390544e+01  1.165384403665296276e+01  1.327253109304631806e+01  4.018373028268707003e+03  3.999141326340801606e+04
321 6423 6.570076e-01 2.390254e+01  1.165384403665296276e+01  1.386295914912408023e+01  4.028537584587110359e+03  3.997973348141436145e+04
322 6443 6.591837e-01 2.390111e+01  1.165384403665296276e+01  1.322228844787573898e+01  1.587912970180241601e+01  3.997767609983239527e+04
323 6463 6.634827e-01 2.389537e+01  1.165384403665296276e+01  1.302887964604991033e+01  4.019118544225621918e+03  3.998658916519535705e+04
324 6483 6.678321e-01 2.389820e+01  1.165384403665296276e+01  1.361672602999594694e+01  4.015210149708113931e+03  3.999076712309653522e+04
325 6503 6.706025e-01 2.391033e+01  1.165384403665296276e+01  1.230621809587221449e+01  4.026624400080474516e+03  3.998486612752830115e+04
326 6523 6.715235e-01 2.391046e+01  1.165384403665296276e+01  1.337734029681293180e+01  4.032388288658491547e+03  3.999359880755771883e+04
327 6543 6.715272e-01 2.392151e+01  1.165384403665296276e+01  1.286107680982911994e+01  2.014109541953779399e+03  3.997563222182878962e+04
328 6563 6.778359e-01 2.393225e+01  1.165384403665296276e+01  1.304884527338280265e+01  4.017897619689754720e+03  3.998429104285527865e+04
329 6583 6.788396e-01 2.393693e+01  1.165384403665296276e+01  1.211857393532459781e+01  2.015019004785953484e+03  3.997635226576403511e+04
330 6603 6.806819e-01 2.394378e+01  1.165384403665296276e+01  1.317709852596704323e+01  4.022671146413043971e+03  3.998189226033501473e+04
331 6623 6.815823e-01 2.396501e+01  1.165384403665296276e+01  1.328911568225312934e+01  4.041599703603284979e+03  3.998951810894886148e+04
332 6643 6.825078e-01 2.397588e+01  1.165384403665296276e+01  1.307967491993128206e+01  4.014016496823708621e+03  3.999192408521612379e+04
333 6663 6.852419e-01 2.397771e+01  1.165384403665296276e+01  1.289211085601745665e+01  4.021620521079527407e+03  3.999150023578219407e+04
334 6683 6.895373e-01 2.400003e+01  1.165384403665296276e+01  1.287194649503136823e+01  1.556473616354341871e+01  3.999588948778506892e+04
335 6703 6.926945e-01 2.400792e+01  1.165384403665296276e+01  1.217269132855150993e+01  2.014434258520000412e+03  3.998103940839935240e+04
336 6723 6.972733e-01 2.400644e+01  1.165384403665296276e+01  1.234212892780088033e+01  1.476014816404118690e+01  3.999131529092506389e+04
337 6743 7.013143e-01 2.401458e+01  1.165384403665296276e+01  1.312884286459580352e+01  9.987561199918534840e+03  3.999450757185685507e+04
338 6763 7.040592e-01 2.401368e+01  1.165384403665296276e+01  1.301006325934713814e+01  2.014271965297679344e+03  3.999476301064458676e+04
339 6783 7.045744e-01 2.401871e+01  1.165384403665296276e+01  1.221486519137248550e+01  1.528375866362289770e+01  3.999417392503291921e+04
340 6803 7.060700e-01 2.402080e+01  1.165384403665296276e+01  1.306034972698497576e+01  1.508466018132491193e+01  3.999448835425900324e+04
341 6823 7.070346e-01 2.403050e+01  1.165384403665296276e+01  1.207001923152905043e+01  4.012977826029055905e+03  3.999447507032118301e+04
342 6843 7.085325e-01 2.403427e+01  1.165384403665296276e+01  1.357588164476215553e+01  4.028509586238353677e+03  3.999350322185311961e+04
343 6863 7.098148e-01 2.404093e+01  1.121542428587289919e+01  1.121542428587289919e+01  4.017078178114711591e+03  3.999856689652428031e+04
344 6883 7.080554e-01 2.404410e+01  1.121542428587289919e+01  1.248663144021002580e+01  4.021626946498636244e+03  3.999400103446370485e+04
345 6903 7.100436e-01 2.404835e+01  1.121542428587289919e+01  1.201338727689782537e+01  4.014050605574437213e+03  3.999837953046386974e+04
346 6923 7.100770e-01 2.404836e+01  1.121542428587289919e+01  1.255543738403511611e+01  1.549987458343179014e+01  3.999511807600554312e+04
347 6943 7.100591e-01 2.403829e+01  1.121542428587289919e+01  1.416076954877392424e+01  4.024020839328986767e+03  3.999839542662925669e+04
348 6963 7.100389e-01 2.404451e+01  1.121542428587289919e+01  1.335398914876173038e+01  4.018094027233366432e+03  3.999849478472429473e+04
349 6983 7.097486e-01 2.404586e+01  1.121542428587289919e+01  1.246671466197690137e+01  4.023305428780030525e+03  3.999841868266526581e+04
350 7003 7.070453e-01 2.404917e+01  1.121542428587289919e+01  1.273744866894760719e+01  4.015904485919173567e+03  3.999539351716834062e+04
351 7023 7.013941e-01 2.405241e+01  1.121542428587289919e+01  1.209878152247505589e+01  2.013686447118664773e+03  3.999060785036146990e+04
352 7043 6.973912e-01 2.405204e+01  1.112319658343223061e+01  1.112319658343223061e+01  4.014871693713403147e+03  3.999407646152150846e+04
353 7063 6.924423e-01 2.406531e+01  1.112319658343223061e+01  1.195682262117479944e+01  4.014830379761049244e+03  3.999830834112017328e+04
354 7083 6.884100e-01 2.407823e+01  1.112319658343223061e+01  1.174772175026210341e+01  4.018077747123028530e+03  3.999838858314447134e+04
355 7103 6.844768e-01 2.409420e+01  1.112319658343223061e+01  1.124340936401712376e+01  1.391233881315719678e+01  3.998381942875747336e+04
356 7123 6.803479e-01 2.410199e+01  1.112319658343223061e+01  1.167386504357881094e+01  4.021077863848655852e+03  3.999415795199751301e+04
357 7143 6.732415e-01 2.409988e+01  1.112319658343223061e+01  1.161318567108583899e+01  7.013080697763578428e+03  3.999542565607000142e+04
358 7163 6.641819e-01 2.410035e+01  1.112319658343223061e+01  1.147325797470289288e+01  4.020506774184557344e+03  3.999850822854264698e+04
359 7183 6.576939e-01 2.411043e+01  1.112319658343223061e+01  1.126969639265091061e+01  4.013474178537205262e+03  3.999446901106555015e+04
360 7203 6.474675e-01 2.412275e+01  1.112319658343223061e+01  1.121945265557579852e+01  4.012672000899297018e+03  3.999474856907611684e+04
361 7223 6.374251e-01 2.412352e+01  1.112319658343223061e+01  1.176024226458648236e+01  4.019911397745425802e+03  3.999854793583104765e+04
362 7243 6.278768e-01 2.412804e+01  1.112319658343223061e+01  1.174368274132353918e+01  2.013686983147769070e+03  3.999359902979405160e+04
363 7263 6.209457e-01 2.414000e+01  1.100307423466201584e+01  1.100307423466201584e+01  1.402857942901540689e+01  3.999538968383866450e+04
364 7283 6.116753e-01 2.414652e+01  1.100307423466201584e+01  1.125708821856479958e+01  1.330928438436829353e+01  3.998243840606760205e+04
365 7303 6.037198e-01 2.415566e+01  1.100307423466201584e+01  1.188232024160416067e+01  4.018096261419761049e+03  3.999065473698278947e+04
366 7323 5.957507e-01 2.415487e+01  1.100307423466201584e+01  1.239633478222240903e+01  7.013297167701064609e+03  3.999462763992197870e+04
367 7343 5.913401e-01 2.416066e+01  1.100307423466201584e+01  1.263988661468330221e+01  4.015023215186670313e+03  3.998582991637074156e+04
368 7363 5.890752e-01 2.417503e+01  1.100307423466201584e+01  1.277607244028555300e+01  7.015659790231656189e+03  3.999430453322258109e+04
369 7383 5.848291e-01 2.418331e+01  1.100307423466201584e+01  1.218843500682094572e+01  1.499392342288679814e+01  3.998662683845377614e+04
370 7403 5.788275e-01 2.419423e+01  1.100307423466201584e+01  1.174592391428764060e+01  4.015043713273435060e+03  3.999336748465802521e+04
371 7423 5.755285e-01 2.419555e+01  1.100307423466201584e+01  1.228996482819001912e+01  4.037921095532264189e+03  3.999347645225080487e+04
372 7443 5.725276e-01 2.420238e+01  1.100307423466201584e+01  1.239347565753032754e+01  4.021119559505484176e+03  3.999111434731283225e+04
373 7463 5.694752e-01 2.420687e+01  1.100307423466201584e+01  1.164826224746139616e+01  1.438248576994993755e+01  3.998240760383871384e+04
374 7483 5.630899e-01 2.421045e+01  1.100307423466201584e+01  1.183730057356406817e+01  7.031040555974076597e+03  3.997755991341093613e+04
375 7503 5.605541e-01 2.420987e+01  1.100307423466201584e+01  1.210998408067837140e+01  4.030299551426824110e+03  3.999665797525989910e+04
376 7523 5.551448e-01 2.421164e+01  1.100307423466201584e+01  1.268684195830602235e+01  1.299250268212981609e+04  3.998641721542794403e+04
377 7543 5.500914e-01 2.423162e+01  1.100307423466201584e+01  1.189389995661028010e+01  4.022764168510782383e+03  3.998390745139083447e+04
378 7563 5.478093e-01 2.423715e+01  1.100307423466201584e+01  1.222082411682340108e+01  4.015814507335633607e+03  3.998603111531031755e+04
379 7583 5.457547e-01 2.420983e+01  1.100307423466201584e+01  1.153524675511644304e+01  4.016323352538207473e+03  3.998656366025552416e+04
380 7603 5.428954e-01 2.421530e+01  1.100307423466201584e+01  1.170471955088265936e+01  2.013585262099420788e+03  3.999435944346105680e+04
381 7623 5.417774e-01 2.421484e+01  1.100307423466201584e+01  1.170219650228033359e+01  4.013759181413341139e+03  3.998638978385274095e+04
382 7643 5.431881e-01 2.421907e+01  1.100307423466201584e+01  1.218213683975213613e+01  2.013695633112453152e+03  3.998780559706771601e+04
383 7663 5.457011e-01 2.422585e+01  1.100307423466201584e+01  1.145582618372556460e+01  1.350001511520726183e+01  3.999461515793671424e+04
384 7683 5.490064e-01 2.423505e+01  1.061728718326073206e+01  1.061728718326073206e+01  2.014587548071068113e+03  3.999158058505646477e+04
385 7703 5.514576e-01 2.422566e+01  1.061728718326073206e+01  1.090603688294680751e+01  1.148761310848258654e+04  3.999531504473515815e+04
386 7723 5.522597e-01 2.422805e+01  1.061728718326073206e+01  1.178090098475708736e+01  2.012737712862597391e+03  3.998936002740349068e+04
387 7743 5.507681e-01 2.422571e+01  1.061728718326073206e+01  1.146944405093697483e+01  4.013662026991732091e+03  3.998945048338745255e+04
388 7763 5.462483e-01 2.423207e+01  1.061728718326073206e+01  1.184219317995502507e+01  3.993592685161008558e+04  3.998731899445987074e+04
389 7783 5.431338e-01 2.424341e+01  1.061728718326073206e+01  1.091907478722248648e+01  1.373133670979457932e+01  3.999088597355014645e+04
390 7803 5.410441e-01 2.424947e+01  1.061728718326073206e+01  1.098494114597567872e+01  4.022037011797191099e+03  3.999313137097835715e+04
391 7823 5.373758e-01 2.424997e+01  1.061728718326073206e+01  1.170058863397779270e+01  7.007301810087291415e+03  3.999536062387341372e+04
392 7843 5.342411e-01 2.426073e+01  1.061728718326073206e+01  1.078360731698597519e+01  4.023316106673684772e+03  3.998876996930909809e+04
393 7863 5.321958e-01 2.426346e+01  1.050921753808812475e+01  1.050921753808812475e+01  4.021838634637531413e+03  3.999331547702377429e+04
394 7883 5.313556e-01 2.426681e+01  1.050921753808812475e+01  1.148286447606590777e+01  4.014171787780667728e+03  3.999494698186129972e+04
395 7903 5.307512e-01 2.426597e+01  1.050921753808812475e+01  1.119389108387153620e+01  1.649061403230702854e+04  3.999607062924154889e+04
396 7923 5.323799e-01 2.427328e+01  1.050921753808812475e+01  1.116330231282024066e+01  4.030806483032299639e+03  3.998932425271921966e+04
397 7943 5.358806e-01 2.427528e+01  1.050921753808812475e+01  1.069094261899724074e+01  2.013300494572921252e+03  3.999462905278529070e+04
398 7963 5.387304e-01 2.426796e+01  1.050921753808812475e+01  1.106786087576612942e+01  4.019582598746746953e+03  3.999329549798986409e+04
399 7983 5.393759e-01 2.427308e+01  1.050921753808812475e+01  1.143420762604963770e+01  4.021327877664886273e+03  3.999355965175276651e+04
400 8003 5.378301e-01 2.426278e+01  1.050921753808812475e+01  1.084006852529560661e+01  9.987754475501416891e+03  3.999450019450255786e+04
401 8023 5.369455e-01 2.425782e+01  1.050921753808812475e+01  1.152097927442192749e+01  4.014233387128184859e+03  3.998629048257000977e+04
402 8043 5.352529e-01 2.427122e+01  1.050921753808812475e+01  1.056251700503380775e+01  4.016917676987672166e+03  3.998908302194992575e+04
403 8063 5.355518e-01 2.427274e+01  1.050921753808812475e+01  1.189852998620796853e+01  4.024860119033545288e+03  3.998395608674768300e+04
404 8083 5.382635e-01 2.427137e+01  1.050921753808812475e+01  1.187171896970540885e+01  4.021338798492372462e+03  3.999373537780694460e+04
405 8103 5.407128e-01 2.428211e+01  1.050921753808812475e+01  1.182409615709880235e+01  4.015515596720276790e+03  3.998889538211731269e+04
406 8123 5.418679e-01 2.428439e+01  1.050921753808812475e+01  1.145913614927517443e+01  4.019403913928132624e+03  3.998813065479414945e+04
407 8143 5.414214e-01 2.428368e+01  1.050921753808812475e+01  1.177389237990632509e+01  4.027624210352078080e+03  3.998697396268268494e+04
408 8163 5.413973e-01 2.428549e+01  1.050921753808812475e+01  1.166924766616750908e+01  4.024320888710623876e+03  3.998517786661513674e+04
409 8183 5.412449e-01 2.429061e+01  1.050921753808812475e+01  1.102808415427609212e+01  4.019413505841448568e+03  3.999154004711981543e+04
410 8203 5.402838e-01 2.429364e+01  1.050921753808812475e+01  1.163126231322243420e+01  1.298966725686598511e+04  3.998936937551918527e+04
411 8223 5.402884e-01 2.429865e+01  1.050921753808812475e+01  1.182486684527324883e+01  7.033963932316435603e+03  3.999460877479258488e+04
412 8243 5.389279e-01 2.430222e+01  1.050921753808812475e+01  1.154333270218425511e+01  7.006922810120964641e+03  3.998574544660250103e+04
413 8263 5.355240e-01 2.431646e+01  1.050921753808812475e+01  1.196452548808353811e+01  4.019948803195838991e+03  3.999349765163867414e+04
414 8283 5.331772e-01 2.431071e+01  1.050921753808812475e+01  1.123398523451088593e+01  4.026436109989365377e+03  3.999432713175842218e+04
415 8303 5.312291e-01 2.431644e+01  1.050921753808812475e+01  1.096003994699333361e+01  4.018126895555069495e+03  3.998948169373400742e+04
416 8323 5.259073e-01 2.433324e+01  1.050921753808812475e+01  1.143496236548403999e+01  1.299012730067893426e+04  3.999241092628560727e+04
417 8343 5.197767e-01 2.433382e+01  1.050921753808812475e+01  1.253419005613416815e+01  4.027715086358145072e+03  3.998911461995853460e+04
418 8363 5.123107e-01 2.434978e+01  1.050921753808812475e+01  1.099520884447090197e+01  4.015666359180279869e+03  3.998587246828555362e+04
419 8383 5.062539e-01 2.434922e+01  1.050921753808812475e+01  1.106076995206603897e+01  1.346112738980312074e+01  3.998711562291036535e+04
420 8403 4.989376e-01 2.434737e+01  1.050921753808812475e+01  1.156661271071063091e+01  4.018576556908771636e+03  3.999268741531088745e+04
421 8423 4.939147e-01 2.436217e+01  1.050921753808812475e+01  1.142389382805516718e+01  4.019847880527375310e+03  3.998193206611668575e+04
422 8443 4.900692e-01 2.437314e+01  1.050921753808812475e+01  1.137198910459883550e+01  9.986466984451282769e+03  3.999084824449998996e+04
423 8463 4.889445e-01 2.437648e+01  1.050921753808812475e+01  1.094897252112294339e+01  7.001969188281969764e+03  3.998905038394888834e+04
424 8483 4.863102e-01 2.437596e+01  1.050921753808812475e+01  1.133692683494246367e+01  2.013781708787693560e+03  3.998856262264640100e+04
425 8503 4.843940e-01 2.438887e+01  1.050921753808812475e+01  1.140717148340947595e+01  1.337830544489500717e+01  3.998483013694496185e+04
426 8523 4.827074e-01 2.439365e+01  1.050921753808812475e+01  1.154240862815259305e+01  7.003514367645431776e+03  3.999460183360279188e+04
427 8543 4.805504e-01 2.437891e+01  1.050921753808812475e+01  1.145512442045134982e+01  7.000678683588234890e+03  3.998648554180640349e+04
428 8563 4.808275e-01 2.437996e+01  1.050921753808812475e+01  1.139616422145298991e+01  2.016468049265254876e+03  3.998606395305824117e+04
429 8583 4.789377e-01 2.439458e+01  1.050921753808812475e+01  1.210173862485551410e+01  7.003431894836388892e+03  3.999319947863168636e+04
430 8603 4.759254e-01 2.438896e+01  1.050921753808812475e+01  1.129891140211427114e+01  1.292108210613749009e+01  3.998230655215361185e+04
431 8623 4.738731e-01 2.439081e+01  1.050921753808812475e+01  1.129562943719840007e+01  1.252887029104502048e+01  3.997482962413626956e+04
432 8643 4.716961e-01 2.439389e+01  1.050921753808812475e+01  1.153917321858068412e+01  1.306933041866555811e+01  3.999395359249943431e+04
433 8663 4.698483e-01 2.440099e+01  1.050921753808812475e+01  1.170232479305306228e+01  4.014700200881581168e+03  3.998980885540934833e+04
434 8683 4.697532e-01 2.440302e+01  1.050921753808812475e+01  1.122245791105308399e+01  1.348759097359709536e+01  2.196498155012510688e+04
435 8703 4.661917e-01 2.440563e+01  1.050921753808812475e+01  1.104006658267980434e+01  1.254715681518746706e+01  3.997529384914505499e+04
436 8723 4.617370e-01 2.440705e+01  1.050921753808812475e+01  1.179278254249783942e+01  4.027858994998440266e+03  3.998514532759398571e+04
437 8743 4.583794e-01 2.442086e+01  1.050921753808812475e+01  1.128919525609460806e+01  1.318394625457290203e+01  1.996294161029491079e+04
438 8763 4.567812e-01 2.443065e+01  1.050921753808812475e+01  1.134983938593563479e+01  1.379084978042743614e+01  3.999534573774757155e+04
439 8783 4.551126e-01 2.446641e+01  1.050921753808812475e+01  1.084322642089148481e+01  7.009455263428015314e+03  3.998596672339675570e+04
440 8803 4.538473e-01 2.449307e+01  1.050921753808812475e+01  1.115144503816961574e+01  1.373602069355349364e+01  2.196288919617018837e+04
441 8823 4.531079e-01 2.452252e+01  1.050921753808812475e+01  1.102365936573225547e+01  4.013089662825686901e+03  3.998950147759058746e+04
442 8843 4.543950e-01 2.452993e+01  1.050921753808812475e+01  1.100407341854111998e+01  1.232542305269948812e+01  3.999496795312510221e+04
443 8863 4.570334e-01 2.455873e+01  1.050921753808812475e+01  1.110983698053964375e+01  4.013333024728715827e+03  3.998885531205080042e+04
444 8883 4.589968e-01 2.460221e+01  1.050921753808812475e+01  1.084769843089195618e+01  1.270524045607783847e+01  3.999288812190106546e+04
445 8903 4.604328e-01 2.462583e+01  1.050921753808812475e+01  1.129907348921593524e+01  1.293103812893929572e+01  3.998830790307997086e+04
446 8923 4.624358e-01 2.464013e+01  1.050921753808812475e+01  1.139706891664883770e+01  4.015600968695024676e+03  3.998438581112331303e+04
447 8943 4.651678e-01 2.464780e+01  1.050921753808812475e+01  1.150586670431993852e+01  4.013945578630546152e+03  3.998648662110810255e+04
448 8963 4.684632e-01 2.465910e+01  1.050921753808812475e+01  1.119669841232619945e+01  1.249619376529835080e+01  3.998795762862432457e+04
449 8983 4.713420e-01 2.469189e+01  1.050921753808812475e+01  1.182129221363995875e+01  1.332882707996408733e+01  3.094608904599308880e+04
450 9003 4.719168e-01 2.469840e+01  1.050921753808812475e+01  1.141946582282148981e+01  1.347147723878705605e+01  3.999544274658727954e+04
451 9023 4.711622e-01 2.470372e+01  1.050921753808812475e+01  1.113526979005202655e+01  1.324690557684036385e+01  3.998626277383889828e+04
452 9043 4.687590e-01 2.470601e+01  1.050921753808812475e+01  1.167013806936165388e+01  1.305368239698040789e+01  1.996437850847923255e+04
453 9063 4.677282e-01 2.471106e+01  1.050921753808812475e+01  1.130744401757892881e+01  1.299662792519266930e+01  3.999500383965534274e+04
454 9083 4.637513e-01 2.472720e+01  1.050921753808812475e+01  1.133685084398957699e+01  1.307610463434981085e+01  3.999433499373863742e+04
455 9103 4.605172e-01 2.474545e+01  1.050921753808812475e+01  1.140699119622054702e+01  2.016275931283076943e+03  3.998935692528144864e+04
456 9123 4.579827e-01 2.473755e+01  1.050921753808812475e+01  1.081391130023892266e+01  1.283448483735820389e+01  3.998481790364869812e+04
457 9143 4.559443e-01 2.474984e+01  1.050921753808812475e+01  1.090800680538474055e+01  1.383790473076610184e+01  3.998521312979959475e+04
458 9163 4.534639e-01 2.475982e+01  1.050921753808812475e+01  1.128388843278712095e+01  1.293206443771381231e+01  3.998316295932616049e+04
459 9183 4.486018e-01 2.476214e+01  1.050921753808812475e+01  1.088885180261537933e+01  4.999795070186927660e+03  3.998565642477152869e+04
460 9203 4.465664e-01 2.475303e+01  1.050921753808812475e+01  1.084222562787634558e+01  1.279157045998768538e+01  3.998539154904142924e+04
461 9223 4.450045e-01 2.474752e+01  1.050921753808812475e+01  1.123606542372299799e+01  1.309850567083834250e+01  3.999220205188681575e+04
462 9243 4.425253e-01 2.475990e+01  1.050921753808812475e+01  1.114979250063085736e+01  1.427386756156158754e+01  3.998855332920748333e+04
463 9263 4.408648e-01 2.476313e+01  1.050921753808812475e+01  1.120269221777193280e+01  4.016034775199987052e+03  3.096836230563735808e+04
464 9283 4.383574e-01 2.476636e+01  1.050921753808812475e+01  1.118659777503838804e+01  4.017623328216369373e+03  3.998507281981904089e+04
465 9303 4.360994e-01 2.476463e+01  1.050921753808812475e+01  1.105160202299204464e+01  1.289231578116459964e+01  3.998652423860054841e+04
466 9323 4.344322e-01 2.476938e+01  1.050921753808812475e+01  1.132235009035074569e+01  2.013589636912374544e+03  3.999046119245052978e+04
467 9343 4.346175e-01 2.477172e+01  1.050921753808812475e+01  1.120566561084805279e+01  1.372421868353781882e+01  3.999304728484430962e+04
468 9363 4.337216e-01 2.477992e+01  1.050921753808812475e+01  1.133896776497154413e+01  1.236548894270249122e+01  1.299184612548379482e+04
469 9383 4.308955e-01 2.478722e+01  1.050921753808812475e+01  1.081182519667452269e+01  4.024948748087739659e+03  1.300369538967579501e+04
470 9403 4.283963e-01 2.478995e+01  1.050921753808812475e+01  1.091739744363219700e+01  1.283108143495725173e+01  1.302297063747950779e+04
471 9423 4.259890e-01 2.479687e+01  1.050921753808812475e+01  1.111829123414185005e+01  1.309820844624479008e+01  2.198034217558617456e+04
472 9443 4.246902e-01 2.479808e+01  1.050921753808812475e+01  1.087283442023121616e+01  1.237219020607177455e+01  3.998929441557445534e+04
473 9463 4.248837e-01 2.480519e+01  1.050921753808812475e+01  1.104033215377637944e+01  1.201875951592026581e+01  3.999015994040400983e+04
474 9483 4.250448e-01 2.481932e+01  1.050921753808812475e+01  1.156788033745651312e+01  1.259058202371643098e+01  3.998302418421397306e+04
475 9503 4.243384e-01 2.482617e+01  1.050921753808812475e+01  1.097850297827034893e+01  1.357546525303512652e+01  2.200280313216248760e+04
476 9523 4.250782e-01 2.482984e+01  1.050921753808812475e+01  1.092221644712252804e+01  1.227049343936869086e+01  3.998328369942401332e+04
477 9543 4.237910e-01 2.482077e+01  1.050921753808812475e+01  1.052347712321720508e+01  2.012776432830356725e+03  3.997204676383227343e+04
478 9563 4.229244e-01 2.481952e+01  1.050921753808812475e+01  1.121893966650112695e+01  1.228891211521759530e+01  3.998237074365940498e+04
479 9583 4.225247e-01 2.482265e+01  1.050921753808812475e+01  1.057015695452467874e+01  2.013279060863341783e+03  3.999093762657342450e+04
480 9603 4.239802e-01 2.482375e+01  1.050921753808812475e+01  1.076623509329482786e+01  4.020743055853555234e+03  3.998774658320155140e+04
481 9623 4.274967e-01 2.482555e+01  1.050921753808812475e+01  1.101791752924722445e+01  1.179301378487692631e+01  9.986124595678687911e+03
482 9643 4.323659e-01 2.482505e+01  1.050921753808812475e+01  1.080744833907589353e+01  2.013469380533539379e+03  3.998839443712607317e+04
483 9663 4.379564e-01 2.482839e+01  1.050921753808812475e+01  1.095513801871350168e+01  1.239997784584129725e+01  3.998460611626023456e+04
484 9683 4.397841e-01 2.483537e+01  1.050921753808812475e+01  1.110414294309351035e+01  1.261715626277333691e+01  3.998715866471486515e+04
485 9703 4.420781e-01 2.484172e+01  1.047070239639477052e+01  1.047070239639477052e+01  1.312027402067960224e+01  2.201333280113809451e+04
486 9723 4.453719e-01 2.484885e+01  1.047070239639477052e+01  1.090402191021689404e+01  4.032194678697154814e+03  3.998829829364381294e+04
487 9743 4.458116e-01 2.485645e+01  1.047070239639477052e+01  1.131822604374763941e+01  1.317855666634386402e+01  3.998824210651336034e+04
488 9763 4.443105e-01 2.485177e+01  1.047070239639477052e+01  1.049605150694359956e+01  6.999847330758962926e+03  3.998831236499598162e+04
489 9783 4.443912e-01 2.485152e+01  1.047070239639477052e+01  1.094934331696290464e+01  1.261550325907023584e+01  3.998331284699650132e+04
490 9803 4.418902e-01 2.485999e+01  1.047070239639477052e+01  1.071671547340166697e+01  1.287908459842211428e+01  1.298927698172722558e+04
491 9823 4.389058e-01 2.486073e+01  1.029423571521261138e+01  1.029423571521261138e+01  1.276642478328269625e+01  3.999292408111905388e+04
492 9843 4.376889e-01 2.486658e+01  1.029423571521261138e+01  1.074419536227919281e+01  9.986883683652033142e+03  3.999178839603091183e+04
493 9863 4.371571e-01 2.486757e+01  1.029423571521261138e+01  1.087596333435879892e+01  1.160575652596172702e+01  3.999079260253442771e+04
494 9883 4.362998e-01 2.488892e+01  1.029423571521261138e+01  1.060903855749906910e+01  2.014678924385438449e+03  3.999433677540726057e+04
495 9903 4.341086e-01 2.490513e+01  1.029423571521261138e+01  1.082823912978580339e+01  9.985810195443318662e+03  3.094526224631683726e+04
496 9923 4.315641e-01 2.491726e+01  1.029423571521261138e+01  1.067024262387385214e+01  1.206068043767288955e+01  3.094674411781444724e+04
497 9943 4.297145e-01 2.493356e+01  1.029423571521261138e+01  1.109404302504648854e+01  9.984803670452172810e+03  3.998901166787830152e+04
498 9963 4.288780e-01 2.494462e+01  1.017888108391884572e+01  1.017888108391884572e+01  1.184327460964081524e+01  3.998878714039456827e+04
499 9983 4.272723e-01 2.494618e+01  1.017888108391884572e+01  1.063031837861205986e+01  1.298930932386272434e+04  3.999217679956848588e+04
500 10003 4.259610e-01 2.496627e+01  1.017888108391884572e+01  1.086336245450784332e+01  1.647950312118135844e+04  3.998879496326403023e+04
501 10023 4.246348e-01 2.496420e+01  1.017888108391884572e+01  1.073575576858387137e+01  7.012622354583520064e+03  3.998893241647024115e+04
502 10043 4.246066e-01 2.497152e+01  1.017888108391884572e+01  1.083463448647802174e+01  2.012217516403150967e+03  3.996932202332272573e+04
503 10063 4.245041e-01 2.496736e+01  1.017888108391884572e+01  1.061590459042200685e+01  9.985583178014525402e+03  3.092982400480327487e+04
504 10083 4.233475e-01 2.496440e+01  1.017888108391884572e+01  1.079806980819574669e+01  1.148777874204404725e+04  3.998576273087100708e+04
505 10103 4.231921e-01 2.496689e+01  1.017888108391884572e+01  1.084957750535476251e+01  9.984341958519748005e+03  3.998692408163802611e+04
506 10123 4.207131e-01 2.496032e+01  1.017888108391884572e+01  1.069760247957601074e+01  4.014722470284678366e+03  1.301271467458822190e+04
507 10143 4.182504e-01 2.495790e+01  1.017888108391884572e+01  1.088574073850615598e+01  9.985544104292010161e+03  3.998625424268106872e+04
508 10163 4.154329e-01 2.497752e+01  1.017888108391884572e+01  1.110068060127331258e+01  2.012547724911182513e+03  3.997967531186073029e+04
509 10183 4.128012e-01 2.497672e+01  1.017888108391884572e+01  1.100956586607322052e+01  4.014017385539765201e+03  3.998060194378222513e+04
510 10203 4.088976e-01 2.499020e+01  1.017888108391884572e+01  1.093828256540074229e+01  4.012500041247798890e+03  3.998648077042609657e+04
511 10223 4.064788e-01 2.499461e+01  1.017888108391884572e+01  1.077009551581272007e+01  1.342556634548377303e+01  3.998375504988198372e+04
512 10243 4.037622e-01 2.500447e+01  1.017888108391884572e+01  1.076022602496959379e+01  4.028019861252807004e+03  3.997867782758379326e+04
513 10263 4.004245e-01 2.500478e+01  1.017888108391884572e+01  1.082710237470551107e+01  1.356335957388423985e+01  3.998690425352620514e+04
514 10283 3.976384e-01 2.501690e+01  1.017888108391884572e+01  1.070155599562182402e+01  1.241152977556347992e+01  1.300650388668875894e+04
515 10303 3.938325e-01 2.503556e+01  1.017888108391884572e+01  1.081387256263539776e+01  1.299089494520442531e+04  3.998754632013201626e+04
516 10323 3.885886e-01 2.506307e+01  1.017888108391884572e+01  1.086682592803641612e+01  2.014324541905405340e+03  3.998645621640915488e+04
517 10343 3.856242e-01 2.506738e+01  1.017888108391884572e+01  1.061995339884370182e+01  1.257317756525695884e+01  3.998303444476293953e+04
518 10363 3.829862e-01 2.506853e+01  1.017888108391884572e+01  1.084273686338628551e+01  4.025716006737479802e+03  3.998855239249672013e+04
519 10383 3.813695e-01 2.507295e+01  1.017888108391884572e+01  1.045889834218114167e+01  1.203342578994336165e+01  1.299726515251899400e+04
520 10403 3.785914e-01 2.507973e+01  1.017888108391884572e+01  1.073528879124799928e+01  4.015586508878538098e+03  3.998720028116396134e+04
521 10423 3.761870e-01 2.508506e+01  1.017888108391884572e+01  1.065919263183422139e+01  9.980692247298606162e+03  3.998438943176052999e+04
522 10443 3.750558e-01 2.511623e+01  1.017888108391884572e+01  1.044653280663006001e+01  1.277787488641206082e+01  3.998670318231306737e+04
523 10463 3.745505e-01 2.511694e+01  1.017888108391884572e+01  1.023521768276566313e+01  9.984714138377210475e+03  3.992688141088954580e+04
524 10483 3.752815e-01 2.511370e+01  1.017888108391884572e+01  1.083388594007181460e+01  9.987277275641097731e+03  3.996989737531381252e+04
525 10503 3.768021e-01 2.511995e+01  1.017888108391884572e+01  1.071620329749815070e+01  4.014063842781421044e+03  3.998437060424968513e+04
526 10523 3.776641e-01 2.513481e+01  1.017888108391884572e+01  1.080416777863399425e+01  1.329724607331816344e+01  3.094352155271592710e+04
527 10543 3.760882e-01 2.513805e+01  1.017888108391884572e+01  1.084722217587207282e+01  1.160233899193404916e+01  2.197342080569840618e+04
528 10563 3.769668e-01 2.517129e+01  1.017888108391884572e+01  1.084311674819132598e+01  1.163726754179977441e+01  3.998699524881714751e+04
529 10583 3.768105e-01 2.520020e+01  1.017888108391884572e+01  1.052277625944901374e+01  1.215153510128222436e+01  2.196513980871823878e+04
530 10603 3.751122e-01 2.523122e+01  1.017888108391884572e+01  1.071594490166545732e+01  1.300581275513508217e+01  3.991202635910622485e+04
531 10623 3.751042e-01 2.525752e+01  1.017888108391884572e+01  1.095156894196560771e+01  1.208952917841067176e+01  2.196331912948164609e+04
532 10643 3.742378e-01 2.528060e+01  1.017888108391884572e+01  1.088429075496504517e+01  1.181572811607238371e+01  3.998396971921709337e+04
533 10663 3.753934e-01 2.531653e+01  1.017888108391884572e+01  1.097772223792827617e+01  1.186345772843958812e+01  1.300979607811858295e+04
534 10683 3.755263e-01 2.534678e+01  1.017888108391884572e+01  1.094726764609238145e+01  1.152487498057412019e+01  1.996463269694180417e+04
535 10703 3.771179e-01 2.537559e+01  1.017888108391884572e+01  1.118003662260543507e+01  1.225559946098733022e+01  3.094079973566313492e+04
536 10723 3.813188e-01 2.541607e+01  1.017888108391884572e+01  1.099757377119819424e+01  1.241991823362152836e+01  3.997125857658145833e+04
537 10743 3.845983e-01 2.544671e+01  1.017888108391884572e+01  1.114907725774256875e+01  1.234767017939950406e+01  3.998287579491201177e+04
538 10763 3.856426e-01 2.546710e+01  1.017888108391884572e+01  1.155666855631291767e+01  2.013169098962271846e+03  3.998520301209693571e+04
539 10783 3.855671e-01 2.548958e+01  1.017888108391884572e+01  1.091675872433511785e+01  1.277623707673732234e+01  3.998946928566896531e+04
540 10803 3.849514e-01 2.551398e+01  1.017888108391884572e+01  1.080042846372403176e+01  1.163695494201629366e+01  1.299051872650073346e+04
541 10823 3.855364e-01 2.552553e+01  1.017888108391884572e+01  1.103099786208241895e+01  7.000399218206142905e+03  3.998887444143566245e+04
542 10843 3.843785e-01 2.553376e+01  1.017888108391884572e+01  1.067938264759093947e+01  1.281559557981688258e+01  3.996687778229192918e+04
543 10863 3.843700e-01 2.554702e+01  1.017888108391884572e+01  1.080367054416021944e+01  1.175246496345888758e+01  3.997791137288526807e+04
544 10883 3.866560e-01 2.555407e+01  1.017888108391884572e+01  1.094694162539549431e+01  1.249276064244705431e+01  3.998618254208938015e+04
545 10903 3.878326e-01 2.555616e+01  1.017888108391884572e+01  1.054812634501835689e+01  1.166850238784358851e+01  3.997754493064204144e+04
546 10923 3.875484e-01 2.558106e+01  1.017888108391884572e+01  1.096694958751557181e+01  1.212152188717179513e+01  2.200780745287899481e+04
547 10943 3.882665e-01 2.559289e+01  1.017888108391884572e+01  1.071981539673665118e+01  1.206435528282782244e+01  2.196121372835463990e+04
548 10963 3.883695e-01 2.560179e+01  1.017888108391884572e+01  1.076940197722784731e+01  1.154870804431700471e+01  3.998521033118466585e+04
549 10983 3.860248e-01 2.561352e+01  1.017888108391884572e+01  1.048655489069300017e+01  1.197934000783536490e+01  3.999419205513484485e+04
550 11003 3.844511e-01 2.561390e+01  1.017888108391884572e+01  1.060817788050047383e+01  1.150081861341201517e+01  3.997586673563917429e+04
551 11023 3.833540e-01 2.562423e+01  1.017888108391884572e+01  1.050196740688090813e+01  1.218350165902401905e+01  3.998736227090539614e+04
552 11043 3.815910e-01 2.563018e+01  1.017888108391884572e+01  1.031696427263082860e+01  1.166234427517215977e+01  2.196831227905346532e+04
553 11063 3.795513e-01 2.563576e+01  1.017888108391884572e+01  1.033056158540750857e+01  1.204207674839122788e+01  3.997706470892337529e+04
554 11083 3.777991e-01 2.564116e+01  1.017888108391884572e+01  1.069891470218285079e+01  4.018926607600518309e+03  3.998846040722261387e+04
555 11103 3.749496e-01 2.564758e+01  1.017888108391884572e+01  1.019089831874028462e+01  1.141066314652429448e+01  3.998946093142052996e+04
556 11123 3.726088e-01 2.566536e+01  1.017888108391884572e+01  1.028366330171760623e+01  4.015238060439871333e+03  3.998166956275881967e+04
557 11143 3.718576e-01 2.567362e+01  1.017888108391884572e+01  1.025870848502299637e+01  1.111150913628286219e+01  3.997588633400026447e+04
558 11163 3.734756e-01 2.569449e+01  1.017888108391884572e+01  1.057113515888239519e+01  1.203382158772519617e+01  3.998169793124272110e+04
559 11183 3.759379e-01 2.570131e+01  1.017888108391884572e+01  1.055500500678047970e+01  2.012926228511333647e+03  3.993422944461978477e+04
560 11203 3.770262e-01 2.570921e+01  1.017888108391884572e+01  1.021404203916249642e+01  1.141448739605896634e+01  9.987344547253538622e+03
561 11223 3.787206e-01 2.572171e+01  1.017888108391884572e+01  1.034490944915332555e+01  1.168999528857824544e+01  3.998918894886839553e+04
562 11243 3.804329e-01 2.573801e+01  1.017888108391884572e+01  1.049416631551734902e+01  2.013783762782106805e+03  3.998607371962340403e+04
563 11263 3.834719e-01 2.574700e+01  1.017888108391884572e+01  1.019104514415391805e+01  1.104499486174932166e+01  1.298886122677076310e+04
564 11283 3.850707e-01 2.576065e+01  1.017888108391884572e+01  1.022949725613061389e+01  1.169920552014921356e+01  1.299148323942706884e+04
565 11303 3.873147e-01 2.576581e+01  1.017888108391884572e+01  1.025747020825481570e+01  1.091092866107189963e+01  3.997529472999359132e+04
566 11323 3.901550e-01 2.578244e+01  1.017888108391884572e+01  1.045214442040828473e+01  2.012343951968864530e+03  2.195970935944493249e+04
567 11343 3.913349e-01 2.580076e+01  1.017888108391884572e+01  1.022918146367904768e+01  1.169699266757456435e+01  3.998118704221252847e+04
568 11363 3.917126e-01 2.582114e+01  1.017888108391884572e+01  1.061571424446249878e+01  9.984651068616651173e+03  3.997364756037771440e+04
569 11383 3.924039e-01 2.582876e+01  1.017888108391884572e+01  1.050805509186498199e+01  2.012936084406524287e+03  3.097108394313690587e+04
570 11403 3.919089e-01 2.585033e+01  1.017888108391884572e+01  1.054527106852328444e+01  1.145486529616752591e+01  3.994233073613310262e+04
571 11423 3.910259e-01 2.585401e+01  1.017888108391884572e+01  1.056549828756872955e+01  7.000963500872167060e+03  3.093413071344243144e+04
572 11443 3.905764e-01 2.587138e+01  1.017888108391884572e+01  1.068462367803406821e+01  1.198902328699877806e+01  2.195966327099570481e+04
573 11463 3.899006e-01 2.587416e+01  1.017888108391884572e+01  1.054299046583183141e+01  1.196170664093831348e+01  3.996321514007225051e+04
574 11483 3.886188e-01 2.586959e+01  1.017888108391884572e+01  1.054107014054920555e+01  1.158380446461080204e+01  3.993354614435545955e+04
575 11503 3.858020e-01 2.587326e+01  1.017888108391884572e+01  1.021743969002973529e+01  1.163330774724652983e+01  2.196239834899924608e+04
576 11523 3.825820e-01 2.589358e+01  1.017888108391884572e+01  1.045602878535635760e+01  1.101431722804678159e+01  9.984822546047586002e+03
577 11543 3.801423e-01 2.590454e+01  1.017888108391884572e+01  1.024809372870963031e+01  1.147312044126021391e+01  3.093134597627850235e+04
578 11563 3.782895e-01 2.591054e+01  1.010882900169835530e+01  1.010882900169835530e+01  1.084027336630014382e+01  3.997600355366951408e+04
579 11583 3.770450e-01 2.590827e+01  1.010882900169835530e+01  1.048002944610167120e+01  4.015726392031538580e+03  3.997419719606749277e+04
580 11603 3.765140e-01 2.590644e+01  1.010882900169835530e+01  1.025124647335380246e+01  1.136229351414682931e+01  3.993032913047477632e+04
581 11623 3.771775e-01 2.590479e+01  1.010882900169835530e+01  1.020827547266615909e+01  1.103126125728563167e+01  1.995534598003739302e+04
582 11643 3.777705e-01 2.590324e+01  1.010882900169835530e+01  1.057838392871270017e+01  1.123809883600186765e+01  2.197017460086886422e+04
583 11663 3.783964e-01 2.591226e+01  1.010882900169835530e+01  1.041208313519375395e+01  1.133693694083353343e+01  3.992576343802559131e+04
584 11683 3.797065e-01 2.591842e+01  1.010882900169835530e+01  1.025441821439754975e+01  1.146501280628061004e+01  3.998373568174176762e+04
585 11703 3.811117e-01 2.594146e+01  1.010882900169835530e+01  1.037683602873911326e+01  1.135485166222801823e+01  3.997000752815015585e+04
586 11723 3.818229e-01 2.594674e+01  1.010882900169835530e+01  1.029729644622571350e+01  1.174030287485579827e+01  3.094378775831175881e+04
587 11743 3.830469e-01 2.595950e+01  1.010882900169835530e+01  1.025872951770202235e+01  1.189432673595133139e+01  1.995758559067159877e+04
588 11763 3.834883e-01 2.596352e+01  1.010882900169835530e+01  1.032977794974391195e+01  2.011973082185005069e+03  3.990126811186556733e+04
589 11783 3.841089e-01 2.596574e+01  1.010882900169835530e+01  1.023385270070495423e+01  1.137794168467029721e+01  2.195809521346692418e+04
590 11803 3.840989e-01 2.597234e+01  1.010882900169835530e+01  1.035312018546489199e+01  1.142803671624526274e+01  2.195919186889016419e+04
591 11823 3.831046e-01 2.598494e+01  1.010882900169835530e+01  1.022735457710854945e+01  1.135419025966092832e+01  1.996300318568270450e+04
592 11843 3.810906e-01 2.597789e+01  1.010882900169835530e+01  1.035779715454294703e+01  1.183423121989598314e+01  3.997607698651008104e+04
593 11863 3.792384e-01 2.598041e+01  1.010882900169835530e+01  1.060871851875741356e+01  1.138505369871166906e+01  3.997183271272835555e+04
594 11883 3.786917e-01 2.598731e+01  1.010882900169835530e+01  1.047898134418628402e+01  1.104128936050142862e+01  9.989425859843455328e+03
595 11903 3.789026e-01 2.600184e+01  1.010882900169835530e+01  1.036762842801051576e+01  1.200779521144228923e+01  3.998362374911005463e+04
596 11923 3.774889e-01 2.600470e+01  1.010882900169835530e+01  1.053406880723790096e+01  1.200930326336499121e+01  3.093443264008308324e+04
597 11943 3.750390e-01 2.601598e+01  1.010882900169835530e+01  1.037816780706122088e+01  1.133311807918514447e+01  9.977388965143158202e+03
598 11963 3.711835e-01 2.602683e+01  1.010882900169835530e+01  1.034539773433586518e+01  4.016376464871473217e+03  3.997136174629975721e+04
599 11983 3.693447e-01 2.603074e+01  1.010882900169835530e+01  1.045630785355894155e+01  1.110581620378428624e+01  3.997782523070160096e+04
600 12003 3.659803e-01 2.602994e+01  1.010882900169835530e+01  1.053113648627092402e+01  4.013114642520857615e+03  3.996963783032822539e+04
