%  columns="iteration, evaluation, sigma, axis ratio, bestever, best, median, worst fitness function value, further objective values of best" (startseed=208417, 2017/07/28 16:1:15.18)
1 21 1.064993e+00 2.242040e+01  2.158009968667418566e+00  2.324431856853741873e+00  2.695981792618275197e+00  3.689207133258932902e+00
2 41 1.023605e+00 2.243839e+01  2.158009968667418566e+00  2.264639909660727923e+00  2.590706939631570727e+00  3.015702257792503449e+00
3 61 9.861341e-01 2.244499e+01  2.158009968667418566e+00  2.355160039909358627e+00  2.652778842095102618e+00  4.655617904460414458e+00
4 81 9.513366e-01 2.245368e+01  2.158009968667418566e+00  2.311163781438415388e+00  2.604341175164399669e+00  3.006356515070677027e+00
5 101 9.294479e-01 2.247019e+01  2.158009968667418566e+00  2.342901405290380268e+00  2.534938832406658182e+00  2.986653366852874747e+00
6 121 9.114593e-01 2.247993e+01  2.158009968667418566e+00  2.275067264258861410e+00  2.550646406205440364e+00  2.827797603814244276e+00
7 141 8.962715e-01 2.248291e+01  2.158009968667418566e+00  2.271418381279745269e+00  2.556286704584504577e+00  2.919779361742549817e+00
8 161 8.859276e-01 2.249207e+01  2.158009968667418566e+00  2.284728581096187039e+00  2.552477736199487701e+00  2.871013163057453355e+00
9 181 8.755707e-01 2.249925e+01  2.158009968667418566e+00  2.321625679004327925e+00  2.534249297781343557e+00  4.337816033251379544e+00
10 201 8.667866e-01 2.251142e+01  2.158009968667418566e+00  2.237531880369227455e+00  2.508093786777192413e+00  2.983750006320696091e+00
11 221 8.579649e-01 2.251896e+01  2.158009968667418566e+00  2.263704346839145565e+00  2.484758877263602450e+00  3.807983773829997087e+00
12 241 8.498844e-01 2.253598e+01  2.158009968667418566e+00  2.355173121526776825e+00  2.534309556767074589e+00  2.962123415982095498e+00
13 261 8.464740e-01 2.254375e+01  2.158009968667418566e+00  2.354376403806951679e+00  2.568601754844179297e+00  4.196822198458903586e+00
14 281 8.447106e-01 2.255609e+01  2.158009968667418566e+00  2.267437975904735392e+00  2.502319222886662420e+00  2.894706166985824947e+00
15 301 8.485691e-01 2.258943e+01  2.158009968667418566e+00  2.314529316509117418e+00  2.510056507906221146e+00  3.081304830701506070e+00
16 321 8.479124e-01 2.259520e+01  2.158009968667418566e+00  2.245954636180597763e+00  2.454811940129653536e+00  4.290933947879080890e+00
17 341 8.465923e-01 2.260386e+01  2.158009968667418566e+00  2.277152387113221543e+00  2.476160198566862647e+00  2.932751090192017074e+00
18 361 8.412487e-01 2.261193e+01  2.158009968667418566e+00  2.340722938108408258e+00  2.501757498240087862e+00  3.083430956382721799e+00
19 381 8.344960e-01 2.262508e+01  2.158009968667418566e+00  2.337886264296460404e+00  2.454307263597652611e+00  3.100323206957477318e+00
20 401 8.264939e-01 2.263228e+01  2.158009968667418566e+00  2.302559673240577087e+00  2.542597507329703355e+00  3.714954252461435402e+00
21 421 8.194225e-01 2.263280e+01  2.158009968667418566e+00  2.302590783734009605e+00  2.538908827194564566e+00  4.451079835499293758e+00
22 441 8.134518e-01 2.264411e+01  2.158009968667418566e+00  2.291295631443256209e+00  2.491327008714061098e+00  3.018858016834377711e+00
23 461 8.072175e-01 2.265450e+01  2.158009968667418566e+00  2.333986272516916927e+00  2.506755734507220446e+00  2.816627145854464942e+00
24 481 8.027865e-01 2.266300e+01  2.158009968667418566e+00  2.280285139156429608e+00  2.572556779392170867e+00  3.023454180536181202e+00
25 501 7.938327e-01 2.267960e+01  2.158009968667418566e+00  2.356320615994338841e+00  2.592282973313180250e+00  3.071032552610577948e+00
26 521 7.833249e-01 2.268216e+01  2.158009968667418566e+00  2.312034059152138443e+00  2.509234337709323803e+00  4.109131423485743895e+00
27 541 7.776465e-01 2.269195e+01  2.158009968667418566e+00  2.329967992831400991e+00  2.614480824020590788e+00  4.450763175204657252e+00
28 561 7.712784e-01 2.268094e+01  2.158009968667418566e+00  2.350149975319971496e+00  2.498661091043006266e+00  3.019052143611279604e+00
29 581 7.634802e-01 2.267901e+01  2.158009968667418566e+00  2.339010540542406424e+00  2.516130435330193649e+00  4.076988641478058284e+00
30 601 7.600583e-01 2.269762e+01  2.158009968667418566e+00  2.353851577867107192e+00  2.484143237033414664e+00  4.177475136405323752e+00
31 621 7.524451e-01 2.269649e+01  2.158009968667418566e+00  2.262190129286459239e+00  2.544601721630395552e+00  2.911852656140187179e+00
32 641 7.401621e-01 2.269864e+01  2.158009968667418566e+00  2.331265634231050043e+00  2.557198486638695201e+00  3.059878896166067008e+00
33 661 7.323716e-01 2.271920e+01  2.158009968667418566e+00  2.354981153118057779e+00  2.560881912973457020e+00  4.114917678649932853e+00
34 681 7.271629e-01 2.273585e+01  2.158009968667418566e+00  2.341408872109928652e+00  2.557616333401332653e+00  2.785022148410131404e+00
35 701 7.179785e-01 2.273792e+01  2.158009968667418566e+00  2.366893891535954086e+00  2.466334324318086857e+00  2.785969671023063032e+00
36 721 7.092727e-01 2.274237e+01  2.158009968667418566e+00  2.310559891465132409e+00  2.555312536341514118e+00  3.055808628283266160e+00
37 741 7.003662e-01 2.276445e+01  2.158009968667418566e+00  2.318690527848868310e+00  2.564496965330498313e+00  4.313374409070990012e+00
38 761 6.891170e-01 2.278008e+01  2.158009968667418566e+00  2.298109800271139758e+00  2.473686406519591152e+00  2.815120255951076178e+00
39 781 6.778769e-01 2.278608e+01  2.158009968667418566e+00  2.310915024355260527e+00  2.410082589458268920e+00  2.694619889632281051e+00
40 801 6.666080e-01 2.278843e+01  2.158009968667418566e+00  2.310895304396011873e+00  2.431456956439654871e+00  2.668845631829049658e+00
41 821 6.564847e-01 2.279898e+01  2.158009968667418566e+00  2.278799199602641767e+00  2.412163044869645390e+00  3.055472807722525275e+00
42 841 6.455979e-01 2.281060e+01  2.158009968667418566e+00  2.282211867855394427e+00  2.427111669862746179e+00  2.972630975469195747e+00
43 861 6.383378e-01 2.281124e+01  2.158009968667418566e+00  2.266952965743313619e+00  2.398904968086105871e+00  2.663380762231463361e+00
44 881 6.302635e-01 2.281955e+01  2.158009968667418566e+00  2.214186218402356410e+00  2.386391775895063017e+00  2.693440649764159645e+00
45 901 6.252338e-01 2.281810e+01  2.158009968667418566e+00  2.273948845936307084e+00  2.480184458250638269e+00  4.188958284909800156e+00
46 921 6.208778e-01 2.283121e+01  2.158009968667418566e+00  2.301593974977870438e+00  2.500140451766372784e+00  2.813417178900673221e+00
47 941 6.140366e-01 2.284289e+01  2.158009968667418566e+00  2.288531999761757252e+00  2.418574198797422969e+00  4.204766974102121857e+00
48 961 6.072955e-01 2.284025e+01  2.158009968667418566e+00  2.257725767045379861e+00  2.387672025483388971e+00  3.011383770214417499e+00
49 981 5.997307e-01 2.284950e+01  2.158009968667418566e+00  2.242434101107731337e+00  2.381589087527632209e+00  3.960710852144976091e+00
50 1001 5.971109e-01 2.285352e+01  2.158009968667418566e+00  2.235682681823592866e+00  2.367635963049856240e+00  3.933435017114516263e+00
51 1021 5.931498e-01 2.286125e+01  2.158009968667418566e+00  2.248594130567980187e+00  2.396314476662548820e+00  2.665006610141430254e+00
52 1041 5.913621e-01 2.287188e+01  2.158009968667418566e+00  2.229094154226203273e+00  2.417066746077851214e+00  2.737083446986188218e+00
53 1061 5.911090e-01 2.287560e+01  2.158009968667418566e+00  2.259330452945887302e+00  2.359514619445042261e+00  2.792155666010102344e+00
54 1081 5.921296e-01 2.287900e+01  2.158009968667418566e+00  2.228970824802136708e+00  2.362421167124938215e+00  2.866761155618973600e+00
55 1101 5.959124e-01 2.289013e+01  2.158009968667418566e+00  2.243946418225494011e+00  2.365594369116145401e+00  2.748900414125734937e+00
56 1121 6.009183e-01 2.290656e+01  2.158009968667418566e+00  2.223545940344028971e+00  2.335660928875359588e+00  4.076347511568488180e+00
57 1141 6.048817e-01 2.291896e+01  2.158009968667418566e+00  2.222522833091311600e+00  2.351508423789101077e+00  4.001918624646052969e+00
58 1161 6.089958e-01 2.292330e+01  2.158009968667418566e+00  2.274501156108826638e+00  2.355037588906712109e+00  2.789974370277795046e+00
59 1181 6.132321e-01 2.293646e+01  2.158009968667418566e+00  2.227060687609303535e+00  2.355894827818411308e+00  2.800287293494346574e+00
60 1201 6.175076e-01 2.296353e+01  2.158009968667418566e+00  2.278619680933384295e+00  2.434873681023289826e+00  4.077437704935435114e+00
61 1221 6.214991e-01 2.297651e+01  2.158009968667418566e+00  2.260837963190362121e+00  2.456837732619847614e+00  2.905729047951814970e+00
62 1241 6.233401e-01 2.298922e+01  2.158009968667418566e+00  2.260821163129639544e+00  2.470930202139757892e+00  5.747234905209597677e+00
63 1261 6.255277e-01 2.298969e+01  2.158009968667418566e+00  2.251942727003042766e+00  2.356416255692545203e+00  2.953418047179670936e+00
64 1281 6.320230e-01 2.300019e+01  2.158009968667418566e+00  2.246090904979911596e+00  2.344708907740963966e+00  2.717791581995226746e+00
65 1301 6.340830e-01 2.300943e+01  2.158009968667418566e+00  2.241360595800300892e+00  2.380864876908847627e+00  2.704536239318452662e+00
66 1321 6.332434e-01 2.302855e+01  2.158009968667418566e+00  2.241494375184022392e+00  2.452181156629774872e+00  2.684751722274941077e+00
67 1341 6.323472e-01 2.302850e+01  2.158009968667418566e+00  2.275263775242181374e+00  2.383124855547376519e+00  5.879545645407984189e+00
68 1361 6.312383e-01 2.302726e+01  2.158009968667418566e+00  2.233035321315941069e+00  2.345045666294962139e+00  2.719719256352208792e+00
69 1381 6.270949e-01 2.302965e+01  2.158009968667418566e+00  2.231651248227870532e+00  2.320879451901995072e+00  2.514165694247404659e+00
70 1401 6.215152e-01 2.303506e+01  2.158009968667418566e+00  2.235931921104851838e+00  2.344696568296398276e+00  5.863071582394362657e+00
71 1421 6.175852e-01 2.304996e+01  2.158009968667418566e+00  2.265369204872175857e+00  2.352703367584297212e+00  2.697803246252061360e+00
72 1441 6.108836e-01 2.304531e+01  2.158009968667418566e+00  2.273886147309678307e+00  2.367365230505310780e+00  2.805213042096221798e+00
73 1461 6.097307e-01 2.306147e+01  2.158009968667418566e+00  2.239011350869161809e+00  2.372720362550706952e+00  2.800696794743223528e+00
74 1481 6.067745e-01 2.306486e+01  2.158009968667418566e+00  2.226643963355210865e+00  2.342973957488415415e+00  2.662494201423307061e+00
75 1501 6.037637e-01 2.307041e+01  2.158009968667418566e+00  2.235763926817547542e+00  2.423223461428052339e+00  2.608718880918317051e+00
76 1521 6.026568e-01 2.307842e+01  2.158009968667418566e+00  2.228546101346995822e+00  2.322568436708166040e+00  2.855074708206319478e+00
77 1541 6.002898e-01 2.309121e+01  2.158009968667418566e+00  2.236728694921320759e+00  2.333778838998415317e+00  2.610351290455392714e+00
78 1561 5.948421e-01 2.311183e+01  2.158009968667418566e+00  2.238349143522941453e+00  2.382953175609105578e+00  3.970196245510801081e+00
79 1581 5.898436e-01 2.313542e+01  2.158009968667418566e+00  2.238071813141373934e+00  2.390204353796526959e+00  2.782976586645105055e+00
80 1601 5.819805e-01 2.316056e+01  2.158009968667418566e+00  2.224973263109831123e+00  2.387327329139375287e+00  2.830423423820158213e+00
81 1621 5.761708e-01 2.318108e+01  2.158009968667418566e+00  2.243283659761743820e+00  2.342462181178365910e+00  2.959265501861132019e+00
82 1641 5.707303e-01 2.319976e+01  2.158009968667418566e+00  2.236766061369098946e+00  2.305608133889283096e+00  2.759489166666179827e+00
83 1661 5.656430e-01 2.321188e+01  2.158009968667418566e+00  2.251317044456912164e+00  2.353032206454432007e+00  2.987042463416769156e+00
84 1681 5.575086e-01 2.321726e+01  2.158009968667418566e+00  2.221687685265651524e+00  2.322316071858770758e+00  2.679640722628371829e+00
85 1701 5.499813e-01 2.322715e+01  2.158009968667418566e+00  2.225736683873491106e+00  2.386706795736198927e+00  2.871682909186523691e+00
86 1721 5.433921e-01 2.323793e+01  2.158009968667418566e+00  2.202947466738657933e+00  2.332935424116965528e+00  2.699429447995095988e+00
87 1741 5.370045e-01 2.323397e+01  2.158009968667418566e+00  2.208988296465547840e+00  2.335797350915292725e+00  2.736337517684951148e+00
88 1761 5.352586e-01 2.323241e+01  2.158009968667418566e+00  2.241617017637008491e+00  2.303085248025220633e+00  2.578342085863736255e+00
89 1781 5.310814e-01 2.324631e+01  2.158009968667418566e+00  2.228001950149983923e+00  2.335078319724197549e+00  3.974242571420752324e+00
90 1801 5.285601e-01 2.324922e+01  2.158009968667418566e+00  2.221424885528842541e+00  2.327282505362728848e+00  2.654586042826145409e+00
91 1821 5.263394e-01 2.326652e+01  2.158009968667418566e+00  2.215475143292505500e+00  2.306749904155884323e+00  2.849316128628966549e+00
92 1841 5.226042e-01 2.326828e+01  2.158009968667418566e+00  2.239832466068107930e+00  2.363207724499589268e+00  2.901811521115607473e+00
93 1861 5.162439e-01 2.327145e+01  2.158009968667418566e+00  2.225573704190082935e+00  2.312896197691678868e+00  2.725823341365849029e+00
94 1881 5.087857e-01 2.327575e+01  2.158009968667418566e+00  2.225474756156048617e+00  2.306831594556901344e+00  3.993897234230177062e+00
95 1901 5.012585e-01 2.327169e+01  2.158009968667418566e+00  2.221892585843011858e+00  2.316093632940451119e+00  2.767966377906577513e+00
96 1921 4.946616e-01 2.330718e+01  2.158009968667418566e+00  2.210291255279027034e+00  2.295196890417094959e+00  4.112045836240339369e+00
97 1941 4.883313e-01 2.330101e+01  2.158009968667418566e+00  2.229342906799021140e+00  2.324636689434794068e+00  4.170157866692365545e+00
98 1961 4.818503e-01 2.331136e+01  2.158009968667418566e+00  2.213526166378178672e+00  2.322392338728748840e+00  2.914866615138156813e+00
99 1981 4.781158e-01 2.331293e+01  2.158009968667418566e+00  2.231128402114033182e+00  2.298354441601010656e+00  2.780496358418070191e+00
100 2001 4.735972e-01 2.331665e+01  2.158009968667418566e+00  2.224921823392902009e+00  2.368115254119400603e+00  4.045363411480214388e+00
101 2021 4.712613e-01 2.331341e+01  2.158009968667418566e+00  2.238485121405464628e+00  2.305506526422555602e+00  3.991538257010231572e+00
102 2041 4.689151e-01 2.331594e+01  2.158009968667418566e+00  2.267320198606556314e+00  2.369388529381476260e+00  4.407613297067089597e+00
103 2061 4.666500e-01 2.331147e+01  2.158009968667418566e+00  2.220686203215853638e+00  2.324550001336687544e+00  2.751152586144905321e+00
104 2081 4.647803e-01 2.331646e+01  2.158009968667418566e+00  2.226798208783677513e+00  2.282882658343146520e+00  2.721797808537172347e+00
105 2101 4.631342e-01 2.331778e+01  2.158009968667418566e+00  2.206539150190853782e+00  2.318827802673345317e+00  3.994313862839304896e+00
106 2121 4.592549e-01 2.332165e+01  2.158009968667418566e+00  2.212894255778034225e+00  2.308522768214667398e+00  3.960762225491013311e+00
107 2141 4.553270e-01 2.332148e+01  2.158009968667418566e+00  2.214498653632324121e+00  2.289479089662366018e+00  2.404387745593046688e+00
108 2161 4.495228e-01 2.332588e+01  2.158009968667418566e+00  2.222308804540837013e+00  2.266441478401022724e+00  2.970051809363160267e+00
109 2181 4.434100e-01 2.331736e+01  2.158009968667418566e+00  2.234474477869691000e+00  2.366803519290824553e+00  2.768969208109795854e+00
110 2201 4.411229e-01 2.332480e+01  2.158009968667418566e+00  2.212438048958962344e+00  2.302147187608385881e+00  2.740128773857969158e+00
111 2221 4.392521e-01 2.334017e+01  2.158009968667418566e+00  2.215073883455411341e+00  2.290614735163339688e+00  2.726680907244912966e+00
112 2241 4.332375e-01 2.335330e+01  2.158009968667418566e+00  2.209309648918252655e+00  2.291075887507303399e+00  2.926843118915398723e+00
113 2261 4.279829e-01 2.336568e+01  2.158009968667418566e+00  2.206845321681289551e+00  2.301513382189288137e+00  3.989133340152576590e+00
114 2281 4.235317e-01 2.337889e+01  2.158009968667418566e+00  2.200419128526107659e+00  2.253743317952607406e+00  3.936066418067747819e+00
115 2301 4.203851e-01 2.338283e+01  2.158009968667418566e+00  2.223855640923785515e+00  2.280549563965944770e+00  2.756722515450249489e+00
116 2321 4.191530e-01 2.338621e+01  2.158009968667418566e+00  2.201080398887999223e+00  2.286393736871219051e+00  2.765879030479241329e+00
117 2341 4.156921e-01 2.339425e+01  2.158009968667418566e+00  2.188254761829636852e+00  2.265861218597464699e+00  2.753083716901487676e+00
118 2361 4.126110e-01 2.340116e+01  2.158009968667418566e+00  2.196189598879357163e+00  2.246097444591790726e+00  2.757161671320737639e+00
119 2381 4.106368e-01 2.343545e+01  2.158009968667418566e+00  2.199147219940059461e+00  2.246151718320683166e+00  2.489876698237085240e+00
120 2401 4.109704e-01 2.343811e+01  2.158009968667418566e+00  2.205372731423087096e+00  2.280782624753538101e+00  2.733042441186287697e+00
121 2421 4.098873e-01 2.343751e+01  2.158009968667418566e+00  2.203785285590145193e+00  2.269656882996775593e+00  3.998189630648075532e+00
122 2441 4.104447e-01 2.344133e+01  2.158009968667418566e+00  2.212389949475336515e+00  2.249628926624887004e+00  2.925392977790786553e+00
123 2461 4.115462e-01 2.345930e+01  2.158009968667418566e+00  2.190603963597346659e+00  2.280327804817126491e+00  5.593246599711817701e+00
124 2481 4.112870e-01 2.346227e+01  2.158009968667418566e+00  2.193665701033630899e+00  2.263737303541996759e+00  4.092911253372505165e+00
125 2501 4.100717e-01 2.346114e+01  2.158009968667418566e+00  2.191187286337413553e+00  2.269694013866484283e+00  4.010123549989551783e+00
126 2521 4.086939e-01 2.346650e+01  2.158009968667418566e+00  2.194708693525375232e+00  2.257143001194998888e+00  2.764897958979312342e+00
127 2541 4.058501e-01 2.347293e+01  2.158009968667418566e+00  2.190601220789884174e+00  2.261080361686173212e+00  4.015727697334360080e+00
128 2561 4.025994e-01 2.348179e+01  2.158009968667418566e+00  2.205517699882466598e+00  2.266160365111273389e+00  3.943414413034880717e+00
129 2581 4.014663e-01 2.348248e+01  2.158009968667418566e+00  2.208304055239998842e+00  2.254876297988625655e+00  2.748387442912626266e+00
130 2601 4.005411e-01 2.348532e+01  2.158009968667418566e+00  2.198824168487608866e+00  2.274466669580138323e+00  2.779432579845606544e+00
131 2621 3.992378e-01 2.347587e+01  2.158009968667418566e+00  2.192886353285904200e+00  2.258761195238867536e+00  2.696525456255360886e+00
132 2641 3.991214e-01 2.347933e+01  2.158009968667418566e+00  2.198901000105093040e+00  2.272504794717535859e+00  3.626840741946530944e+00
133 2661 3.965558e-01 2.350920e+01  2.158009968667418566e+00  2.189909197107310579e+00  2.243110010924347364e+00  3.971260426855133474e+00
134 2681 3.956062e-01 2.352641e+01  2.158009968667418566e+00  2.207760750369793357e+00  2.252818626509858646e+00  2.523326788091682538e+00
135 2701 3.964595e-01 2.353962e+01  2.158009968667418566e+00  2.200855355684442571e+00  2.251495569858586343e+00  2.518989789038104110e+00
136 2721 3.956238e-01 2.355410e+01  2.158009968667418566e+00  2.203368629213413588e+00  2.285481373305694675e+00  3.200755038651444728e+00
137 2741 3.945597e-01 2.355770e+01  2.158009968667418566e+00  2.184889065413837983e+00  2.264133542282726452e+00  2.377174249174970555e+00
138 2761 3.929707e-01 2.356214e+01  2.158009968667418566e+00  2.191604478304490566e+00  2.266326877827986142e+00  3.945925401119852349e+00
139 2781 3.924951e-01 2.357913e+01  2.158009968667418566e+00  2.194503126458450026e+00  2.240510632934785917e+00  2.719808023523887730e+00
140 2801 3.906807e-01 2.359057e+01  2.158009968667418566e+00  2.195145913621610045e+00  2.255529957785531447e+00  3.943321646016718418e+00
141 2821 3.911507e-01 2.361507e+01  2.158009968667418566e+00  2.188133672271395547e+00  2.239149292984161654e+00  2.818840425182806975e+00
142 2841 3.923231e-01 2.361330e+01  2.158009968667418566e+00  2.189601146009267474e+00  2.239638118488899821e+00  2.465519947629778219e+00
143 2861 3.928357e-01 2.361998e+01  2.158009968667418566e+00  2.182665924738704355e+00  2.253569246982502605e+00  2.874846638160676981e+00
144 2881 3.930491e-01 2.363950e+01  2.158009968667418566e+00  2.203709804619209844e+00  2.247026912913761443e+00  2.662455930825764927e+00
145 2901 3.911911e-01 2.365479e+01  2.158009968667418566e+00  2.173628868062538633e+00  2.245955755573832313e+00  2.889228002724460342e+00
146 2921 3.920085e-01 2.366760e+01  2.158009968667418566e+00  2.182789365655994018e+00  2.252945287965590460e+00  2.562293622396275339e+00
147 2941 3.925980e-01 2.368600e+01  2.158009968667418566e+00  2.176310672612001618e+00  2.230781125216110716e+00  2.418411508639768392e+00
148 2961 3.898381e-01 2.370215e+01  2.158009968667418566e+00  2.178635260198270807e+00  2.233554046790742653e+00  2.509698126351932679e+00
149 2981 3.873947e-01 2.369994e+01  2.158009968667418566e+00  2.201774152819943708e+00  2.261378824357763051e+00  2.692853122304998514e+00
150 3001 3.846871e-01 2.369709e+01  2.158009968667418566e+00  2.175149426788453688e+00  2.256140049044914608e+00  2.855806262604277723e+00
151 3021 3.816017e-01 2.369959e+01  2.158009968667418566e+00  2.198296027256004148e+00  2.262457168856660594e+00  2.957341458449502802e+00
152 3041 3.781638e-01 2.371725e+01  2.158009968667418566e+00  2.178613065678737470e+00  2.249295584816727533e+00  2.724790367224943832e+00
153 3061 3.752915e-01 2.372963e+01  2.158009968667418566e+00  2.193895633035036763e+00  2.241071007589014563e+00  2.676937112265161733e+00
154 3081 3.726054e-01 2.372871e+01  2.158009968667418566e+00  2.186598406791362414e+00  2.246757110230975130e+00  2.793084237807439862e+00
155 3101 3.713772e-01 2.373230e+01  2.158009968667418566e+00  2.207609007443898541e+00  2.260368519081601413e+00  2.645876336020513975e+00
156 3121 3.717269e-01 2.374197e+01  2.158009968667418566e+00  2.211380746344353110e+00  2.246625256130749815e+00  2.342543622899323275e+00
157 3141 3.718037e-01 2.374823e+01  2.158009968667418566e+00  2.220271430418947034e+00  2.274124520859411192e+00  2.726811682532143788e+00
158 3161 3.718577e-01 2.374988e+01  2.158009968667418566e+00  2.204654423272599306e+00  2.268824797462138498e+00  2.761995412314126597e+00
159 3181 3.723052e-01 2.375918e+01  2.158009968667418566e+00  2.204283767874713806e+00  2.273684310206003367e+00  4.037099837246252321e+00
160 3201 3.722172e-01 2.376660e+01  2.158009968667418566e+00  2.184198536269615243e+00  2.291106743483196873e+00  2.675381253653413616e+00
161 3221 3.733395e-01 2.377148e+01  2.158009968667418566e+00  2.196678251558938477e+00  2.292445832741890399e+00  5.933404513947013292e+00
162 3241 3.719787e-01 2.379676e+01  2.158009968667418566e+00  2.188355441261945700e+00  2.246030926744400968e+00  2.314373913105063352e+00
163 3261 3.696417e-01 2.380041e+01  2.158009968667418566e+00  2.196072544789114733e+00  2.277541598701473102e+00  2.744594147760137215e+00
164 3281 3.698006e-01 2.380590e+01  2.158009968667418566e+00  2.195167009137145797e+00  2.258445629470120508e+00  5.563946491693578800e+00
165 3301 3.704608e-01 2.381054e+01  2.158009968667418566e+00  2.192613316864735040e+00  2.260845273307005243e+00  4.033207554612231682e+00
166 3321 3.707915e-01 2.381997e+01  2.158009968667418566e+00  2.183130170055786579e+00  2.265918992886617467e+00  4.067476414005890106e+00
167 3341 3.702253e-01 2.383390e+01  2.158009968667418566e+00  2.191271174667655419e+00  2.244284840199488151e+00  3.993380602091025633e+00
168 3361 3.704402e-01 2.384010e+01  2.158009968667418566e+00  2.198340385158530808e+00  2.254998919735994090e+00  2.647953619392873659e+00
169 3381 3.691853e-01 2.385611e+01  2.158009968667418566e+00  2.188612017497267637e+00  2.237330860498625285e+00  2.295411735418265931e+00
170 3401 3.686126e-01 2.386860e+01  2.158009968667418566e+00  2.171711080670186256e+00  2.228213097246029228e+00  2.414926537044944421e+00
171 3421 3.679803e-01 2.386919e+01  2.158009968667418566e+00  2.196781496394377697e+00  2.247627512992908194e+00  2.495507292290799040e+00
172 3441 3.674973e-01 2.386635e+01  2.158009968667418566e+00  2.200863646678270946e+00  2.267972557611587892e+00  3.971410860500453222e+00
173 3461 3.674858e-01 2.387577e+01  2.158009968667418566e+00  2.186831736267428994e+00  2.288189141718601327e+00  2.612563757669369657e+00
174 3481 3.659961e-01 2.387862e+01  2.158009968667418566e+00  2.194218575688645423e+00  2.248483750994935360e+00  2.498465966741052924e+00
175 3501 3.647880e-01 2.389727e+01  2.158009968667418566e+00  2.188812798017310879e+00  2.227056968170289863e+00  2.531996844181997997e+00
176 3521 3.603639e-01 2.391242e+01  2.158009968667418566e+00  2.185831771795412326e+00  2.218623037116331354e+00  2.459343050344057424e+00
177 3541 3.588274e-01 2.391668e+01  2.158009968667418566e+00  2.186270830146271216e+00  2.228878360775170542e+00  2.592627288929889584e+00
178 3561 3.569833e-01 2.395184e+01  2.158009968667418566e+00  2.181347754147739959e+00  2.232318724656233933e+00  3.372677126720518892e+00
179 3581 3.570912e-01 2.396711e+01  2.158009968667418566e+00  2.174498336053510172e+00  2.224572401729852267e+00  2.864873962887685366e+00
180 3601 3.592660e-01 2.401680e+01  2.158009968667418566e+00  2.197906445726494518e+00  2.239951342765675868e+00  2.359308268540762477e+00
181 3621 3.617739e-01 2.402037e+01  2.158009968667418566e+00  2.190768146733301780e+00  2.235086141488056732e+00  2.593193178690432088e+00
182 3641 3.619308e-01 2.403037e+01  2.158009968667418566e+00  2.183280270489778463e+00  2.220379202184968648e+00  2.410393272866929948e+00
183 3661 3.638490e-01 2.404135e+01  2.158009968667418566e+00  2.196945061228513296e+00  2.247400976200487399e+00  2.776702828029165016e+00
184 3681 3.649096e-01 2.405486e+01  2.158009968667418566e+00  2.192533173573828265e+00  2.241230046420048971e+00  2.455339681875193136e+00
185 3701 3.639756e-01 2.406057e+01  2.158009968667418566e+00  2.177154844110124721e+00  2.238726137053906662e+00  2.459122357240163925e+00
186 3721 3.645891e-01 2.406736e+01  2.158009968667418566e+00  2.189419104274685335e+00  2.247777373006256241e+00  2.445971014343046424e+00
187 3741 3.644398e-01 2.408521e+01  2.158009968667418566e+00  2.182418239902101931e+00  2.232623590991320128e+00  2.331722587424539750e+00
188 3761 3.622152e-01 2.408414e+01  2.158009968667418566e+00  2.182079886451488981e+00  2.230230561307821713e+00  2.302845972500301652e+00
189 3781 3.589368e-01 2.409030e+01  2.158009968667418566e+00  2.185975193436211939e+00  2.229099381411438152e+00  2.624739694387734801e+00
190 3801 3.583912e-01 2.410589e+01  2.158009968667418566e+00  2.187482275265210774e+00  2.224499800855602949e+00  2.369552649610318529e+00
191 3821 3.583271e-01 2.411726e+01  2.158009968667418566e+00  2.166044477040266703e+00  2.224741793523702604e+00  2.494485415439139597e+00
192 3841 3.576818e-01 2.411887e+01  2.158009968667418566e+00  2.185810752952786817e+00  2.235901976864314022e+00  2.333230382195880637e+00
193 3861 3.563309e-01 2.412058e+01  2.158009968667418566e+00  2.189222803335509671e+00  2.226431701940670749e+00  2.646606206862415878e+00
194 3881 3.541153e-01 2.413232e+01  2.158009968667418566e+00  2.178037449720051200e+00  2.235255502848788822e+00  3.610308328840614145e+00
195 3901 3.499678e-01 2.413726e+01  2.158009968667418566e+00  2.174461147426618002e+00  2.229446328814483014e+00  2.727708394820367310e+00
196 3921 3.465812e-01 2.413511e+01  2.158009968667418566e+00  2.178015612805979107e+00  2.221983397850734843e+00  2.682590216938453676e+00
197 3941 3.425467e-01 2.413915e+01  2.158009968667418566e+00  2.174083067261622482e+00  2.248229211377678283e+00  2.655740482753977005e+00
198 3961 3.392356e-01 2.413730e+01  2.158009968667418566e+00  2.168152754745432897e+00  2.215015236973583157e+00  2.587409748110302221e+00
199 3981 3.370275e-01 2.414537e+01  2.158009968667418566e+00  2.181145264700745656e+00  2.238689225970987629e+00  2.667347506838885440e+00
200 4001 3.362133e-01 2.414762e+01  2.158009968667418566e+00  2.173876315079246613e+00  2.214043482367313409e+00  2.507268812200549757e+00
201 4021 3.338292e-01 2.415430e+01  2.158009968667418566e+00  2.186214431232191835e+00  2.219758899516698136e+00  2.396908733331675645e+00
202 4041 3.298678e-01 2.416736e+01  2.158009968667418566e+00  2.178732708280446406e+00  2.244588398163851473e+00  3.967624732099561236e+00
203 4061 3.255405e-01 2.417493e+01  2.158009968667418566e+00  2.174247652822391963e+00  2.215442116493015146e+00  2.511614130481120810e+00
204 4081 3.239377e-01 2.417928e+01  2.158009968667418566e+00  2.174978546682401870e+00  2.209614677488072942e+00  2.260768720473237181e+00
205 4101 3.222912e-01 2.418031e+01  2.158009968667418566e+00  2.174753032468406566e+00  2.219051662524694990e+00  2.702190846990939921e+00
206 4121 3.198412e-01 2.418477e+01  2.158009968667418566e+00  2.173052987528587554e+00  2.231473234811951478e+00  5.552306505624163613e+00
207 4141 3.174740e-01 2.418322e+01  2.158009968667418566e+00  2.175914713457125504e+00  2.202898233363263181e+00  2.254042987476454041e+00
208 4161 3.151347e-01 2.418546e+01  2.158009968667418566e+00  2.185029571306495111e+00  2.241618529002121996e+00  2.556872994630155382e+00
209 4181 3.113673e-01 2.419291e+01  2.158009968667418566e+00  2.183131242093121482e+00  2.215958440650649397e+00  2.660510348649295587e+00
210 4201 3.080149e-01 2.420783e+01  2.158009968667418566e+00  2.174404412129158803e+00  2.212782936080864182e+00  4.095257380062649943e+00
211 4221 3.059151e-01 2.421754e+01  2.158009968667418566e+00  2.169014413802996089e+00  2.219279908849106420e+00  5.579460631047266084e+00
212 4241 3.042309e-01 2.422875e+01  2.158009968667418566e+00  2.171359854789143728e+00  2.223632926251614350e+00  2.356579643794291190e+00
213 4261 3.027220e-01 2.424732e+01  2.158009968667418566e+00  2.175474211800442870e+00  2.218173362528914172e+00  3.999229315669410312e+00
214 4281 3.015936e-01 2.425885e+01  2.158009968667418566e+00  2.166559142031342144e+00  2.205765483387155168e+00  2.419747716529974113e+00
215 4301 3.006477e-01 2.426523e+01  2.158009968667418566e+00  2.168921622650765713e+00  2.208478132015100570e+00  4.003082035674964345e+00
216 4321 3.002095e-01 2.427077e+01  2.158009968667418566e+00  2.171856315838643248e+00  2.208950646513895499e+00  2.337690711456265280e+00
217 4341 2.990023e-01 2.427293e+01  2.158009968667418566e+00  2.177292984375603702e+00  2.214418286092556976e+00  2.695999497701436098e+00
218 4361 2.980790e-01 2.426572e+01  2.158009968667418566e+00  2.179664694664153579e+00  2.216375737260956935e+00  2.623081292153476962e+00
219 4381 2.960957e-01 2.426731e+01  2.158009968667418566e+00  2.184471821890063392e+00  2.208832979734605573e+00  2.315254420027328841e+00
220 4401 2.932127e-01 2.426877e+01  2.158009968667418566e+00  2.174458026575622593e+00  2.203004221741832858e+00  2.303719731172111373e+00
221 4421 2.903580e-01 2.427458e+01  2.158009968667418566e+00  2.170324200911921686e+00  2.215714968807455776e+00  2.623497632139293323e+00
222 4441 2.884364e-01 2.429059e+01  2.158009968667418566e+00  2.171989398206995325e+00  2.204941136242722699e+00  2.474182112496320585e+00
223 4461 2.874657e-01 2.430221e+01  2.158009968667418566e+00  2.166488346848252089e+00  2.226146890931257172e+00  4.123435561645376168e+00
224 4481 2.858099e-01 2.431087e+01  2.158009968667418566e+00  2.175503859291132880e+00  2.195125231592005122e+00  2.576229499718140303e+00
225 4501 2.832051e-01 2.435092e+01  2.158009968667418566e+00  2.167433024680089027e+00  2.190349696260777357e+00  2.472665336057073837e+00
226 4521 2.804706e-01 2.436622e+01  2.158009968667418566e+00  2.173046557077996432e+00  2.197720063971197568e+00  2.469483589522899258e+00
227 4541 2.790895e-01 2.438064e+01  2.158009968667418566e+00  2.176099998516169087e+00  2.204846093821639652e+00  2.629972428092715919e+00
228 4561 2.777523e-01 2.439151e+01  2.158009968667418566e+00  2.164548243490040935e+00  2.214037639315634465e+00  2.686889294016487906e+00
229 4581 2.776041e-01 2.440188e+01  2.158009968667418566e+00  2.173961472675708162e+00  2.206536459296215114e+00  2.774424487216633040e+00
230 4601 2.778703e-01 2.443150e+01  2.158009968667418566e+00  2.171479968120786808e+00  2.210429242450274057e+00  2.664767752349755270e+00
231 4621 2.788264e-01 2.444178e+01  2.158009968667418566e+00  2.169106929697095509e+00  2.190947182348055300e+00  3.983576959243357862e+00
232 4641 2.781148e-01 2.446091e+01  2.158009968667418566e+00  2.180560860535946333e+00  2.200819384657789257e+00  4.020303351650980517e+00
233 4661 2.787318e-01 2.447298e+01  2.158009968667418566e+00  2.168831028603148692e+00  2.198778053787805220e+00  2.397669187101636901e+00
234 4681 2.797359e-01 2.446103e+01  2.158009968667418566e+00  2.183790808923478544e+00  2.207247037485293717e+00  4.196901604135796049e+00
235 4701 2.800253e-01 2.449098e+01  2.158009968667418566e+00  2.168015500002140161e+00  2.201668767248756264e+00  2.455610209788137155e+00
236 4721 2.799272e-01 2.451726e+01  2.158009968667418566e+00  2.176996240019494877e+00  2.217371654054838714e+00  2.641707371664955950e+00
237 4741 2.791446e-01 2.453446e+01  2.158009968667418566e+00  2.170555216542524590e+00  2.191925401108671956e+00  2.247284724702936831e+00
238 4761 2.788026e-01 2.455664e+01  2.158009968667418566e+00  2.164699178536856561e+00  2.223171702672085637e+00  2.635181647742226296e+00
239 4781 2.772073e-01 2.457224e+01  2.158009968667418566e+00  2.170528049308679375e+00  2.207509078882670117e+00  2.679996554643423234e+00
240 4801 2.749323e-01 2.458894e+01  2.158009968667418566e+00  2.170862211412222909e+00  2.213919430620761908e+00  2.660567964766821891e+00
241 4821 2.728948e-01 2.459884e+01  2.158009968667418566e+00  2.180252295854166356e+00  2.212989142031527745e+00  2.745076802230547841e+00
242 4841 2.714813e-01 2.460118e+01  2.158009968667418566e+00  2.176481950990827308e+00  2.200689287110269010e+00  2.486804966385375071e+00
243 4861 2.707154e-01 2.460537e+01  2.158009968667418566e+00  2.174435747973170852e+00  2.202908441147333640e+00  2.420483852101749545e+00
244 4881 2.695390e-01 2.461337e+01  2.158009968667418566e+00  2.170625121374143873e+00  2.202312751102809329e+00  3.989208962485450094e+00
245 4901 2.682990e-01 2.462758e+01  2.158009968667418566e+00  2.167579194387860841e+00  2.220606842323916474e+00  3.959613193313213930e+00
246 4921 2.670424e-01 2.463410e+01  2.158009968667418566e+00  2.162320973067605845e+00  2.199718998280650872e+00  2.253144161838543269e+00
247 4941 2.655435e-01 2.464258e+01  2.158009968667418566e+00  2.171911915521056446e+00  2.195834040538463761e+00  2.232950624270732654e+00
248 4961 2.641802e-01 2.464052e+01  2.158009968667418566e+00  2.171172785893742407e+00  2.207917510153074581e+00  2.955706551313779684e+00
249 4981 2.636259e-01 2.464738e+01  2.158009968667418566e+00  2.168023403720944042e+00  2.205102665861797817e+00  3.958851465724864571e+00
250 5001 2.626598e-01 2.466839e+01  2.158009968667418566e+00  2.162313386159259387e+00  2.203618553386694323e+00  3.985534198090961322e+00
251 5021 2.610053e-01 2.471564e+01  2.158009968667418566e+00  2.174328304359393726e+00  2.193110480372011395e+00  3.975298536540023964e+00
252 5041 2.591201e-01 2.473636e+01  2.158009968667418566e+00  2.175233191831847268e+00  2.203776105852492506e+00  2.530836267589559263e+00
253 5061 2.576231e-01 2.476126e+01  2.158009968667418566e+00  2.166160932639940917e+00  2.198632387034451074e+00  2.710507128495082352e+00
254 5081 2.560786e-01 2.476923e+01  2.158009968667418566e+00  2.169563941972177279e+00  2.204974714591102725e+00  3.987712063203387114e+00
255 5101 2.555313e-01 2.478782e+01  2.158009968667418566e+00  2.169364865595031944e+00  2.199828806218275368e+00  2.399755666097113327e+00
256 5121 2.534460e-01 2.479169e+01  2.158009968667418566e+00  2.168752719323542077e+00  2.201277815301445173e+00  3.957384695304597244e+00
257 5141 2.531958e-01 2.480064e+01  2.158009968667418566e+00  2.172734731662008922e+00  2.192887584367878340e+00  2.656321452320019816e+00
258 5161 2.502003e-01 2.482341e+01  2.158009968667418566e+00  2.174850320126977987e+00  2.205977591775321045e+00  2.661114452281517107e+00
259 5181 2.475329e-01 2.482918e+01  2.158009968667418566e+00  2.172195332037247351e+00  2.194639569867643303e+00  2.632588913004418441e+00
260 5201 2.431615e-01 2.484022e+01  2.158009968667418566e+00  2.167985090192322328e+00  2.184817028705922759e+00  3.953925838924643887e+00
261 5221 2.390838e-01 2.484668e+01  2.158009968667418566e+00  2.172683482418676704e+00  2.198723054698771939e+00  3.965764529387739490e+00
262 5241 2.344729e-01 2.486019e+01  2.158009968667418566e+00  2.172782750866019796e+00  2.191716998581209275e+00  2.650434318805240608e+00
263 5261 2.309377e-01 2.485629e+01  2.158009968667418566e+00  2.167491600615496061e+00  2.206687314517561394e+00  3.996144620773195211e+00
264 5281 2.282509e-01 2.485704e+01  2.158009968667418566e+00  2.172661191337823094e+00  2.186760157815946570e+00  2.225236972832079108e+00
265 5301 2.254134e-01 2.486910e+01  2.158009968667418566e+00  2.167292615100571584e+00  2.193785252729620439e+00  2.612380762995024419e+00
266 5321 2.224728e-01 2.487738e+01  2.158009968667418566e+00  2.164803180733552601e+00  2.185114874393654816e+00  2.381556808596042796e+00
267 5341 2.210611e-01 2.487908e+01  2.158009968667418566e+00  2.165204865293386405e+00  2.185037771154410002e+00  2.315678717008025522e+00
268 5361 2.197806e-01 2.488042e+01  2.158009968667418566e+00  2.165033826794508620e+00  2.196824278504496242e+00  2.600840880546091860e+00
269 5381 2.188739e-01 2.488324e+01  2.158009968667418566e+00  2.163696603916464234e+00  2.193870218208795908e+00  3.967984608361161847e+00
270 5401 2.186450e-01 2.489126e+01  2.158009968667418566e+00  2.164139446115113330e+00  2.181074477116485610e+00  2.907770359330793752e+00
271 5421 2.169542e-01 2.490952e+01  2.158009968667418566e+00  2.162106649084487131e+00  2.190635945154808972e+00  2.694917074987963179e+00
272 5441 2.155526e-01 2.490886e+01  2.158009968667418566e+00  2.171230454643983787e+00  2.185930859681233684e+00  4.099050943841669792e+00
273 5461 2.142318e-01 2.492489e+01  2.158009968667418566e+00  2.168430169016247966e+00  2.183575126435613800e+00  2.640355815215574165e+00
274 5481 2.138319e-01 2.492181e+01  2.158009968667418566e+00  2.176775541557009586e+00  2.207355548415248503e+00  3.935765200329562230e+00
275 5501 2.139436e-01 2.492400e+01  2.158009968667418566e+00  2.166820359365080328e+00  2.192297194397119675e+00  4.469530122008349871e+00
276 5521 2.141801e-01 2.492328e+01  2.158009968667418566e+00  2.167979635491924295e+00  2.188665602791159515e+00  3.928524799583426041e+00
277 5541 2.150302e-01 2.495389e+01  2.158009968667418566e+00  2.171162150862181672e+00  2.190626710347642003e+00  2.634203259003009112e+00
278 5561 2.163694e-01 2.496278e+01  2.158009968667418566e+00  2.165874593552682636e+00  2.185238626092437020e+00  2.246881110897540612e+00
279 5581 2.158114e-01 2.497595e+01  2.158009968667418566e+00  2.169213243050095663e+00  2.179730861096619954e+00  2.236829461927492879e+00
280 5601 2.148186e-01 2.498529e+01  2.158009968667418566e+00  2.173639683957565349e+00  2.191596857823122413e+00  3.483252538984343616e+00
281 5621 2.132725e-01 2.499430e+01  2.158009968667418566e+00  2.173551099620872229e+00  2.184611146488113054e+00  3.940267751483406578e+00
282 5641 2.124845e-01 2.500774e+01  2.158009968667418566e+00  2.167088102990550436e+00  2.183039005905185626e+00  3.938953178429646762e+00
283 5661 2.113756e-01 2.500998e+01  2.158009968667418566e+00  2.169029211723914496e+00  2.188032007911499655e+00  3.951824685356359446e+00
284 5681 2.100550e-01 2.501482e+01  2.158009968667418566e+00  2.167571793669598179e+00  2.186150894284168089e+00  3.933224199387440834e+00
285 5701 2.092931e-01 2.501618e+01  2.158009968667418566e+00  2.171243892786687280e+00  2.183824404228158045e+00  2.696109972371583119e+00
286 5721 2.085583e-01 2.502816e+01  2.158009968667418566e+00  2.170081371014248806e+00  2.188925783404816805e+00  3.253466876649012463e+00
287 5741 2.082188e-01 2.504531e+01  2.158009968667418566e+00  2.164518238610912082e+00  2.193087194788466032e+00  2.398547733111186187e+00
288 5761 2.075857e-01 2.504965e+01  2.158009968667418566e+00  2.164784803928462953e+00  2.190419299716171331e+00  2.244162550366353592e+00
289 5781 2.073788e-01 2.506727e+01  2.158009968667418566e+00  2.168867648891190214e+00  2.184900218502595859e+00  2.243423626391920944e+00
290 5801 2.078102e-01 2.508027e+01  2.158009968667418566e+00  2.167502933079587191e+00  2.189264405138489522e+00  2.252449584174361252e+00
291 5821 2.094391e-01 2.507665e+01  2.158009968667418566e+00  2.168478041294167991e+00  2.192076850050752146e+00  2.389405353497656037e+00
292 5841 2.096156e-01 2.512501e+01  2.158009968667418566e+00  2.170140722295314628e+00  2.185448679915332093e+00  2.723554744194297772e+00
293 5861 2.092570e-01 2.513361e+01  2.158009968667418566e+00  2.167146619385672768e+00  2.183297786854728972e+00  2.217973923970744998e+00
294 5881 2.101525e-01 2.513422e+01  2.158009968667418566e+00  2.162014899469052231e+00  2.196461733512871994e+00  2.687515762789666862e+00
295 5901 2.097469e-01 2.513583e+01  2.158009968667418566e+00  2.165773147172487700e+00  2.181436778485573047e+00  2.661112286424950124e+00
296 5921 2.081432e-01 2.515173e+01  2.158009968667418566e+00  2.163070895343658595e+00  2.182329398342401916e+00  3.975396429746907323e+00
297 5941 2.052196e-01 2.515248e+01  2.158009968667418566e+00  2.163218760512171102e+00  2.190003379419148022e+00  3.936172740135051917e+00
298 5961 2.029209e-01 2.515943e+01  2.158009968667418566e+00  2.169429682748125199e+00  2.184654348920574307e+00  2.254536829072022019e+00
299 5981 1.995945e-01 2.517240e+01  2.158009968667418566e+00  2.161523379124997035e+00  2.183668407213584572e+00  2.265235357132821647e+00
300 6001 1.966701e-01 2.518897e+01  2.158009968667418566e+00  2.165320825727279352e+00  2.178901410453617515e+00  2.216022971965651678e+00
