%  columns="iteration, evaluation, sigma, axis ratio, bestever, best, median, worst fitness function value, further objective values of best" (startseed=212050, 2017/10/11 22:3:57.50)
1 21 1.071292e+00 2.240859e+01  9.914533417491840055e+02  9.955515459014155795e+02  9.964786098304505231e+02  9.972521673049733408e+02
2 41 1.033035e+00 2.242669e+01  9.914533417491840055e+02  9.943551351407157881e+02  9.961157807137162763e+02  9.968160439327573386e+02
3 61 1.004325e+00 2.243824e+01  9.914533417491840055e+02  9.959227452246544772e+02  9.964051906920402644e+02  9.971000000000000227e+02
4 81 9.786356e-01 2.245203e+01  9.914533417491840055e+02  9.955039327147550239e+02  9.963908039599727999e+02  9.968603337248868002e+02
5 101 9.563991e-01 2.246868e+01  9.914533417491840055e+02  9.953405939281309429e+02  9.964708605734310822e+02  9.968428733059636215e+02
6 121 9.428076e-01 2.248170e+01  9.914533417491840055e+02  9.942222517888245648e+02  9.964354983377038479e+02  9.970769926345409431e+02
7 141 9.345651e-01 2.249088e+01  9.914533417491840055e+02  9.957190278317605134e+02  9.963217689917759117e+02  9.969144129954570417e+02
8 161 9.285420e-01 2.249734e+01  9.914533417491840055e+02  9.956472486641122259e+02  9.963543290822275367e+02  9.968705521268076382e+02
9 181 9.185754e-01 2.250242e+01  9.914533417491840055e+02  9.944552167612980611e+02  9.964909243943412775e+02  9.970379990138271751e+02
10 201 9.076651e-01 2.251198e+01  9.914533417491840055e+02  9.955478273690512196e+02  9.962748785443443467e+02  9.969387034404694532e+02
11 221 9.014155e-01 2.251673e+01  9.914533417491840055e+02  9.954250647645083063e+02  9.964215310759109343e+02  9.970461445454277509e+02
12 241 8.964206e-01 2.251675e+01  9.914533417491840055e+02  9.948139009653540370e+02  9.965060385091614990e+02  9.968447859816537857e+02
13 261 8.949655e-01 2.252300e+01  9.914533417491840055e+02  9.949580025013634668e+02  9.963161146443288771e+02  9.969440065643773323e+02
14 281 8.907008e-01 2.252401e+01  9.914533417491840055e+02  9.949967611992632328e+02  9.962957927907032172e+02  9.966767579830452632e+02
15 301 8.844339e-01 2.252931e+01  9.914533417491840055e+02  9.927668978262445307e+02  9.962031759153715029e+02  9.971106551286343347e+02
16 321 8.835312e-01 2.253450e+01  9.914533417491840055e+02  9.948254926666620577e+02  9.964443382643438554e+02  9.967211575020256760e+02
17 341 8.835034e-01 2.253560e+01  9.914533417491840055e+02  9.955787434060442820e+02  9.962443455521538453e+02  9.967658950541696186e+02
18 361 8.791085e-01 2.253766e+01  9.914533417491840055e+02  9.953899999999999864e+02  9.963387682030229371e+02  9.970719372616320015e+02
19 381 8.741199e-01 2.253853e+01  9.914533417491840055e+02  9.950423194457152931e+02  9.963175929930725943e+02  9.968830607879948502e+02
20 401 8.698637e-01 2.253721e+01  9.914533417491840055e+02  9.948875934822657428e+02  9.962646173873333737e+02  9.968738440196391366e+02
21 421 8.660256e-01 2.254343e+01  9.914533417491840055e+02  9.954121816274144976e+02  9.962421929400384215e+02  9.969052742039855275e+02
22 441 8.608906e-01 2.256228e+01  9.914533417491840055e+02  9.959230327160017850e+02  9.964866612516829036e+02  9.967867933086852190e+02
23 461 8.539116e-01 2.256886e+01  9.914533417491840055e+02  9.955393648195996548e+02  9.963577153199114491e+02  9.967799999999999727e+02
24 481 8.470023e-01 2.257957e+01  9.914533417491840055e+02  9.949765122876623309e+02  9.964553418970424445e+02  9.968533405814332582e+02
25 501 8.419640e-01 2.260006e+01  9.914533417491840055e+02  9.954120751647633369e+02  9.964485755974812946e+02  9.968992771410541991e+02
26 521 8.387859e-01 2.259845e+01  9.914533417491840055e+02  9.951262527699235534e+02  9.962150581827045244e+02  9.971176769783638747e+02
27 541 8.379290e-01 2.259579e+01  9.914533417491840055e+02  9.947541382615542034e+02  9.963258141537562551e+02  9.969096623444290799e+02
28 561 8.440191e-01 2.259858e+01  9.914533417491840055e+02  9.945810722103447006e+02  9.962726767032743282e+02  9.969703839183762284e+02
29 581 8.503489e-01 2.259856e+01  9.914533417491840055e+02  9.957119960274374080e+02  9.962182651671387248e+02  9.967942192723195376e+02
30 601 8.511421e-01 2.260094e+01  9.914533417491840055e+02  9.953200000000000500e+02  9.961919172956365855e+02  9.970199999999999818e+02
31 621 8.538659e-01 2.260640e+01  9.914533417491840055e+02  9.949914818215182777e+02  9.964270368738061734e+02  9.968669618086669288e+02
32 641 8.568552e-01 2.261174e+01  9.914533417491840055e+02  9.943327807645648591e+02  9.963617713860802496e+02  9.972100000000000364e+02
33 661 8.598679e-01 2.261960e+01  9.914533417491840055e+02  9.954926680400714076e+02  9.963124899391332292e+02  9.968639681654908600e+02
34 681 8.621646e-01 2.262308e+01  9.914533417491840055e+02  9.950736297321625443e+02  9.963087784583757411e+02  9.968327166078508981e+02
35 701 8.668882e-01 2.263811e+01  9.914533417491840055e+02  9.954942100968519298e+02  9.960172409739873274e+02  9.970766935864653533e+02
36 721 8.705166e-01 2.263656e+01  9.914533417491840055e+02  9.955494433787412163e+02  9.962694228857583312e+02  9.969744541044469770e+02
37 741 8.741450e-01 2.263649e+01  9.914533417491840055e+02  9.951607030325702681e+02  9.961697070154723406e+02  9.968303551556134607e+02
38 761 8.778617e-01 2.263919e+01  9.914533417491840055e+02  9.956539607561280718e+02  9.961120360116597112e+02  9.966599999999999682e+02
39 781 8.760359e-01 2.264426e+01  9.914533417491840055e+02  9.953784477016367873e+02  9.963875331073363668e+02  9.968949743479997778e+02
40 801 8.765159e-01 2.265265e+01  9.914533417491840055e+02  9.936653805734010803e+02  9.963849864108505017e+02  9.967954323427944701e+02
41 821 8.774558e-01 2.265746e+01  9.914533417491840055e+02  9.950052535260725790e+02  9.957812597971499144e+02  9.967053458414331999e+02
42 841 8.791482e-01 2.266675e+01  9.914533417491840055e+02  9.953606621159175347e+02  9.962589282959818320e+02  9.968284803271704959e+02
43 861 8.811602e-01 2.267781e+01  9.914533417491840055e+02  9.952090703693305613e+02  9.962558009528736420e+02  9.967957378360611074e+02
44 881 8.822300e-01 2.267502e+01  9.914533417491840055e+02  9.954172413375483757e+02  9.964692109737820829e+02  9.967306895951373917e+02
45 901 8.855186e-01 2.267652e+01  9.914533417491840055e+02  9.952536084456730805e+02  9.964057584642398524e+02  9.967976414788163311e+02
46 921 8.852837e-01 2.268160e+01  9.914533417491840055e+02  9.942341061315554498e+02  9.963259898531030103e+02  9.968325461424328751e+02
47 941 8.871704e-01 2.268303e+01  9.914533417491840055e+02  9.956642138532099580e+02  9.963083918334543796e+02  9.967383481181843763e+02
48 961 8.900496e-01 2.268527e+01  9.914533417491840055e+02  9.953337073679718969e+02  9.962716437937235696e+02  9.967470131488448715e+02
49 981 8.955984e-01 2.268864e+01  9.914533417491840055e+02  9.951222498255767732e+02  9.963618758531754338e+02  9.968946862816336534e+02
50 1001 9.016805e-01 2.270269e+01  9.914533417491840055e+02  9.949438657497344138e+02  9.962625276581654816e+02  9.967435727027726671e+02
51 1021 9.070048e-01 2.270551e+01  9.914533417491840055e+02  9.948963946403989667e+02  9.961998734367011821e+02  9.966641296111835118e+02
52 1041 9.079908e-01 2.270639e+01  9.914533417491840055e+02  9.954610287261398298e+02  9.960884162148759060e+02  9.969028044323084714e+02
53 1061 9.081949e-01 2.270388e+01  9.914533417491840055e+02  9.950911852222239986e+02  9.964537332109985073e+02  9.974632225353778949e+02
54 1081 9.108487e-01 2.271082e+01  9.914533417491840055e+02  9.948897076447995005e+02  9.962423553324249497e+02  9.967751146812780689e+02
55 1101 9.098173e-01 2.271489e+01  9.914533417491840055e+02  9.949868427132623765e+02  9.961865021846195987e+02  9.972825839372102337e+02
56 1121 9.106134e-01 2.270668e+01  9.914533417491840055e+02  9.952180648543136385e+02  9.963515893936479415e+02  9.973683470701466831e+02
57 1141 9.071342e-01 2.271489e+01  9.914533417491840055e+02  9.955945007369203950e+02  9.964303242192787593e+02  9.974193036030363828e+02
58 1161 9.038472e-01 2.271634e+01  9.914533417491840055e+02  9.955231888746466211e+02  9.963711009428529906e+02  9.970815964810134346e+02
59 1181 9.031399e-01 2.271614e+01  9.914533417491840055e+02  9.951192822474433797e+02  9.963357110192894197e+02  9.971299999999999955e+02
60 1201 9.015319e-01 2.270854e+01  9.914533417491840055e+02  9.953477575392113295e+02  9.962201516751516692e+02  9.968556768567669906e+02
61 1221 8.997501e-01 2.271791e+01  9.914533417491840055e+02  9.951462642351431214e+02  9.964257688394976640e+02  9.969998023782270593e+02
62 1241 8.960874e-01 2.271759e+01  9.914533417491840055e+02  9.951714184239491487e+02  9.964796164465185484e+02  9.972891007659073921e+02
63 1261 8.950481e-01 2.271313e+01  9.914533417491840055e+02  9.939658908967629714e+02  9.961257282656368943e+02  9.974479885514502939e+02
64 1281 8.959930e-01 2.273025e+01  9.914533417491840055e+02  9.952765751902716147e+02  9.963465203888979431e+02  9.967380081810417778e+02
65 1301 9.011126e-01 2.272757e+01  9.914533417491840055e+02  9.956624990408871554e+02  9.963766003413012413e+02  9.967311603861592175e+02
66 1321 9.074153e-01 2.273418e+01  9.914533417491840055e+02  9.957093010277544636e+02  9.963681458080773155e+02  9.967793065573888498e+02
67 1341 9.119633e-01 2.273449e+01  9.914533417491840055e+02  9.952428262360173221e+02  9.963352705804993548e+02  9.967021290092243362e+02
68 1361 9.165537e-01 2.274150e+01  9.914533417491840055e+02  9.952162935107165822e+02  9.963125880484016079e+02  9.966066347874207167e+02
69 1381 9.179487e-01 2.273999e+01  9.914533417491840055e+02  9.958786800056124093e+02  9.962812206242156208e+02  9.967054249957325283e+02
70 1401 9.235247e-01 2.274006e+01  9.914533417491840055e+02  9.951590330132813733e+02  9.963486753623602681e+02  9.969615199799670791e+02
71 1421 9.306448e-01 2.275427e+01  9.914533417491840055e+02  9.952238789779946728e+02  9.963334187767243293e+02  9.967656330734602079e+02
72 1441 9.327250e-01 2.276038e+01  9.914533417491840055e+02  9.951157511751982838e+02  9.964885869782521013e+02  9.969236603359950095e+02
73 1461 9.327291e-01 2.277279e+01  9.914533417491840055e+02  9.950238634868342160e+02  9.963178543210065072e+02  9.966973201490093288e+02
74 1481 9.333587e-01 2.278074e+01  9.914533417491840055e+02  9.948448911002166142e+02  9.963476504818332842e+02  9.969640039214482385e+02
75 1501 9.346477e-01 2.277538e+01  9.914533417491840055e+02  9.949607997792322749e+02  9.962554015740922750e+02  9.969151501978857368e+02
76 1521 9.328902e-01 2.277521e+01  9.914533417491840055e+02  9.951282039017243051e+02  9.962850487417207432e+02  9.967250058539920019e+02
77 1541 9.320186e-01 2.277592e+01  9.914533417491840055e+02  9.953174857333543741e+02  9.964443996266495560e+02  9.968566895129881686e+02
78 1561 9.266495e-01 2.277723e+01  9.914533417491840055e+02  9.959171769229718620e+02  9.965368045532320593e+02  9.970388651092537202e+02
79 1581 9.206856e-01 2.278260e+01  9.914533417491840055e+02  9.954343582107619568e+02  9.964816875129861273e+02  9.968553002763893574e+02
80 1601 9.155795e-01 2.278271e+01  9.914533417491840055e+02  9.953382390196397864e+02  9.963760937007872371e+02  9.968721126276789164e+02
81 1621 9.144912e-01 2.279583e+01  9.914533417491840055e+02  9.951092900804771944e+02  9.962633299198400891e+02  9.968213597520091298e+02
82 1641 9.137459e-01 2.280130e+01  9.914533417491840055e+02  9.940836264124333184e+02  9.963272965553646827e+02  9.968736835622064518e+02
83 1661 9.122916e-01 2.280400e+01  9.914533417491840055e+02  9.947079879065013301e+02  9.962871742865024771e+02  9.967996350495471916e+02
84 1681 9.171406e-01 2.280944e+01  9.914533417491840055e+02  9.954871390111110259e+02  9.963925886641966372e+02  9.970399999999999636e+02
85 1701 9.246217e-01 2.281580e+01  9.914533417491840055e+02  9.950586821348992999e+02  9.963039561696994042e+02  9.969653518819726514e+02
86 1721 9.341924e-01 2.281119e+01  9.914533417491840055e+02  9.954312211900243028e+02  9.962950506958889036e+02  9.970115717191059730e+02
87 1741 9.426867e-01 2.282119e+01  9.914533417491840055e+02  9.955340938171750622e+02  9.962876384222823845e+02  9.970229570823807990e+02
88 1761 9.459955e-01 2.282428e+01  9.914533417491840055e+02  9.958277129340370948e+02  9.964721872442735275e+02  9.970701152223251711e+02
89 1781 9.484111e-01 2.282209e+01  9.914533417491840055e+02  9.940441475269507237e+02  9.961875939938740885e+02  9.970340609684108131e+02
90 1801 9.431603e-01 2.280646e+01  9.914533417491840055e+02  9.952076496732904616e+02  9.962543918780097556e+02  9.968987632991342025e+02
91 1821 9.398066e-01 2.280579e+01  9.914533417491840055e+02  9.951638300080736599e+02  9.962581840410024370e+02  9.968164850748227082e+02
92 1841 9.395805e-01 2.280648e+01  9.914533417491840055e+02  9.946879920335622955e+02  9.963312166105026790e+02  9.968306818733983619e+02
93 1861 9.395576e-01 2.280308e+01  9.914533417491840055e+02  9.952383821305564879e+02  9.963191217895202954e+02  9.969282832404762758e+02
94 1881 9.409987e-01 2.281689e+01  9.914533417491840055e+02  9.956894620950267836e+02  9.963237779983228393e+02  9.967958725778385087e+02
95 1901 9.415987e-01 2.281787e+01  9.914533417491840055e+02  9.957053287342557724e+02  9.963944455690752875e+02  9.968477059470287713e+02
96 1921 9.430911e-01 2.280444e+01  9.914533417491840055e+02  9.949013307085068618e+02  9.960308349211787800e+02  9.966821906132831828e+02
97 1941 9.470163e-01 2.281011e+01  9.914533417491840055e+02  9.947465518827066262e+02  9.963350777055092067e+02  9.967442307529752270e+02
98 1961 9.510588e-01 2.281989e+01  9.914533417491840055e+02  9.955287395944044420e+02  9.962562474942897097e+02  9.968612306156094292e+02
99 1981 9.568858e-01 2.282993e+01  9.914533417491840055e+02  9.952212935229680397e+02  9.963883661630356983e+02  9.970835978742511543e+02
100 2001 9.641764e-01 2.283475e+01  9.914533417491840055e+02  9.942935079191626073e+02  9.962911834062476828e+02  9.967349681213221402e+02
101 2021 9.725247e-01 2.283848e+01  9.914533417491840055e+02  9.952160305307877479e+02  9.964088879434583532e+02  9.967791366420347003e+02
102 2041 9.763756e-01 2.285307e+01  9.914533417491840055e+02  9.950205426281920609e+02  9.963216703400848928e+02  9.968391212085099369e+02
103 2061 9.779691e-01 2.286281e+01  9.914533417491840055e+02  9.954700000000000273e+02  9.963967082618114546e+02  9.967937374640437156e+02
104 2081 9.767513e-01 2.285822e+01  9.914533417491840055e+02  9.952053041648467797e+02  9.963287383858162229e+02  9.969027648700371174e+02
105 2101 9.700542e-01 2.286494e+01  9.914533417491840055e+02  9.953848921675568135e+02  9.964575123379281649e+02  9.969199999999999591e+02
106 2121 9.627846e-01 2.288159e+01  9.914533417491840055e+02  9.947595293891423580e+02  9.963265300412324450e+02  9.968253874600413837e+02
107 2141 9.578501e-01 2.288582e+01  9.914533417491840055e+02  9.950890984330233096e+02  9.964010845871578113e+02  9.967486841367478974e+02
108 2161 9.539929e-01 2.288708e+01  9.914533417491840055e+02  9.954734092110362553e+02  9.961570356031738811e+02  9.968159983525530379e+02
109 2181 9.529978e-01 2.288796e+01  9.914533417491840055e+02  9.931389164477619715e+02  9.963007410252929503e+02  9.968911102994669591e+02
110 2201 9.540085e-01 2.289387e+01  9.914533417491840055e+02  9.956628187347881749e+02  9.964086609806472552e+02  9.967575979798601793e+02
111 2221 9.552272e-01 2.289230e+01  9.914533417491840055e+02  9.955774529941299988e+02  9.962215786772228512e+02  9.968225887942960526e+02
112 2241 9.583672e-01 2.289848e+01  9.914533417491840055e+02  9.948522744807054323e+02  9.961003584011137946e+02  9.967184752535657708e+02
113 2261 9.642546e-01 2.290787e+01  9.914533417491840055e+02  9.942960702383428497e+02  9.962331654740285103e+02  9.970643804611876249e+02
114 2281 9.652023e-01 2.291556e+01  9.914533417491840055e+02  9.950122478215552064e+02  9.960952516648480923e+02  9.967131760856515257e+02
115 2301 9.637537e-01 2.292972e+01  9.914533417491840055e+02  9.939438730899923939e+02  9.962858526637317027e+02  9.969128704493883788e+02
116 2321 9.602114e-01 2.293110e+01  9.914533417491840055e+02  9.946939820023285392e+02  9.962702918944382873e+02  9.969072172440253325e+02
117 2341 9.563337e-01 2.293729e+01  9.914533417491840055e+02  9.953876853774490883e+02  9.963171951691166441e+02  9.966471436534972099e+02
118 2361 9.503252e-01 2.294489e+01  9.914533417491840055e+02  9.942649213492724130e+02  9.963414962501964283e+02  9.967378503692312961e+02
119 2381 9.433530e-01 2.296314e+01  9.914533417491840055e+02  9.955668889140277997e+02  9.963073775219046411e+02  9.969872698636079349e+02
120 2401 9.384503e-01 2.297681e+01  9.914533417491840055e+02  9.948614761661741568e+02  9.965261512316824337e+02  9.969629695640845739e+02
121 2421 9.397294e-01 2.298500e+01  9.914533417491840055e+02  9.948682785237148209e+02  9.962639254522475767e+02  9.969721895517834582e+02
122 2441 9.424791e-01 2.298464e+01  9.914533417491840055e+02  9.954433116808903605e+02  9.963764391937988876e+02  9.969577046373068470e+02
123 2461 9.435546e-01 2.299228e+01  9.914533417491840055e+02  9.959811623560409544e+02  9.963479242381173435e+02  9.968761683809087799e+02
124 2481 9.519866e-01 2.299856e+01  9.914533417491840055e+02  9.949927474507003353e+02  9.963523105854092137e+02  9.968403317311459659e+02
125 2501 9.603078e-01 2.300993e+01  9.914533417491840055e+02  9.944149827008802731e+02  9.963108645276579409e+02  9.967875464182075120e+02
126 2521 9.730831e-01 2.302402e+01  9.914533417491840055e+02  9.953958595784387171e+02  9.962085010996305527e+02  9.969324851971741737e+02
127 2541 9.882175e-01 2.302558e+01  9.914533417491840055e+02  9.953431187402550222e+02  9.964499616248459688e+02  9.968163221235432729e+02
128 2561 9.998642e-01 2.303184e+01  9.914533417491840055e+02  9.948852079810559417e+02  9.963348607875743710e+02  9.968490759591525148e+02
129 2581 1.014057e+00 2.303373e+01  9.914533417491840055e+02  9.949168651457147234e+02  9.963458172385574017e+02  9.967994478613500178e+02
130 2601 1.026549e+00 2.303383e+01  9.914533417491840055e+02  9.947067867434235495e+02  9.965130053178681919e+02  9.970665970250150849e+02
131 2621 1.034231e+00 2.304006e+01  9.914533417491840055e+02  9.957410835864097862e+02  9.964329698405256295e+02  9.967100000000000364e+02
132 2641 1.039490e+00 2.304286e+01  9.914533417491840055e+02  9.945653714521337179e+02  9.963239059578871775e+02  9.971254050851055126e+02
133 2661 1.043341e+00 2.304421e+01  9.914533417491840055e+02  9.945012254603337851e+02  9.965679223366797714e+02  9.970665790428681703e+02
134 2681 1.050063e+00 2.303829e+01  9.914533417491840055e+02  9.958676270321494712e+02  9.963807489185177246e+02  9.969600000000000364e+02
135 2701 1.053992e+00 2.301841e+01  9.914533417491840055e+02  9.957085824508454834e+02  9.965412224749682082e+02  9.969761691918449742e+02
136 2721 1.062048e+00 2.303813e+01  9.914533417491840055e+02  9.945982659801049977e+02  9.965090073021549415e+02  9.968265961967053954e+02
137 2741 1.065524e+00 2.303718e+01  9.914533417491840055e+02  9.953522302735248104e+02  9.964991487855389778e+02  9.967105001258300945e+02
138 2761 1.069423e+00 2.303466e+01  9.914533417491840055e+02  9.953961082978611330e+02  9.964431169255764189e+02  9.966962926554438127e+02
139 2781 1.069075e+00 2.303832e+01  9.914533417491840055e+02  9.945028441481996424e+02  9.962743295621078232e+02  9.969168268966969890e+02
140 2801 1.069224e+00 2.304140e+01  9.914533417491840055e+02  9.943159540373715117e+02  9.964514135002957573e+02  9.969429854091237075e+02
141 2821 1.069311e+00 2.303103e+01  9.914533417491840055e+02  9.952300000000000182e+02  9.964501364963168726e+02  9.968493223411419422e+02
142 2841 1.067833e+00 2.303704e+01  9.914533417491840055e+02  9.955922846489130507e+02  9.965455493083144347e+02  9.969147190234348272e+02
143 2861 1.062632e+00 2.303288e+01  9.914533417491840055e+02  9.948737314490365407e+02  9.964974217437796824e+02  9.970483056284115264e+02
144 2881 1.060699e+00 2.303479e+01  9.914533417491840055e+02  9.955651741384781417e+02  9.964681420510944463e+02  9.970688804339006310e+02
145 2901 1.059558e+00 2.302598e+01  9.914533417491840055e+02  9.956648763729035636e+02  9.964439236319121846e+02  9.968526794287943176e+02
146 2921 1.062639e+00 2.302549e+01  9.914533417491840055e+02  9.946450225398934890e+02  9.963437971797039836e+02  9.968700000000000045e+02
147 2941 1.066386e+00 2.302356e+01  9.914533417491840055e+02  9.947233770294863007e+02  9.962055342211178868e+02  9.967536696045387998e+02
148 2961 1.069672e+00 2.302250e+01  9.914533417491840055e+02  9.952643510534471716e+02  9.964371335280163748e+02  9.968245217920630239e+02
149 2981 1.072029e+00 2.302034e+01  9.914533417491840055e+02  9.957222736842020367e+02  9.963707040912676121e+02  9.970877757055085340e+02
150 3001 1.077150e+00 2.302188e+01  9.914533417491840055e+02  9.935305679590455838e+02  9.963613187361386281e+02  9.970017610016581102e+02
151 3021 1.080275e+00 2.303229e+01  9.914533417491840055e+02  9.946223531474914807e+02  9.962300139792864684e+02  9.968857130070524590e+02
152 3041 1.085869e+00 2.303367e+01  9.914533417491840055e+02  9.947899999999999636e+02  9.963634798562609376e+02  9.970399999999999636e+02
153 3061 1.085031e+00 2.304709e+01  9.914533417491840055e+02  9.941373966762315604e+02  9.962548363322675868e+02  9.969605062582172650e+02
154 3081 1.082801e+00 2.304140e+01  9.914533417491840055e+02  9.958776495574857108e+02  9.963513117845459419e+02  9.969385437668537406e+02
155 3101 1.084175e+00 2.303520e+01  9.914533417491840055e+02  9.954400000000000546e+02  9.964763465925179844e+02  9.967869665708244611e+02
156 3121 1.089510e+00 2.303006e+01  9.914533417491840055e+02  9.942085911117688966e+02  9.963194984864185244e+02  9.967470096669218265e+02
157 3141 1.099470e+00 2.303346e+01  9.914533417491840055e+02  9.950848143851729901e+02  9.963654892919329313e+02  9.968169186477497306e+02
158 3161 1.105927e+00 2.305266e+01  9.914533417491840055e+02  9.954719382801521306e+02  9.964201977569141491e+02  9.968570047730248689e+02
159 3181 1.113733e+00 2.305478e+01  9.914533417491840055e+02  9.953367077161216230e+02  9.962892233161126114e+02  9.968560758445954662e+02
160 3201 1.126623e+00 2.305655e+01  9.914533417491840055e+02  9.939288144304356365e+02  9.962810164684221945e+02  9.970277775229266126e+02
161 3221 1.138540e+00 2.305653e+01  9.914533417491840055e+02  9.953838794746670828e+02  9.964384358390153693e+02  9.969806233046326724e+02
162 3241 1.147231e+00 2.305164e+01  9.914533417491840055e+02  9.948893322665691130e+02  9.963615827872911268e+02  9.969417061216742013e+02
163 3261 1.152462e+00 2.305969e+01  9.914533417491840055e+02  9.950156680369244668e+02  9.964365433647303689e+02  9.969299999999999500e+02
164 3281 1.154853e+00 2.305826e+01  9.914533417491840055e+02  9.954313992445822805e+02  9.963164062560670118e+02  9.970115760175203832e+02
165 3301 1.158600e+00 2.306150e+01  9.914533417491840055e+02  9.952494631005420160e+02  9.963501170940878637e+02  9.968662697524691794e+02
166 3321 1.159661e+00 2.306370e+01  9.914533417491840055e+02  9.958420245333613821e+02  9.962769794138130237e+02  9.968575402412088806e+02
167 3341 1.165017e+00 2.305728e+01  9.914533417491840055e+02  9.959414010491941553e+02  9.963560620423825185e+02  9.970929779292637249e+02
168 3361 1.167568e+00 2.306403e+01  9.914533417491840055e+02  9.953472508773290883e+02  9.964213677308520118e+02  9.969673902725770631e+02
169 3381 1.169969e+00 2.305510e+01  9.914533417491840055e+02  9.958160611646563893e+02  9.964992557647171907e+02  9.972252594551894163e+02
170 3401 1.173915e+00 2.305229e+01  9.914533417491840055e+02  9.954404719158419539e+02  9.963560836253022899e+02  9.968654332175839272e+02
171 3421 1.177684e+00 2.305388e+01  9.914533417491840055e+02  9.956848087024801544e+02  9.964073793400843897e+02  9.970221630158182506e+02
172 3441 1.176107e+00 2.305208e+01  9.914533417491840055e+02  9.941677670092086601e+02  9.964145791182600078e+02  9.969713555827999016e+02
173 3461 1.178147e+00 2.304942e+01  9.914533417491840055e+02  9.951855864511436494e+02  9.963422167826745408e+02  9.968161516347090583e+02
174 3481 1.185402e+00 2.304981e+01  9.914533417491840055e+02  9.956890504965145965e+02  9.965039670210503573e+02  9.970548577939844108e+02
175 3501 1.195686e+00 2.304721e+01  9.914533417491840055e+02  9.948368922214488066e+02  9.962798698723634061e+02  9.968574445098704473e+02
176 3521 1.199770e+00 2.304880e+01  9.914533417491840055e+02  9.932243909690488408e+02  9.963141655998258557e+02  9.968929073439926469e+02
177 3541 1.203452e+00 2.304536e+01  9.914533417491840055e+02  9.949736720940546775e+02  9.964488693132517483e+02  9.971100000000000136e+02
178 3561 1.209941e+00 2.304858e+01  9.914533417491840055e+02  9.955736502415550149e+02  9.962909069768918471e+02  9.967137318387507321e+02
179 3581 1.216072e+00 2.305159e+01  9.914533417491840055e+02  9.953138221315540477e+02  9.962821258498188399e+02  9.969006626631329482e+02
180 3601 1.220996e+00 2.305728e+01  9.914533417491840055e+02  9.957227405653965207e+02  9.963819524302007267e+02  9.969017903232795561e+02
181 3621 1.224461e+00 2.307414e+01  9.914533417491840055e+02  9.950730011230132277e+02  9.962875698545940395e+02  9.969677990980875393e+02
182 3641 1.229473e+00 2.307879e+01  9.914533417491840055e+02  9.957127120022779536e+02  9.964281761785194931e+02  9.969876318568747138e+02
183 3661 1.228130e+00 2.308816e+01  9.914533417491840055e+02  9.947999999999999545e+02  9.964805506066957150e+02  9.968108225510851526e+02
184 3681 1.224322e+00 2.309286e+01  9.914533417491840055e+02  9.947857183834621537e+02  9.964118524090488336e+02  9.969222168176098648e+02
185 3701 1.225669e+00 2.308983e+01  9.914533417491840055e+02  9.949470423414264815e+02  9.964521377168331355e+02  9.969385631269860824e+02
186 3721 1.229423e+00 2.308843e+01  9.914533417491840055e+02  9.957559445391859754e+02  9.966040628261850998e+02  9.970059276384307623e+02
187 3741 1.227201e+00 2.307427e+01  9.914533417491840055e+02  9.949322994781857687e+02  9.963235922209644286e+02  9.968519305651415152e+02
188 3761 1.224613e+00 2.307248e+01  9.914533417491840055e+02  9.951945118852510177e+02  9.964160230643501563e+02  9.971791875759377035e+02
189 3781 1.219959e+00 2.308700e+01  9.914533417491840055e+02  9.946501995019589231e+02  9.963101815399372754e+02  9.969900000000000091e+02
190 3801 1.218154e+00 2.309115e+01  9.914533417491840055e+02  9.947602735019128204e+02  9.962854373245710349e+02  9.968633324081100682e+02
191 3821 1.211700e+00 2.309696e+01  9.914533417491840055e+02  9.951481051745157629e+02  9.964741175446138186e+02  9.969612635690671141e+02
192 3841 1.205906e+00 2.310049e+01  9.914533417491840055e+02  9.943075297548040226e+02  9.964730017817828411e+02  9.970463017862703055e+02
193 3861 1.200160e+00 2.310044e+01  9.914533417491840055e+02  9.955497152240169498e+02  9.965393218748645268e+02  9.968953293773838595e+02
194 3881 1.191375e+00 2.309785e+01  9.914533417491840055e+02  9.949825797942130521e+02  9.964916458203776983e+02  9.970977221645372310e+02
195 3901 1.185332e+00 2.310479e+01  9.914533417491840055e+02  9.943764552301759068e+02  9.964536458156345589e+02  9.968669942006920337e+02
196 3921 1.174703e+00 2.310640e+01  9.914533417491840055e+02  9.950343161920256989e+02  9.963544356836928273e+02  9.968163659472224936e+02
197 3941 1.164996e+00 2.310815e+01  9.914533417491840055e+02  9.947570379827892566e+02  9.963123104405364074e+02  9.968500000000000227e+02
198 3961 1.162941e+00 2.310922e+01  9.914533417491840055e+02  9.957530198599222331e+02  9.962895338436053407e+02  9.968690677284440653e+02
199 3981 1.162682e+00 2.311639e+01  9.914533417491840055e+02  9.953287627330977330e+02  9.961516943596950568e+02  9.967200724988600768e+02
200 4001 1.160884e+00 2.312032e+01  9.914533417491840055e+02  9.959800000000000182e+02  9.965063807742249082e+02  9.968855132876652760e+02
201 4021 1.163574e+00 2.312393e+01  9.914533417491840055e+02  9.951861951796279300e+02  9.965055378614840720e+02  9.969441733766686866e+02
202 4041 1.156166e+00 2.312554e+01  9.914533417491840055e+02  9.956698517904732171e+02  9.963008053180160459e+02  9.970756170174296358e+02
203 4061 1.151482e+00 2.313218e+01  9.914533417491840055e+02  9.950483386610013667e+02  9.964613891183022361e+02  9.971142969406282646e+02
204 4081 1.143976e+00 2.313489e+01  9.914533417491840055e+02  9.955971434999775056e+02  9.963608592740001768e+02  9.969855690219604867e+02
205 4101 1.141749e+00 2.313284e+01  9.914533417491840055e+02  9.956099062616412994e+02  9.964219931321251806e+02  9.969406218662708170e+02
206 4121 1.138851e+00 2.313468e+01  9.914533417491840055e+02  9.956336998638703335e+02  9.963786046193832817e+02  9.967860482740819634e+02
207 4141 1.138129e+00 2.314927e+01  9.914533417491840055e+02  9.954240899386207957e+02  9.963199112289577215e+02  9.970458621557046399e+02
208 4161 1.136009e+00 2.315255e+01  9.914533417491840055e+02  9.955302775280405285e+02  9.963603385648489166e+02  9.969520199841109616e+02
209 4181 1.135662e+00 2.315544e+01  9.914533417491840055e+02  9.950965038015847313e+02  9.965394502691110574e+02  9.967472537761261719e+02
210 4201 1.135983e+00 2.315310e+01  9.914533417491840055e+02  9.943079426301637795e+02  9.963791856006048420e+02  9.968485080859427399e+02
211 4221 1.135527e+00 2.315134e+01  9.914533417491840055e+02  9.935992772604574839e+02  9.961988743742898578e+02  9.969226390740273018e+02
212 4241 1.140774e+00 2.314589e+01  9.914533417491840055e+02  9.956714843137521029e+02  9.965256327236747893e+02  9.969638223799092884e+02
213 4261 1.147705e+00 2.314243e+01  9.914533417491840055e+02  9.954349471649592260e+02  9.964043470453641476e+02  9.968138157055055899e+02
214 4281 1.152976e+00 2.314541e+01  9.914533417491840055e+02  9.955399999999999636e+02  9.966151230846535327e+02  9.969638469777452201e+02
215 4301 1.158322e+00 2.315321e+01  9.914533417491840055e+02  9.960483380522503012e+02  9.967004703541581421e+02  9.971469541637183056e+02
216 4321 1.160575e+00 2.316573e+01  9.914533417491840055e+02  9.957067862664896438e+02  9.965544882324700211e+02  9.970250136090002115e+02
217 4341 1.156654e+00 2.317400e+01  9.914533417491840055e+02  9.956220748305246389e+02  9.965420267723246752e+02  9.969384987768324891e+02
218 4361 1.151155e+00 2.317736e+01  9.914533417491840055e+02  9.951196087664220613e+02  9.963161890980204589e+02  9.969299999999999500e+02
219 4381 1.138953e+00 2.317338e+01  9.914533417491840055e+02  9.960327951811970024e+02  9.965032140138291652e+02  9.969044534249592289e+02
220 4401 1.129749e+00 2.317899e+01  9.914533417491840055e+02  9.953329831303494757e+02  9.962626763615510299e+02  9.967153271437629201e+02
221 4421 1.121268e+00 2.316647e+01  9.914533417491840055e+02  9.954171764006741796e+02  9.965332132116770936e+02  9.969964164339577337e+02
222 4441 1.111512e+00 2.316223e+01  9.914533417491840055e+02  9.935120690360989784e+02  9.962948021115566917e+02  9.969089804021336931e+02
223 4461 1.102761e+00 2.316183e+01  9.914533417491840055e+02  9.952000000000000455e+02  9.964119830742342856e+02  9.970213048917572678e+02
224 4481 1.098417e+00 2.316482e+01  9.914533417491840055e+02  9.950299999999999727e+02  9.964047475757436132e+02  9.977477495936199148e+02
225 4501 1.098290e+00 2.318230e+01  9.914533417491840055e+02  9.959231107165358026e+02  9.962712964942386407e+02  9.969810339672527562e+02
226 4521 1.102510e+00 2.317888e+01  9.914533417491840055e+02  9.949537481146597884e+02  9.961457656517652595e+02  9.969199999999999591e+02
227 4541 1.109551e+00 2.317697e+01  9.914533417491840055e+02  9.954849528283416475e+02  9.964245002254995143e+02  9.970710283638304645e+02
228 4561 1.113570e+00 2.317616e+01  9.914533417491840055e+02  9.951670478208409349e+02  9.963942373611730545e+02  9.969161642222530872e+02
229 4581 1.119065e+00 2.317455e+01  9.914533417491840055e+02  9.955462720171984756e+02  9.963924956868710296e+02  9.971846379100281865e+02
230 4601 1.123678e+00 2.319348e+01  9.914533417491840055e+02  9.952661748010015117e+02  9.963713205764730674e+02  9.970482022498092647e+02
231 4621 1.129265e+00 2.318679e+01  9.914533417491840055e+02  9.951100000000000136e+02  9.962798467119856696e+02  9.969026320439107849e+02
232 4641 1.132989e+00 2.318910e+01  9.914533417491840055e+02  9.937694637371614590e+02  9.963413258525717993e+02  9.967946160893313845e+02
233 4661 1.138904e+00 2.320208e+01  9.914533417491840055e+02  9.951499999999999773e+02  9.963150000000000546e+02  9.968656105219806705e+02
234 4681 1.142942e+00 2.319488e+01  9.914533417491840055e+02  9.947922624496925437e+02  9.963750726000896520e+02  9.969844328040761638e+02
235 4701 1.151668e+00 2.319534e+01  9.914533417491840055e+02  9.957383634535840429e+02  9.964664248171138752e+02  9.969377573306047680e+02
236 4721 1.155483e+00 2.320447e+01  9.914533417491840055e+02  9.949504926719521336e+02  9.961862712712627399e+02  9.987999999999999545e+02
237 4741 1.160022e+00 2.320586e+01  9.914533417491840055e+02  9.941167500954813931e+02  9.963792531411930895e+02  9.973803047246670985e+02
238 4761 1.155637e+00 2.320940e+01  9.914533417491840055e+02  9.952239919833788235e+02  9.961289149764279500e+02  9.967624325679865933e+02
239 4781 1.151150e+00 2.321523e+01  9.914533417491840055e+02  9.953824010045285604e+02  9.963585900984351156e+02  9.967963934003959139e+02
240 4801 1.148953e+00 2.321823e+01  9.914533417491840055e+02  9.945025065477091175e+02  9.963391274537318623e+02  9.971600910850813761e+02
241 4821 1.145968e+00 2.321851e+01  9.914533417491840055e+02  9.949696376559379587e+02  9.964373489327060724e+02  9.969845790927671487e+02
242 4841 1.141533e+00 2.322415e+01  9.914533417491840055e+02  9.954890099979974138e+02  9.964165768778157144e+02  9.969711117276859795e+02
243 4861 1.137872e+00 2.322671e+01  9.914533417491840055e+02  9.954543211702023200e+02  9.964360028425321616e+02  9.969383110205491221e+02
244 4881 1.134038e+00 2.323625e+01  9.914533417491840055e+02  9.957627304127860270e+02  9.965514589798134466e+02  9.969151569040847107e+02
245 4901 1.127188e+00 2.323400e+01  9.914533417491840055e+02  9.952925727729331129e+02  9.962982620684636004e+02  9.967717860774361043e+02
246 4921 1.118806e+00 2.324108e+01  9.914533417491840055e+02  9.953831503891035482e+02  9.962722763762731120e+02  9.969017887648010401e+02
247 4941 1.110839e+00 2.324350e+01  9.914533417491840055e+02  9.951885961194617494e+02  9.961622357410522000e+02  9.972882719499016275e+02
248 4961 1.106927e+00 2.325569e+01  9.914533417491840055e+02  9.948529098121221068e+02  9.962396996883310294e+02  9.966838969975722193e+02
249 4981 1.106573e+00 2.325412e+01  9.914533417491840055e+02  9.948486632471579014e+02  9.963293958323212109e+02  9.973557143459029248e+02
250 5001 1.110241e+00 2.326570e+01  9.914533417491840055e+02  9.953804720072753298e+02  9.963330717339097191e+02  9.968560642638417448e+02
251 5021 1.114147e+00 2.327590e+01  9.914533417491840055e+02  9.950906219180438939e+02  9.963432034200508269e+02  9.968627713429932555e+02
252 5041 1.117117e+00 2.327862e+01  9.914533417491840055e+02  9.957249673457247354e+02  9.964642722809203406e+02  9.968525797057577620e+02
253 5061 1.114132e+00 2.328519e+01  9.914533417491840055e+02  9.956280375165910073e+02  9.963247257858943158e+02  9.968797101370814744e+02
254 5081 1.110797e+00 2.327957e+01  9.914533417491840055e+02  9.949586696485729362e+02  9.963491003941003328e+02  9.969800000000000182e+02
255 5101 1.109262e+00 2.329017e+01  9.914533417491840055e+02  9.950305464377329372e+02  9.963523133461152383e+02  9.969143161542920097e+02
256 5121 1.109032e+00 2.328789e+01  9.914533417491840055e+02  9.950459168197606914e+02  9.962492909472116480e+02  9.968682947301767854e+02
257 5141 1.105105e+00 2.328968e+01  9.914533417491840055e+02  9.949135370138278631e+02  9.963736966448270778e+02  9.968868533751777932e+02
258 5161 1.103318e+00 2.329763e+01  9.914533417491840055e+02  9.956714655669197782e+02  9.964332996729453953e+02  9.968353078004037116e+02
259 5181 1.095450e+00 2.329796e+01  9.914533417491840055e+02  9.957306748963718519e+02  9.964775256492994231e+02  9.968176190874561371e+02
260 5201 1.086558e+00 2.331105e+01  9.914533417491840055e+02  9.939494398692914956e+02  9.962941050981070248e+02  9.968411937393412927e+02
261 5221 1.076207e+00 2.330893e+01  9.914533417491840055e+02  9.940445758848313744e+02  9.962493939349062657e+02  9.968452858094991598e+02
262 5241 1.066782e+00 2.330608e+01  9.914533417491840055e+02  9.955807743909783767e+02  9.964320260308745674e+02  9.967569535036570869e+02
263 5261 1.060089e+00 2.332096e+01  9.914533417491840055e+02  9.955001406565246498e+02  9.964661273693295698e+02  9.968593810460587292e+02
264 5281 1.056622e+00 2.332096e+01  9.914533417491840055e+02  9.941807075346279134e+02  9.963741565244382627e+02  9.969234630904901451e+02
265 5301 1.056686e+00 2.333162e+01  9.914533417491840055e+02  9.945389743701790621e+02  9.962397988675417082e+02  9.968890314763681317e+02
266 5321 1.056940e+00 2.333879e+01  9.914533417491840055e+02  9.954264459860361285e+02  9.962165894813761042e+02  9.968523987682818870e+02
267 5341 1.057452e+00 2.334224e+01  9.914533417491840055e+02  9.950218200106909308e+02  9.963665585590555338e+02  9.968393468928406946e+02
268 5361 1.054975e+00 2.334848e+01  9.914533417491840055e+02  9.949045957360262946e+02  9.963081485438442542e+02  9.970813439705236760e+02
269 5381 1.051329e+00 2.334869e+01  9.914533417491840055e+02  9.953474669052161516e+02  9.962385518127148316e+02  9.967865773803919183e+02
270 5401 1.049512e+00 2.335276e+01  9.914533417491840055e+02  9.949195801279255420e+02  9.964425764777790846e+02  9.967604281796391206e+02
271 5421 1.047283e+00 2.335621e+01  9.914533417491840055e+02  9.945822800019076340e+02  9.962225636584628319e+02  9.969453369089400212e+02
272 5441 1.045122e+00 2.335294e+01  9.914533417491840055e+02  9.949700000000000273e+02  9.963162960427263215e+02  9.968193302381256444e+02
273 5461 1.036990e+00 2.335901e+01  9.914533417491840055e+02  9.948065889318727386e+02  9.963316939503602043e+02  9.969492224755613279e+02
274 5481 1.029226e+00 2.335205e+01  9.914533417491840055e+02  9.957124880857122662e+02  9.962938315813225927e+02  9.968941491548376916e+02
275 5501 1.023160e+00 2.334802e+01  9.914533417491840055e+02  9.958693480866058962e+02  9.962706769657120276e+02  9.971670653881682256e+02
276 5521 1.013229e+00 2.336099e+01  9.914533417491840055e+02  9.948522130870835554e+02  9.963575408070552157e+02  9.969099999999999682e+02
277 5541 1.008157e+00 2.336521e+01  9.914533417491840055e+02  9.955542872990763499e+02  9.961387264474282119e+02  9.969195610409208257e+02
278 5561 1.001463e+00 2.336427e+01  9.914533417491840055e+02  9.939912070498660341e+02  9.961745059465122267e+02  9.968072868115585834e+02
279 5581 9.958502e-01 2.338487e+01  9.914533417491840055e+02  9.957603612694553021e+02  9.961837171534987192e+02  9.968449847971570534e+02
280 5601 9.864684e-01 2.339117e+01  9.914533417491840055e+02  9.950406967371615110e+02  9.962720692480777416e+02  9.969076543424235979e+02
281 5621 9.815283e-01 2.338802e+01  9.914533417491840055e+02  9.947523172700456371e+02  9.962164904619527306e+02  9.968193733203412421e+02
282 5641 9.767984e-01 2.338093e+01  9.914533417491840055e+02  9.943673029238718755e+02  9.963512878167088047e+02  9.969682477590766894e+02
283 5661 9.760196e-01 2.337248e+01  9.914533417491840055e+02  9.955784819296530941e+02  9.963554959250399179e+02  9.970166899188956222e+02
284 5681 9.776746e-01 2.337443e+01  9.914533417491840055e+02  9.952780913007932213e+02  9.963588249327228823e+02  9.968537035073496781e+02
285 5701 9.758300e-01 2.336971e+01  9.914533417491840055e+02  9.948037641730188625e+02  9.961399999999999864e+02  9.970607482822035763e+02
286 5721 9.714717e-01 2.337321e+01  9.914533417491840055e+02  9.950812203037357904e+02  9.963542888550480257e+02  9.966541156240716646e+02
287 5741 9.721139e-01 2.337282e+01  9.914533417491840055e+02  9.953832753112006912e+02  9.963087793641210510e+02  9.972091170671845930e+02
288 5761 9.745265e-01 2.337822e+01  9.914533417491840055e+02  9.947400000000000091e+02  9.965056949908179149e+02  9.969370914658699121e+02
289 5781 9.787127e-01 2.337783e+01  9.914533417491840055e+02  9.952402359968306200e+02  9.962133708294236385e+02  9.970293860803574262e+02
290 5801 9.793662e-01 2.337024e+01  9.914533417491840055e+02  9.956792010268636659e+02  9.962157023370837123e+02  9.966459341327808943e+02
291 5821 9.784473e-01 2.338588e+01  9.914533417491840055e+02  9.941375856569977714e+02  9.961855715626567189e+02  9.969071066909006049e+02
292 5841 9.759962e-01 2.339233e+01  9.914533417491840055e+02  9.944624569907867908e+02  9.961751039019670770e+02  9.967344836712886718e+02
293 5861 9.765450e-01 2.338703e+01  9.914533417491840055e+02  9.946545586215146386e+02  9.960852074809909027e+02  9.970250371391219915e+02
294 5881 9.776387e-01 2.338985e+01  9.914533417491840055e+02  9.944859585509375393e+02  9.964050596440401932e+02  9.967664496663624050e+02
295 5901 9.777943e-01 2.340749e+01  9.914533417491840055e+02  9.946472078201834393e+02  9.962867490406841853e+02  9.968314321500504320e+02
296 5921 9.759624e-01 2.341698e+01  9.914533417491840055e+02  9.953556707906462862e+02  9.962733580322876605e+02  9.969657845500845497e+02
297 5941 9.734922e-01 2.341138e+01  9.914533417491840055e+02  9.952739818594494636e+02  9.964629872249038272e+02  9.971926671553048891e+02
298 5961 9.693060e-01 2.341637e+01  9.914533417491840055e+02  9.949840174164751261e+02  9.960816965720241569e+02  9.965700000000000500e+02
299 5981 9.676873e-01 2.342357e+01  9.914533417491840055e+02  9.944361760481791634e+02  9.962927752259088265e+02  9.971409100671613714e+02
300 6001 9.624665e-01 2.343101e+01  9.914533417491840055e+02  9.950043693769476931e+02  9.963328049328191582e+02  9.971589959952829076e+02
301 6021 9.613830e-01 2.341320e+01  9.914533417491840055e+02  9.934444565347826028e+02  9.960818098466459105e+02  9.970800000000000409e+02
302 6041 9.562867e-01 2.342154e+01  9.914533417491840055e+02  9.955399999999999636e+02  9.962356275495683349e+02  9.969434772870700954e+02
303 6061 9.499491e-01 2.342516e+01  9.914533417491840055e+02  9.952040774465830282e+02  9.964588145500409837e+02  9.969314297654441361e+02
304 6081 9.487041e-01 2.342778e+01  9.914533417491840055e+02  9.947417843104349231e+02  9.960834135557668105e+02  9.969509598706580391e+02
305 6101 9.500641e-01 2.341434e+01  9.914533417491840055e+02  9.946979101605659253e+02  9.961504660934533604e+02  9.969410377461790631e+02
306 6121 9.525366e-01 2.341356e+01  9.914533417491840055e+02  9.957836649361981927e+02  9.962960962235154057e+02  9.968059575396426908e+02
307 6141 9.529406e-01 2.341958e+01  9.914533417491840055e+02  9.945277552881676684e+02  9.963700409511727685e+02  9.968201644532458658e+02
308 6161 9.562916e-01 2.341620e+01  9.914533417491840055e+02  9.954401917600361003e+02  9.960867665012638099e+02  9.970187200097376490e+02
309 6181 9.570530e-01 2.342236e+01  9.914533417491840055e+02  9.948492531932215570e+02  9.962148737663271731e+02  9.966889129172975572e+02
310 6201 9.563692e-01 2.342209e+01  9.914533417491840055e+02  9.952949407003662827e+02  9.963149836680777298e+02  9.968099999999999454e+02
311 6221 9.588931e-01 2.343848e+01  9.914533417491840055e+02  9.952750960212780456e+02  9.962162851316446677e+02  9.968576712018133321e+02
312 6241 9.618927e-01 2.344902e+01  9.914533417491840055e+02  9.955291765804497572e+02  9.962662845043746529e+02  9.969851838068951793e+02
313 6261 9.632708e-01 2.344435e+01  9.914533417491840055e+02  9.952774840813431183e+02  9.962545305686212487e+02  9.969221121364183773e+02
314 6281 9.675443e-01 2.345530e+01  9.914533417491840055e+02  9.951339785239747471e+02  9.961682247972989899e+02  9.968223599005978031e+02
315 6301 9.707333e-01 2.346901e+01  9.914533417491840055e+02  9.955976021819138850e+02  9.963794123928499857e+02  9.969757956809387451e+02
316 6321 9.697973e-01 2.347742e+01  9.914533417491840055e+02  9.946169105584858698e+02  9.963139277078028044e+02  9.968249915633018645e+02
317 6341 9.743309e-01 2.349664e+01  9.914533417491840055e+02  9.944349167622957566e+02  9.962986872674930510e+02  9.968637145948025591e+02
318 6361 9.738913e-01 2.350715e+01  9.914533417491840055e+02  9.956902114888306414e+02  9.964516616648543277e+02  9.968086434229543329e+02
319 6381 9.772791e-01 2.350701e+01  9.914533417491840055e+02  9.952249090316591946e+02  9.962960620191511225e+02  9.968382782570186009e+02
320 6401 9.763174e-01 2.351813e+01  9.914533417491840055e+02  9.946105697147089586e+02  9.963558510025013675e+02  9.999973520316616487e+02
321 6421 9.759278e-01 2.352325e+01  9.914533417491840055e+02  9.945399999999999636e+02  9.962166230663411852e+02  9.967952779306552884e+02
322 6441 9.760738e-01 2.352686e+01  9.914533417491840055e+02  9.949090075039342764e+02  9.964187579787117102e+02  9.999963883104990146e+02
323 6461 9.754808e-01 2.353722e+01  9.914533417491840055e+02  9.951241644783816582e+02  9.961719786369765188e+02  9.969919560481239387e+02
324 6481 9.693302e-01 2.353724e+01  9.914533417491840055e+02  9.949746472446744292e+02  9.963707763077400159e+02  9.999963571475999515e+02
325 6501 9.685740e-01 2.354593e+01  9.914533417491840055e+02  9.952300000000000182e+02  9.963928490329424221e+02  9.969130340471963336e+02
326 6521 9.662457e-01 2.354580e+01  9.914533417491840055e+02  9.950945557916606958e+02  9.963465409073976389e+02  9.999971283139902880e+02
327 6541 9.621424e-01 2.354942e+01  9.914533417491840055e+02  9.951847520920238139e+02  9.963535790330790860e+02  9.967977722118829433e+02
328 6561 9.647937e-01 2.356618e+01  9.914533417491840055e+02  9.947274393394188792e+02  9.962854157715134988e+02  9.970781466875666865e+02
329 6581 9.636049e-01 2.356676e+01  9.914533417491840055e+02  9.949647916467600908e+02  9.963290693176923014e+02  9.969261169976390420e+02
330 6601 9.598705e-01 2.356563e+01  9.914533417491840055e+02  9.950837599327381895e+02  9.959675954640331383e+02  9.967663092551780437e+02
331 6621 9.602871e-01 2.357672e+01  9.914533417491840055e+02  9.945435076416786160e+02  9.961368883632246707e+02  9.967052880851908867e+02
332 6641 9.580046e-01 2.358297e+01  9.914533417491840055e+02  9.951249302209920415e+02  9.962717662987220137e+02  9.969389613491697446e+02
333 6661 9.583893e-01 2.359429e+01  9.914533417491840055e+02  9.946824850780303677e+02  9.962222219323327863e+02  9.968524265689883350e+02
334 6681 9.575588e-01 2.359963e+01  9.914533417491840055e+02  9.948385030977946144e+02  9.963284890998354513e+02  9.968400000000000318e+02
335 6701 9.572380e-01 2.360704e+01  9.914533417491840055e+02  9.954361591854933522e+02  9.962533354698506400e+02  9.969960515786596034e+02
336 6721 9.529026e-01 2.360720e+01  9.914533417491840055e+02  9.948751584752080817e+02  9.961020978311142926e+02  9.970534939210124321e+02
337 6741 9.503869e-01 2.359862e+01  9.914533417491840055e+02  9.958238108125480039e+02  9.964077655882535964e+02  9.969072446037431519e+02
338 6761 9.462023e-01 2.361912e+01  9.914533417491840055e+02  9.952500000000000000e+02  9.961443216755853882e+02  9.967979265538994014e+02
339 6781 9.466057e-01 2.362378e+01  9.914533417491840055e+02  9.953772058400062406e+02  9.960566777738717974e+02  9.966506411350328563e+02
340 6801 9.447221e-01 2.363346e+01  9.914533417491840055e+02  9.953612068339828056e+02  9.963794422287352290e+02  9.967724639821327628e+02
341 6821 9.399083e-01 2.363337e+01  9.914533417491840055e+02  9.953662534914104754e+02  9.962676792891238620e+02  9.969034653704137554e+02
342 6841 9.359026e-01 2.364439e+01  9.914533417491840055e+02  9.945369413510754839e+02  9.962712967590746302e+02  9.967579155349903886e+02
343 6861 9.324567e-01 2.366053e+01  9.914533417491840055e+02  9.952491908892222909e+02  9.961231193028614825e+02  9.967103619277966118e+02
344 6881 9.294624e-01 2.366433e+01  9.914533417491840055e+02  9.949648567261252765e+02  9.960187897428256747e+02  9.967437839156672226e+02
345 6901 9.277012e-01 2.366663e+01  9.914533417491840055e+02  9.949454259991784966e+02  9.961317546991538165e+02  9.968949967898128079e+02
346 6921 9.300672e-01 2.366958e+01  9.914533417491840055e+02  9.947037622851565857e+02  9.962875205356760944e+02  9.967901975079324757e+02
347 6941 9.330513e-01 2.366481e+01  9.914533417491840055e+02  9.950338842672457531e+02  9.960734818452847321e+02  9.966699999999999591e+02
348 6961 9.340358e-01 2.366630e+01  9.914533417491840055e+02  9.949563020957294839e+02  9.961493478943122000e+02  9.968047229117348706e+02
349 6981 9.321224e-01 2.366840e+01  9.914533417491840055e+02  9.953463655161536963e+02  9.962372066567979800e+02  9.965761744220488936e+02
350 7001 9.332486e-01 2.366503e+01  9.914533417491840055e+02  9.947481357579176802e+02  9.957723737393234842e+02  9.968625903561086261e+02
351 7021 9.317603e-01 2.366050e+01  9.914533417491840055e+02  9.954005451524602677e+02  9.962338462792968130e+02  9.968234776408802418e+02
352 7041 9.328562e-01 2.367129e+01  9.914533417491840055e+02  9.951943246404505317e+02  9.963570398729340241e+02  9.967083554096360558e+02
353 7061 9.344245e-01 2.369718e+01  9.914533417491840055e+02  9.951604342521507078e+02  9.962169914151077137e+02  9.969520057054808149e+02
354 7081 9.350539e-01 2.369894e+01  9.914533417491840055e+02  9.952184434039952521e+02  9.961881649585980085e+02  9.969831726027312016e+02
355 7101 9.314197e-01 2.370354e+01  9.914533417491840055e+02  9.947264427866585947e+02  9.958703184416098111e+02  9.968132197430217047e+02
356 7121 9.275389e-01 2.371393e+01  9.914533417491840055e+02  9.952054919412859135e+02  9.961320844275746822e+02  9.967000000000000455e+02
357 7141 9.190804e-01 2.371781e+01  9.914533417491840055e+02  9.952155901912017271e+02  9.961281346817613667e+02  9.969002621547182343e+02
358 7161 9.087881e-01 2.372550e+01  9.914533417491840055e+02  9.946018107634328089e+02  9.961268289072891093e+02  9.967438047810524040e+02
359 7181 8.970080e-01 2.373597e+01  9.914533417491840055e+02  9.942472146446103807e+02  9.961139936353342819e+02  9.966346053560667997e+02
360 7201 8.840900e-01 2.374355e+01  9.914533417491840055e+02  9.952568536519776217e+02  9.962901032167662834e+02  9.971410600113446208e+02
361 7221 8.725838e-01 2.375121e+01  9.914533417491840055e+02  9.947607776717378556e+02  9.961590518862951740e+02  9.967109319819818438e+02
362 7241 8.644424e-01 2.376783e+01  9.914533417491840055e+02  9.947969500197773414e+02  9.961948423768146768e+02  9.965838356390795525e+02
363 7261 8.580696e-01 2.376925e+01  9.914533417491840055e+02  9.947966752014714302e+02  9.961967710031466368e+02  9.966559829613834154e+02
364 7281 8.538920e-01 2.378708e+01  9.914533417491840055e+02  9.948038077485455233e+02  9.961912331605283271e+02  9.966508173554614132e+02
365 7301 8.483883e-01 2.379528e+01  9.914533417491840055e+02  9.945921942143969545e+02  9.960736092421786907e+02  9.965511652745276479e+02
366 7321 8.452707e-01 2.380021e+01  9.914533417491840055e+02  9.949036383362249580e+02  9.961658093549146997e+02  9.972429317523987038e+02
367 7341 8.416173e-01 2.381190e+01  9.914533417491840055e+02  9.947693587999253850e+02  9.961200769816631464e+02  9.967116563917008989e+02
368 7361 8.389878e-01 2.381017e+01  9.914533417491840055e+02  9.945099999999999909e+02  9.961408837916850416e+02  9.966943259966872120e+02
369 7381 8.372625e-01 2.381248e+01  9.914533417491840055e+02  9.946402014622244678e+02  9.960394380019679375e+02  9.964589060877927977e+02
370 7401 8.381765e-01 2.381909e+01  9.914533417491840055e+02  9.952238264131941605e+02  9.960841213711266846e+02  9.967180320548897043e+02
371 7421 8.361344e-01 2.381366e+01  9.914533417491840055e+02  9.942799999999999727e+02  9.961147963069089428e+02  9.968441082881453212e+02
372 7441 8.365935e-01 2.382502e+01  9.914533417491840055e+02  9.944900000000000091e+02  9.959635587152124572e+02  9.967920505055113836e+02
373 7461 8.362872e-01 2.382662e+01  9.914533417491840055e+02  9.944878922531418084e+02  9.961783049379698696e+02  9.967316509807322973e+02
374 7481 8.372713e-01 2.382500e+01  9.914533417491840055e+02  9.953462179195739736e+02  9.960867115590813228e+02  9.968678082555918536e+02
375 7501 8.420695e-01 2.383981e+01  9.914533417491840055e+02  9.951590857163981809e+02  9.960561953436427984e+02  9.969107145732971276e+02
376 7521 8.459396e-01 2.384498e+01  9.914533417491840055e+02  9.951200000000000045e+02  9.959269460908312794e+02  9.965018452426651265e+02
377 7541 8.498943e-01 2.384401e+01  9.914533417491840055e+02  9.930599999999999454e+02  9.962788512137194630e+02  9.966972292340350350e+02
378 7561 8.555960e-01 2.385581e+01  9.914533417491840055e+02  9.952057520530598822e+02  9.961849022371160345e+02  9.968200000000000500e+02
379 7581 8.587872e-01 2.386760e+01  9.914533417491840055e+02  9.956725820300135865e+02  9.963951067361192599e+02  9.967341659001042444e+02
380 7601 8.594235e-01 2.388113e+01  9.914533417491840055e+02  9.943804983799861930e+02  9.962735498942520280e+02  9.967933015071049567e+02
381 7621 8.623809e-01 2.389587e+01  9.914533417491840055e+02  9.946620382139101366e+02  9.961421820759134107e+02  9.968999999999999773e+02
382 7641 8.624276e-01 2.390308e+01  9.914533417491840055e+02  9.950221852360951971e+02  9.960344924238524982e+02  9.967567835849179119e+02
383 7661 8.608441e-01 2.390882e+01  9.914533417491840055e+02  9.937477327007587746e+02  9.962578291980124732e+02  9.970403063744822703e+02
384 7681 8.595381e-01 2.391583e+01  9.914533417491840055e+02  9.956501026172720685e+02  9.962810261455344971e+02  9.967629432015841076e+02
385 7701 8.597820e-01 2.392569e+01  9.914533417491840055e+02  9.955431743606877717e+02  9.959869988619163905e+02  9.974249298328454643e+02
386 7721 8.620366e-01 2.394099e+01  9.914533417491840055e+02  9.951926744978929946e+02  9.961874210296946330e+02  9.969751383255812698e+02
387 7741 8.624061e-01 2.394875e+01  9.914533417491840055e+02  9.956155447391664666e+02  9.963256899381615312e+02  9.968930485433767217e+02
388 7761 8.626254e-01 2.397064e+01  9.914533417491840055e+02  9.950978072060968316e+02  9.961108383644969990e+02  9.965015976208711663e+02
389 7781 8.624381e-01 2.399229e+01  9.914533417491840055e+02  9.957804413352745314e+02  9.962154830718409357e+02  9.967899999999999636e+02
390 7801 8.670801e-01 2.401909e+01  9.914533417491840055e+02  9.944767871783978990e+02  9.961636640636188531e+02  9.967339122729010796e+02
391 7821 8.688321e-01 2.404941e+01  9.914533417491840055e+02  9.956862744573004420e+02  9.961259034719339525e+02  9.969673794251425534e+02
392 7841 8.687930e-01 2.407084e+01  9.914533417491840055e+02  9.958446265960567416e+02  9.962303911893934583e+02  9.966949058709218434e+02
393 7861 8.698267e-01 2.409635e+01  9.914533417491840055e+02  9.943287607476402172e+02  9.960415169543700813e+02  9.965530708167826788e+02
394 7881 8.639029e-01 2.412067e+01  9.914533417491840055e+02  9.950093153439056550e+02  9.961083520822876380e+02  9.969126539467056318e+02
395 7901 8.550601e-01 2.414075e+01  9.914533417491840055e+02  9.953600000000000136e+02  9.961464205021453608e+02  9.968491577247874602e+02
396 7921 8.441105e-01 2.417777e+01  9.914533417491840055e+02  9.947689657248896538e+02  9.961374651026571883e+02  9.968875305130418383e+02
397 7941 8.355368e-01 2.420281e+01  9.914533417491840055e+02  9.951134541294331939e+02  9.960196592226204757e+02  9.967856852044569678e+02
398 7961 8.244744e-01 2.421927e+01  9.914533417491840055e+02  9.951532133476740682e+02  9.960153398753084275e+02  9.967183584497325910e+02
399 7981 8.133855e-01 2.422704e+01  9.914533417491840055e+02  9.949566636052323929e+02  9.960809612766562395e+02  9.966875249523523053e+02
400 8001 8.028969e-01 2.424462e+01  9.914533417491840055e+02  9.948910622710618554e+02  9.960003936786054055e+02  9.969582171623582099e+02
401 8021 7.937505e-01 2.426703e+01  9.914533417491840055e+02  9.945541807938217289e+02  9.960726078577932867e+02  9.967376114531645044e+02
402 8041 7.834980e-01 2.427870e+01  9.914533417491840055e+02  9.938573744686927967e+02  9.960692998732695287e+02  9.967935963422683017e+02
403 8061 7.754066e-01 2.429683e+01  9.914533417491840055e+02  9.949019815292101612e+02  9.960872083555079826e+02  9.968134943897360927e+02
404 8081 7.642017e-01 2.432155e+01  9.914533417491840055e+02  9.947814891149790810e+02  9.963230499033744536e+02  9.967279690863024371e+02
405 8101 7.535153e-01 2.432791e+01  9.914533417491840055e+02  9.947921608779156486e+02  9.959685631022166490e+02  9.965005723079203790e+02
406 8121 7.405358e-01 2.434189e+01  9.914533417491840055e+02  9.951403373850632761e+02  9.959682235789700826e+02  9.967647546990131104e+02
407 8141 7.276517e-01 2.437104e+01  9.914533417491840055e+02  9.952121621077286591e+02  9.961850584103724486e+02  9.967793800273512943e+02
408 8161 7.159229e-01 2.436858e+01  9.914533417491840055e+02  9.950935003580874536e+02  9.960215588986629882e+02  9.966174648979476842e+02
409 8181 7.054355e-01 2.436599e+01  9.914533417491840055e+02  9.947254336973463751e+02  9.958676763435703378e+02  9.964349125479851637e+02
410 8201 6.955029e-01 2.437587e+01  9.914533417491840055e+02  9.951709910927135070e+02  9.960836565289276905e+02  9.965850056361718998e+02
411 8221 6.855419e-01 2.439600e+01  9.914533417491840055e+02  9.952028784256038989e+02  9.959446726000830949e+02  9.969403439718438449e+02
412 8241 6.799725e-01 2.441238e+01  9.914533417491840055e+02  9.951599999999999682e+02  9.960089326341138758e+02  9.965833795924548895e+02
413 8261 6.755212e-01 2.440704e+01  9.914533417491840055e+02  9.952217860870302957e+02  9.960095762768835357e+02  9.967606751446307953e+02
414 8281 6.708756e-01 2.441347e+01  9.914533417491840055e+02  9.955700000000000500e+02  9.959615377858352758e+02  9.967797769028458106e+02
415 8301 6.677711e-01 2.441550e+01  9.914533417491840055e+02  9.955546791847194754e+02  9.959583891429789446e+02  9.966171749543640317e+02
416 8321 6.649774e-01 2.441382e+01  9.914533417491840055e+02  9.952300000000000182e+02  9.958985270017815310e+02  9.963529589004641593e+02
417 8341 6.659852e-01 2.441660e+01  9.914533417491840055e+02  9.940360475789487964e+02  9.959405535835617229e+02  9.964893164950746041e+02
418 8361 6.652257e-01 2.441405e+01  9.914533417491840055e+02  9.947300000000000182e+02  9.961231400743602080e+02  9.966799999999999500e+02
419 8381 6.672871e-01 2.441398e+01  9.914533417491840055e+02  9.946347825055455587e+02  9.959232342951722785e+02  9.966058123165519191e+02
420 8401 6.675226e-01 2.441791e+01  9.914533417491840055e+02  9.945080403814065448e+02  9.958569663235050484e+02  9.963845043854988717e+02
421 8421 6.703428e-01 2.442964e+01  9.914533417491840055e+02  9.948200000000000500e+02  9.960646559427101465e+02  9.966556478834810378e+02
422 8441 6.710753e-01 2.444162e+01  9.914533417491840055e+02  9.949349599588749697e+02  9.959566516784711894e+02  9.965940414636695550e+02
423 8461 6.724232e-01 2.444657e+01  9.914533417491840055e+02  9.950788596018828684e+02  9.961446945290704207e+02  9.969547479282699669e+02
424 8481 6.727377e-01 2.444929e+01  9.914533417491840055e+02  9.949968352273824621e+02  9.958901781554651507e+02  9.963553155435755571e+02
425 8501 6.763749e-01 2.445356e+01  9.914533417491840055e+02  9.950266624960803483e+02  9.959804737080087307e+02  9.964994499264954584e+02
426 8521 6.790441e-01 2.447315e+01  9.914533417491840055e+02  9.945361305899281206e+02  9.959103672833853125e+02  9.965649601499296750e+02
427 8541 6.794149e-01 2.448105e+01  9.914533417491840055e+02  9.935131071306701642e+02  9.960821365758795309e+02  9.966126742710737290e+02
428 8561 6.812106e-01 2.448588e+01  9.914533417491840055e+02  9.946865195905246537e+02  9.959670179501940765e+02  9.965062692205431176e+02
429 8581 6.827636e-01 2.450660e+01  9.914533417491840055e+02  9.942699999999999818e+02  9.958665388589199665e+02  9.965417052672252112e+02
430 8601 6.824191e-01 2.453349e+01  9.914533417491840055e+02  9.942441472582995630e+02  9.960069684455024799e+02  9.964240103125325732e+02
431 8621 6.808439e-01 2.453910e+01  9.914533417491840055e+02  9.945976209934373173e+02  9.958688730908493199e+02  9.963316890081385964e+02
432 8641 6.780081e-01 2.457215e+01  9.914533417491840055e+02  9.951803080548385196e+02  9.960556911853709607e+02  9.966164037597930019e+02
433 8661 6.741234e-01 2.458993e+01  9.914533417491840055e+02  9.946921048506902707e+02  9.961946590864238260e+02  9.965554868518013336e+02
434 8681 6.704458e-01 2.459198e+01  9.914533417491840055e+02  9.951138241317896700e+02  9.959641906807714804e+02  9.966174440332459881e+02
435 8701 6.695704e-01 2.460880e+01  9.914533417491840055e+02  9.947486340804485963e+02  9.958576173231572284e+02  9.963436475050544914e+02
436 8721 6.682374e-01 2.461763e+01  9.914533417491840055e+02  9.949600000000000364e+02  9.960436539300512777e+02  9.965755407108707686e+02
437 8741 6.668670e-01 2.461759e+01  9.914533417491840055e+02  9.943736856787177203e+02  9.961212178366467924e+02  9.966868393495119562e+02
438 8761 6.644980e-01 2.462478e+01  9.914533417491840055e+02  9.949400000000000546e+02  9.959381159536389987e+02  9.964099999999999682e+02
439 8781 6.630763e-01 2.462714e+01  9.914533417491840055e+02  9.948705487906890994e+02  9.958701465918630902e+02  9.964773739196198221e+02
440 8801 6.615229e-01 2.463574e+01  9.914533417491840055e+02  9.950407414021427712e+02  9.960280474891651465e+02  9.963969159523969665e+02
441 8821 6.592127e-01 2.465787e+01  9.914533417491840055e+02  9.947659846843021114e+02  9.959411119080866683e+02  9.965013563919794706e+02
442 8841 6.550235e-01 2.467466e+01  9.914533417491840055e+02  9.944438221525094832e+02  9.960449539817698223e+02  9.967353994886536839e+02
443 8861 6.499500e-01 2.469894e+01  9.914533417491840055e+02  9.951583385897554308e+02  9.958915989893163214e+02  9.965493153026220625e+02
444 8881 6.447096e-01 2.469503e+01  9.914533417491840055e+02  9.944199999999999591e+02  9.959184334215910894e+02  9.964576937703980093e+02
445 8901 6.400332e-01 2.469261e+01  9.914533417491840055e+02  9.945650786439418880e+02  9.959928883204604517e+02  9.964980531057627786e+02
446 8921 6.362386e-01 2.469880e+01  9.914533417491840055e+02  9.950046020301297176e+02  9.960644205035081313e+02  9.965475214180170269e+02
447 8941 6.340402e-01 2.470648e+01  9.914533417491840055e+02  9.950140598887801389e+02  9.958416759019330584e+02  9.962826174024479542e+02
448 8961 6.291909e-01 2.471713e+01  9.914533417491840055e+02  9.950700000000000500e+02  9.959077528473749226e+02  9.963621679870904018e+02
449 8981 6.255180e-01 2.471862e+01  9.914533417491840055e+02  9.939099999999999682e+02  9.960844148582871185e+02  9.965154921694905852e+02
450 9001 6.217128e-01 2.471756e+01  9.914533417491840055e+02  9.943700000000000045e+02  9.959683348177096605e+02  9.963710034804144016e+02
451 9021 6.194402e-01 2.472480e+01  9.914533417491840055e+02  9.950382498159693796e+02  9.959181618145016728e+02  9.964525872915262426e+02
452 9041 6.169942e-01 2.472932e+01  9.914533417491840055e+02  9.945756975011194072e+02  9.957535635437982364e+02  9.966287631693301137e+02
453 9061 6.190925e-01 2.473490e+01  9.914533417491840055e+02  9.934291651264262555e+02  9.959091839445489995e+02  9.966474593960026596e+02
454 9081 6.206893e-01 2.475835e+01  9.914533417491840055e+02  9.953663925838961859e+02  9.961415620580083896e+02  9.966074646006156854e+02
455 9101 6.221845e-01 2.474472e+01  9.914533417491840055e+02  9.941427215949535139e+02  9.958305018039770857e+02  9.965638099650132062e+02
456 9121 6.213677e-01 2.476413e+01  9.914533417491840055e+02  9.946737549879550215e+02  9.960666625495339304e+02  9.963515364205294418e+02
457 9141 6.237272e-01 2.475857e+01  9.914533417491840055e+02  9.948694862327416786e+02  9.961175196931606024e+02  9.964431616861421617e+02
458 9161 6.256724e-01 2.476023e+01  9.914533417491840055e+02  9.946570123105177572e+02  9.958075489947736969e+02  9.966323795515139636e+02
459 9181 6.269236e-01 2.477494e+01  9.914533417491840055e+02  9.952179353068297587e+02  9.959992374843461675e+02  9.966166201191721257e+02
460 9201 6.274321e-01 2.478297e+01  9.914533417491840055e+02  9.945129577396593277e+02  9.959477842765386413e+02  9.963876576756995291e+02
461 9221 6.270550e-01 2.479226e+01  9.914533417491840055e+02  9.944513870471852215e+02  9.961086189857981026e+02  9.966344251723317029e+02
462 9241 6.245966e-01 2.479308e+01  9.914533417491840055e+02  9.937591409865074183e+02  9.959735326672123392e+02  9.964975473345350565e+02
463 9261 6.240877e-01 2.479110e+01  9.914533417491840055e+02  9.946332839693349115e+02  9.959160716919825518e+02  9.964166840675242156e+02
464 9281 6.272390e-01 2.479355e+01  9.914533417491840055e+02  9.946828489647825791e+02  9.959249999999999545e+02  9.964904200812359250e+02
465 9301 6.304483e-01 2.480328e+01  9.914533417491840055e+02  9.945602569107142017e+02  9.961517356495337481e+02  9.967907795667789514e+02
466 9321 6.355580e-01 2.479202e+01  9.914533417491840055e+02  9.947625489546778681e+02  9.960432851414154811e+02  9.964199999999999591e+02
467 9341 6.409917e-01 2.480717e+01  9.914533417491840055e+02  9.942529086186906397e+02  9.959151454698321686e+02  9.966771055811559563e+02
468 9361 6.426020e-01 2.480692e+01  9.914533417491840055e+02  9.940439267630041513e+02  9.960319254794474091e+02  9.964578290979077337e+02
469 9381 6.426086e-01 2.482290e+01  9.914533417491840055e+02  9.952899999999999636e+02  9.959258037994920869e+02  9.969064951519179658e+02
470 9401 6.415667e-01 2.483176e+01  9.914533417491840055e+02  9.953448468139634997e+02  9.959974123549650358e+02  9.967724100053893608e+02
471 9421 6.420261e-01 2.484924e+01  9.914533417491840055e+02  9.945609176560168407e+02  9.960037239654352561e+02  9.966924334982821847e+02
472 9441 6.430311e-01 2.486875e+01  9.914533417491840055e+02  9.946299999999999955e+02  9.959507755200529573e+02  9.966299999999999955e+02
473 9461 6.464623e-01 2.487050e+01  9.914533417491840055e+02  9.946876382541438488e+02  9.959576447858003121e+02  9.966015563583924859e+02
474 9481 6.471192e-01 2.487747e+01  9.914533417491840055e+02  9.938029450909848492e+02  9.960404907745223682e+02  9.966886357951138962e+02
475 9501 6.466751e-01 2.488374e+01  9.914533417491840055e+02  9.950064599203439002e+02  9.958067629745387421e+02  9.967080461294069664e+02
476 9521 6.465390e-01 2.488704e+01  9.914533417491840055e+02  9.952819772166745906e+02  9.960897621887868354e+02  9.966499999999999773e+02
477 9541 6.454850e-01 2.489813e+01  9.914533417491840055e+02  9.947655540604822590e+02  9.959360463049879399e+02  9.964215218150566216e+02
478 9561 6.430679e-01 2.490375e+01  9.914533417491840055e+02  9.951842879446326151e+02  9.960045707935394148e+02  9.967839350394148141e+02
479 9581 6.424597e-01 2.490779e+01  9.914533417491840055e+02  9.942175634031302707e+02  9.959919624625661072e+02  9.964267102883467260e+02
480 9601 6.434228e-01 2.490938e+01  9.914533417491840055e+02  9.947711389113821951e+02  9.960911522650360439e+02  9.967572882930676315e+02
481 9621 6.438234e-01 2.492983e+01  9.914533417491840055e+02  9.948363397893587035e+02  9.959995594924546367e+02  9.965505670657595374e+02
482 9641 6.387892e-01 2.493293e+01  9.914533417491840055e+02  9.932036290620281989e+02  9.959315724152696703e+02  9.963243904545246323e+02
483 9661 6.322340e-01 2.493558e+01  9.914533417491840055e+02  9.948200000000000500e+02  9.959570564037951499e+02  9.965900000000000318e+02
484 9681 6.249881e-01 2.493563e+01  9.914533417491840055e+02  9.951863186273030806e+02  9.960376073497557172e+02  9.963912079984168031e+02
485 9701 6.210062e-01 2.494808e+01  9.914533417491840055e+02  9.945423338351788516e+02  9.958068146923120594e+02  9.966399999999999864e+02
486 9721 6.196053e-01 2.495172e+01  9.914533417491840055e+02  9.946865162044820181e+02  9.960834126973580851e+02  9.965466560533469647e+02
487 9741 6.199148e-01 2.496775e+01  9.914533417491840055e+02  9.939053108449680849e+02  9.960237791340247213e+02  9.967738958450113387e+02
488 9761 6.220611e-01 2.497655e+01  9.914533417491840055e+02  9.948994677548328127e+02  9.959805333598690140e+02  9.967112763120372847e+02
489 9781 6.209121e-01 2.498290e+01  9.914533417491840055e+02  9.939866219017710591e+02  9.960908781993948651e+02  9.967086285775313854e+02
490 9801 6.195765e-01 2.498114e+01  9.914533417491840055e+02  9.952801423649142407e+02  9.958915868636531741e+02  9.965954688321786534e+02
491 9821 6.179074e-01 2.498472e+01  9.914533417491840055e+02  9.942975518308286382e+02  9.959591780232826750e+02  9.963908697711873401e+02
492 9841 6.164711e-01 2.498587e+01  9.914533417491840055e+02  9.948315730136797583e+02  9.959575252313724150e+02  9.965976461059000258e+02
493 9861 6.154041e-01 2.499685e+01  9.914533417491840055e+02  9.953377319283437146e+02  9.961234450060758263e+02  9.968011388721794219e+02
494 9881 6.136755e-01 2.500660e+01  9.914533417491840055e+02  9.948433508652191222e+02  9.959795952989846910e+02  9.964860919041678926e+02
495 9901 6.118883e-01 2.502064e+01  9.914533417491840055e+02  9.950637216013227544e+02  9.960312960548087631e+02  9.967776045200795352e+02
496 9921 6.089481e-01 2.502278e+01  9.914533417491840055e+02  9.938851132026983350e+02  9.959429513208774551e+02  9.966923834404668696e+02
497 9941 6.074246e-01 2.502789e+01  9.914533417491840055e+02  9.937000000000000455e+02  9.959905448328427156e+02  9.965282055495596296e+02
498 9961 6.049845e-01 2.503526e+01  9.914533417491840055e+02  9.938985720727667967e+02  9.960944759831691044e+02  9.966919650021610551e+02
499 9981 6.002208e-01 2.502578e+01  9.914533417491840055e+02  9.928500000000000227e+02  9.960602823877250103e+02  9.964555732459922410e+02
500 10001 5.952122e-01 2.502595e+01  9.914533417491840055e+02  9.951169881664870900e+02  9.960324170755282012e+02  9.965399999999999636e+02
501 10021 5.884813e-01 2.504336e+01  9.914533417491840055e+02  9.948945786050027209e+02  9.959356207353457648e+02  9.965420594027998504e+02
502 10041 5.839827e-01 2.504904e+01  9.914533417491840055e+02  9.954487075755935166e+02  9.960021546266998484e+02  9.963912417561987240e+02
503 10061 5.798037e-01 2.506984e+01  9.914533417491840055e+02  9.952820943420915683e+02  9.959882858492547939e+02  9.965023435805912868e+02
504 10081 5.776199e-01 2.507039e+01  9.914533417491840055e+02  9.952799999999999727e+02  9.958921163829800207e+02  9.966361049860547610e+02
505 10101 5.777495e-01 2.509023e+01  9.914533417491840055e+02  9.928439051781469971e+02  9.958854317696914222e+02  9.965900000000000318e+02
506 10121 5.789273e-01 2.511828e+01  9.914533417491840055e+02  9.936365700802643914e+02  9.959835578449203695e+02  9.964832977493671251e+02
507 10141 5.793589e-01 2.514432e+01  9.914533417491840055e+02  9.941462996388986539e+02  9.959567300679849495e+02  9.964522798318962487e+02
508 10161 5.774778e-01 2.515641e+01  9.914533417491840055e+02  9.945429574463618110e+02  9.958286277787192375e+02  9.962899999999999636e+02
509 10181 5.751265e-01 2.517888e+01  9.914533417491840055e+02  9.951639514852628281e+02  9.958430487839293619e+02  9.965658842036722262e+02
510 10201 5.700097e-01 2.519338e+01  9.914533417491840055e+02  9.939900000000000091e+02  9.959912569227697077e+02  9.965602857148018074e+02
511 10221 5.676497e-01 2.521260e+01  9.914533417491840055e+02  9.944730331198179556e+02  9.959887546800988503e+02  9.963977436968851862e+02
512 10241 5.686802e-01 2.520946e+01  9.914533417491840055e+02  9.942899999999999636e+02  9.960336913954893134e+02  9.965407002136795427e+02
513 10261 5.674006e-01 2.522859e+01  9.914533417491840055e+02  9.949147667297572752e+02  9.959241078202996960e+02  9.967200000000000273e+02
514 10281 5.638558e-01 2.524157e+01  9.914533417491840055e+02  9.946534432595306043e+02  9.959160101213664120e+02  9.966417250860645254e+02
515 10301 5.595124e-01 2.524697e+01  9.914533417491840055e+02  9.943238716181783730e+02  9.958448163141213172e+02  9.965307745377128867e+02
516 10321 5.562279e-01 2.526167e+01  9.914533417491840055e+02  9.948953289820323107e+02  9.958502192854919031e+02  9.966671807001778234e+02
517 10341 5.534972e-01 2.526972e+01  9.914533417491840055e+02  9.948977897159487611e+02  9.957322199191085019e+02  9.966525742486983290e+02
518 10361 5.501554e-01 2.526935e+01  9.914533417491840055e+02  9.948224193989236710e+02  9.961567297693679848e+02  9.966232773265098785e+02
519 10381 5.453154e-01 2.527376e+01  9.914533417491840055e+02  9.946723194050122174e+02  9.959130852520531789e+02  9.966117199797072317e+02
520 10401 5.408801e-01 2.528002e+01  9.914533417491840055e+02  9.950043757260431221e+02  9.959482216685432832e+02  9.967400000000000091e+02
521 10421 5.351602e-01 2.530438e+01  9.914533417491840055e+02  9.939833106894910770e+02  9.957577303655959895e+02  9.964560238505169991e+02
522 10441 5.280481e-01 2.531190e+01  9.914533417491840055e+02  9.945599999999999454e+02  9.958897817427869086e+02  9.966820768029947430e+02
523 10461 5.227409e-01 2.531309e+01  9.914533417491840055e+02  9.953799999999999955e+02  9.959602764042106173e+02  9.964177011740532635e+02
524 10481 5.190355e-01 2.532102e+01  9.914533417491840055e+02  9.949684771924161168e+02  9.959374799934109888e+02  9.963567978129602807e+02
525 10501 5.152200e-01 2.532180e+01  9.914533417491840055e+02  9.940122019620146148e+02  9.959939266076478361e+02  9.963999999999999773e+02
526 10521 5.092080e-01 2.534058e+01  9.914533417491840055e+02  9.947211235190927709e+02  9.957880696554987026e+02  9.966970423862283042e+02
527 10541 5.039871e-01 2.533943e+01  9.914533417491840055e+02  9.947422893222067160e+02  9.958754307277141606e+02  9.966615838299869665e+02
528 10561 4.991345e-01 2.534264e+01  9.914533417491840055e+02  9.946340434036740135e+02  9.958942501521573831e+02  9.965846251069759774e+02
529 10581 4.954571e-01 2.535140e+01  9.914533417491840055e+02  9.938606387309608863e+02  9.959381676663215330e+02  9.966452823617421473e+02
530 10601 4.913817e-01 2.536378e+01  9.914533417491840055e+02  9.946614358329816241e+02  9.958776853776510052e+02  9.964040362077347481e+02
531 10621 4.858860e-01 2.536991e+01  9.914533417491840055e+02  9.936516892306887030e+02  9.958058448417936006e+02  9.963938812863019621e+02
532 10641 4.821169e-01 2.537381e+01  9.914533417491840055e+02  9.943775634430734272e+02  9.954903094027247334e+02  9.964851007455533818e+02
533 10661 4.779203e-01 2.537042e+01  9.914533417491840055e+02  9.945874756853836516e+02  9.957187567070967589e+02  9.964647225247717870e+02
534 10681 4.777820e-01 2.537902e+01  9.914533417491840055e+02  9.943323946992027231e+02  9.959650000000000318e+02  9.966725790106768272e+02
535 10701 4.784651e-01 2.537492e+01  9.914533417491840055e+02  9.946556038220024902e+02  9.957172222350056927e+02  9.964819569254623275e+02
536 10721 4.795986e-01 2.538065e+01  9.914533417491840055e+02  9.945510421782427102e+02  9.958734859445598886e+02  9.963350959385090846e+02
537 10741 4.788764e-01 2.538463e+01  9.914533417491840055e+02  9.950791691866853625e+02  9.959356770981398768e+02  9.965819072472855851e+02
538 10761 4.793421e-01 2.538265e+01  9.914533417491840055e+02  9.951083060503077604e+02  9.956330590935216378e+02  9.963138781622799343e+02
539 10781 4.790601e-01 2.538300e+01  9.914533417491840055e+02  9.954744182112332282e+02  9.958531760941423272e+02  9.962936037943187557e+02
540 10801 4.798524e-01 2.537869e+01  9.914533417491840055e+02  9.947320492038096518e+02  9.959477380975037022e+02  9.964128914772144299e+02
541 10821 4.787401e-01 2.538771e+01  9.914533417491840055e+02  9.949057611119744706e+02  9.957118533242553440e+02  9.962603169166097814e+02
542 10841 4.764616e-01 2.539256e+01  9.914533417491840055e+02  9.950382141868465169e+02  9.959488549584782504e+02  9.965004646867918154e+02
543 10861 4.756389e-01 2.539744e+01  9.914533417491840055e+02  9.952313250019725501e+02  9.960251905237839765e+02  9.965661787159376672e+02
544 10881 4.743627e-01 2.540222e+01  9.914533417491840055e+02  9.947719846950676583e+02  9.956325386521909877e+02  9.963442502328269939e+02
545 10901 4.733742e-01 2.542450e+01  9.914533417491840055e+02  9.949634103965884151e+02  9.959504126248230023e+02  9.966066207665394359e+02
546 10921 4.735005e-01 2.543364e+01  9.914533417491840055e+02  9.952974974104906778e+02  9.959651873815630552e+02  9.965613089840945804e+02
547 10941 4.738708e-01 2.544003e+01  9.914533417491840055e+02  9.935975492096011976e+02  9.957025540412610098e+02  9.963992196142922921e+02
548 10961 4.754138e-01 2.544855e+01  9.914533417491840055e+02  9.946051677454868241e+02  9.958597495177806422e+02  9.965441309611475162e+02
549 10981 4.768553e-01 2.545254e+01  9.914533417491840055e+02  9.939377143255622968e+02  9.958690874603273642e+02  9.964273734522307677e+02
550 11001 4.791584e-01 2.545909e+01  9.914533417491840055e+02  9.946957809815476139e+02  9.957814359703734226e+02  9.967707453436140668e+02
551 11021 4.824674e-01 2.546333e+01  9.914533417491840055e+02  9.945815558082763346e+02  9.958325784572373323e+02  9.961668569723509563e+02
552 11041 4.868620e-01 2.546075e+01  9.914533417491840055e+02  9.933508980240707160e+02  9.958086370891899151e+02  9.965825593814096237e+02
553 11061 4.873206e-01 2.548007e+01  9.914533417491840055e+02  9.949873573302240857e+02  9.957907567667415378e+02  9.962956375638244708e+02
554 11081 4.875777e-01 2.548094e+01  9.914533417491840055e+02  9.953731421295701693e+02  9.959199743165875134e+02  9.968099999999999454e+02
555 11101 4.868442e-01 2.548704e+01  9.914533417491840055e+02  9.945800000000000409e+02  9.959249999999999545e+02  9.963085454034039685e+02
556 11121 4.854190e-01 2.548821e+01  9.914533417491840055e+02  9.949543567510966113e+02  9.956414896433341255e+02  9.961361522561400079e+02
557 11141 4.853011e-01 2.549634e+01  9.914533417491840055e+02  9.945546606680586592e+02  9.958006728074797138e+02  9.964522413157652636e+02
558 11161 4.864128e-01 2.551598e+01  9.914533417491840055e+02  9.947816555240186744e+02  9.958125713004433237e+02  9.961691693837960884e+02
559 11181 4.879192e-01 2.551564e+01  9.914533417491840055e+02  9.950521208444415606e+02  9.957997640041148770e+02  9.964404645932665971e+02
560 11201 4.877958e-01 2.552879e+01  9.914533417491840055e+02  9.946850308252812738e+02  9.958604237998455346e+02  9.965671553534414215e+02
561 11221 4.885576e-01 2.553116e+01  9.914533417491840055e+02  9.950640756405774709e+02  9.957401976025400927e+02  9.965255659605511482e+02
562 11241 4.904062e-01 2.552899e+01  9.914533417491840055e+02  9.953917958279878349e+02  9.959183374909491704e+02  9.965451380855223533e+02
563 11261 4.919270e-01 2.553449e+01  9.914533417491840055e+02  9.948139278231059279e+02  9.961488502583654281e+02  9.966200000000000045e+02
564 11281 4.906500e-01 2.553529e+01  9.914533417491840055e+02  9.943311307126894008e+02  9.958497886358646838e+02  9.964618142077810035e+02
565 11301 4.918281e-01 2.554198e+01  9.914533417491840055e+02  9.952977707288634974e+02  9.960613697345760329e+02  9.964528914907828039e+02
566 11321 4.902399e-01 2.554782e+01  9.914533417491840055e+02  9.934955372508386517e+02  9.957072972970452156e+02  9.965204943861398306e+02
567 11341 4.908236e-01 2.554818e+01  9.914533417491840055e+02  9.951807553889491373e+02  9.960671523866105872e+02  9.965414463546651405e+02
568 11361 4.920181e-01 2.555306e+01  9.914533417491840055e+02  9.953290080609904180e+02  9.958748529135716581e+02  9.963200000000000500e+02
569 11381 4.936136e-01 2.555354e+01  9.914533417491840055e+02  9.947235301435077872e+02  9.958286158457965485e+02  9.966072879548722767e+02
570 11401 4.950409e-01 2.555321e+01  9.914533417491840055e+02  9.947009709071371617e+02  9.960293679466417416e+02  9.966274462942780019e+02
571 11421 4.949709e-01 2.555608e+01  9.914533417491840055e+02  9.943977505357159998e+02  9.958247349998788422e+02  9.962404316004026441e+02
572 11441 4.937759e-01 2.555166e+01  9.914533417491840055e+02  9.949433227810988001e+02  9.957996667447116579e+02  9.963634348575509421e+02
573 11461 4.901378e-01 2.556254e+01  9.914533417491840055e+02  9.950975237201469099e+02  9.959247505858406839e+02  9.962898495430074490e+02
574 11481 4.871211e-01 2.555602e+01  9.914533417491840055e+02  9.942268961122399560e+02  9.958981343049845236e+02  9.964608203934722042e+02
575 11501 4.816244e-01 2.556782e+01  9.914533417491840055e+02  9.946065314524715859e+02  9.958364062412726980e+02  9.963913446757200063e+02
576 11521 4.801269e-01 2.558308e+01  9.914533417491840055e+02  9.940586229250169481e+02  9.957952673446465042e+02  9.965700000000000500e+02
577 11541 4.758977e-01 2.558917e+01  9.914533417491840055e+02  9.947144408693103514e+02  9.959414779757788665e+02  9.966795780884889382e+02
578 11561 4.715042e-01 2.560890e+01  9.914533417491840055e+02  9.954714594937993297e+02  9.959631153767695650e+02  9.964759545415956836e+02
579 11581 4.659328e-01 2.561190e+01  9.914533417491840055e+02  9.933841403391486438e+02  9.958330292819784972e+02  9.966044575998743085e+02
580 11601 4.637101e-01 2.561133e+01  9.914533417491840055e+02  9.945312038250616524e+02  9.959602225412795633e+02  9.963186426897458432e+02
581 11621 4.615317e-01 2.561436e+01  9.914533417491840055e+02  9.942730363799230417e+02  9.957613031555159750e+02  9.963441931258731756e+02
582 11641 4.585254e-01 2.562569e+01  9.914533417491840055e+02  9.946677635145207432e+02  9.955149999999999864e+02  9.962003617720278044e+02
583 11661 4.563242e-01 2.562902e+01  9.914533417491840055e+02  9.938588777103169605e+02  9.958972989680846695e+02  9.963830174146024774e+02
584 11681 4.557209e-01 2.563107e+01  9.914533417491840055e+02  9.945286853120296655e+02  9.958533048075994429e+02  9.964008595604647098e+02
585 11701 4.551856e-01 2.563951e+01  9.914533417491840055e+02  9.948735760796432714e+02  9.958416965487551806e+02  9.964934839134682534e+02
586 11721 4.562534e-01 2.563989e+01  9.914533417491840055e+02  9.945700000000000500e+02  9.959053513175153967e+02  9.964186381900705101e+02
587 11741 4.572371e-01 2.564429e+01  9.914533417491840055e+02  9.943411880036123875e+02  9.955692179781904088e+02  9.960280570931867032e+02
588 11761 4.591932e-01 2.564975e+01  9.914533417491840055e+02  9.944378458341459464e+02  9.957493733080046923e+02  9.963257968666842999e+02
589 11781 4.607831e-01 2.565324e+01  9.914533417491840055e+02  9.948043702796212528e+02  9.956718458571314159e+02  9.965541855329968257e+02
590 11801 4.618280e-01 2.566334e+01  9.914533417491840055e+02  9.950262386469594276e+02  9.958327869411749589e+02  9.964146652622521287e+02
591 11821 4.611356e-01 2.567030e+01  9.914533417491840055e+02  9.928084971757799622e+02  9.957696711258056439e+02  9.967165666550380365e+02
592 11841 4.609197e-01 2.566539e+01  9.914533417491840055e+02  9.950167287955730444e+02  9.958808015061226797e+02  9.966699999999999591e+02
593 11861 4.607014e-01 2.566090e+01  9.914533417491840055e+02  9.952249329903296484e+02  9.957852208629642519e+02  9.962214217406371972e+02
594 11881 4.597534e-01 2.565013e+01  9.914533417491840055e+02  9.942374075360561392e+02  9.957918981363923194e+02  9.965505676584089088e+02
595 11901 4.580052e-01 2.565106e+01  9.914533417491840055e+02  9.935328494598104498e+02  9.957631437444395033e+02  9.962702934852623002e+02
596 11921 4.563868e-01 2.565354e+01  9.914533417491840055e+02  9.935847852007265146e+02  9.955684225322003158e+02  9.961882222017532058e+02
597 11941 4.524726e-01 2.566667e+01  9.914533417491840055e+02  9.931967936361847933e+02  9.958763994169884199e+02  9.963245623460124989e+02
598 11961 4.485330e-01 2.567391e+01  9.914533417491840055e+02  9.949060802122802443e+02  9.958404663589574284e+02  9.963223100148189815e+02
599 11981 4.451928e-01 2.568426e+01  9.914533417491840055e+02  9.940823372352374463e+02  9.958243200069362047e+02  9.963466303929659489e+02
600 12001 4.431343e-01 2.568933e+01  9.914533417491840055e+02  9.947442868449505795e+02  9.956150000000000091e+02  9.966668377881520655e+02
