%  columns="iteration, evaluation, sigma, axis ratio, bestever, best, median, worst fitness function value, further objective values of best" (startseed=213419, 2017/07/28 23:51:8.19)
1 21 1.071239e+00 1.120497e+02  2.002003030311862108e+00  2.177891218087092184e+00  2.584858364989515600e+00  3.376285347444405449e+00
2 41 1.034233e+00 1.120941e+02  2.002003030311862108e+00  2.161112319760163825e+00  2.461163256388408271e+00  3.149203698230481852e+00
3 61 1.005275e+00 1.121553e+02  2.002003030311862108e+00  2.201816777751858467e+00  2.555150285425798806e+00  2.866352787485976883e+00
4 81 9.803818e-01 1.121829e+02  2.002003030311862108e+00  2.136703379578202888e+00  2.376600987071676219e+00  4.550250346238702726e+00
5 101 9.560874e-01 1.121954e+02  2.002003030311862108e+00  2.234968162054749019e+00  2.404133254867947933e+00  3.012581773978877386e+00
6 121 9.369901e-01 1.121976e+02  2.002003030311862108e+00  2.330213493910337164e+00  2.540838602256994427e+00  3.022275864714912164e+00
7 141 9.236160e-01 1.123266e+02  2.002003030311862108e+00  2.176354169404858929e+00  2.496681227226784205e+00  2.913713276540658370e+00
8 161 9.138975e-01 1.122974e+02  2.002003030311862108e+00  2.133427453304876042e+00  2.374318319381793607e+00  2.709493607287113193e+00
9 181 8.992713e-01 1.123044e+02  2.002003030311862108e+00  2.136994643157601459e+00  2.359723234159956107e+00  3.097396288908057294e+00
10 201 8.890887e-01 1.123808e+02  2.002003030311862108e+00  2.265867367430427048e+00  2.428622056202933699e+00  2.807973214143330676e+00
11 221 8.775536e-01 1.123196e+02  2.002003030311862108e+00  2.086041958407070407e+00  2.430785783651582488e+00  3.259222152286521457e+00
12 241 8.688205e-01 1.122852e+02  2.002003030311862108e+00  2.209919984177241226e+00  2.471849697683590197e+00  2.854837377246729702e+00
13 261 8.605930e-01 1.123458e+02  2.002003030311862108e+00  2.121839557481894012e+00  2.365298724994824298e+00  3.013877002622661117e+00
14 281 8.525500e-01 1.123455e+02  2.002003030311862108e+00  2.149467683318806444e+00  2.372995761288461125e+00  2.736570909371122351e+00
15 301 8.442671e-01 1.123726e+02  2.002003030311862108e+00  2.132570213609232823e+00  2.354086177999060059e+00  2.773457551376817598e+00
16 321 8.374147e-01 1.124519e+02  2.002003030311862108e+00  2.139617642234468153e+00  2.367633820381301657e+00  3.900596584615207085e+00
17 341 8.323927e-01 1.125206e+02  2.002003030311862108e+00  2.195363482632981533e+00  2.444124651079243371e+00  4.055320086624251807e+00
18 361 8.279145e-01 1.125167e+02  2.002003030311862108e+00  2.191261077208663366e+00  2.312133587230643883e+00  2.677260102821748866e+00
19 381 8.243654e-01 1.124307e+02  2.002003030311862108e+00  2.118158208634036477e+00  2.318396554507518914e+00  2.618317268073672377e+00
20 401 8.247290e-01 1.124221e+02  2.002003030311862108e+00  2.148025104537381935e+00  2.333179235133499674e+00  2.890902584102286621e+00
21 421 8.285559e-01 1.123013e+02  2.002003030311862108e+00  2.129566332587848443e+00  2.460155930050525797e+00  3.955845900264519877e+00
22 441 8.282949e-01 1.122931e+02  2.002003030311862108e+00  2.219477765895970123e+00  2.439826763328152293e+00  4.518702740646383553e+00
23 461 8.273238e-01 1.122769e+02  2.002003030311862108e+00  2.076519481823292157e+00  2.443433821422678953e+00  2.743139431514499016e+00
24 481 8.270232e-01 1.122445e+02  2.002003030311862108e+00  2.096174483542187605e+00  2.308286503604397133e+00  2.749104095742229248e+00
25 501 8.295558e-01 1.122243e+02  2.002003030311862108e+00  2.164972314159047784e+00  2.310218021050471471e+00  2.614037589987395105e+00
26 521 8.274285e-01 1.122376e+02  2.002003030311862108e+00  2.159116638017641421e+00  2.292409893966817602e+00  2.635765785374669878e+00
27 541 8.277182e-01 1.121336e+02  2.002003030311862108e+00  2.109776494646063316e+00  2.293840200710338451e+00  2.646674339517967933e+00
28 561 8.222639e-01 1.121717e+02  2.002003030311862108e+00  2.150994075462894006e+00  2.297688357062266817e+00  2.730123180639381086e+00
29 581 8.172421e-01 1.121816e+02  2.002003030311862108e+00  2.082812256208978141e+00  2.342665525102678892e+00  2.847063054631208789e+00
30 601 8.146763e-01 1.121786e+02  2.002003030311862108e+00  2.129852120044544161e+00  2.325050393011637517e+00  2.888433732385990549e+00
31 621 8.142636e-01 1.121796e+02  2.002003030311862108e+00  2.142842434489444781e+00  2.271936879655263031e+00  2.916009406673439219e+00
32 641 8.143200e-01 1.121613e+02  2.002003030311862108e+00  2.074275303298208417e+00  2.282272977723434515e+00  2.507733415556943957e+00
33 661 8.169506e-01 1.122068e+02  2.002003030311862108e+00  2.171688275646381783e+00  2.285983121844891386e+00  2.845665841117908101e+00
34 681 8.165782e-01 1.122214e+02  2.002003030311862108e+00  2.183545811512343171e+00  2.446094478673257022e+00  3.002416810514062284e+00
35 701 8.169996e-01 1.122344e+02  2.002003030311862108e+00  2.137461353445082590e+00  2.316337992684657898e+00  2.724551268209831623e+00
36 721 8.166002e-01 1.121754e+02  2.002003030311862108e+00  2.164183154142993892e+00  2.444232493263127637e+00  3.174940392015302315e+00
37 741 8.191402e-01 1.121866e+02  2.002003030311862108e+00  2.140828496424479255e+00  2.454567619428589698e+00  2.893637325301962271e+00
38 761 8.226592e-01 1.121159e+02  2.002003030311862108e+00  2.147295728968885875e+00  2.389898690664051806e+00  3.135209485494156123e+00
39 781 8.306740e-01 1.121260e+02  2.002003030311862108e+00  2.229609958360114774e+00  2.449496124103577088e+00  2.598437961939133789e+00
40 801 8.350225e-01 1.121114e+02  2.002003030311862108e+00  2.225730727552866384e+00  2.377343704527844270e+00  2.944227271643089949e+00
41 821 8.360222e-01 1.120678e+02  2.002003030311862108e+00  2.194335273018475529e+00  2.501954141615338578e+00  2.944316379492145419e+00
42 841 8.395473e-01 1.120607e+02  2.002003030311862108e+00  2.222914338531952971e+00  2.408047825878140813e+00  2.778687871077754057e+00
43 861 8.395464e-01 1.120568e+02  2.002003030311862108e+00  2.109259966971630540e+00  2.399936008468094073e+00  2.721313636764215005e+00
44 881 8.367506e-01 1.120033e+02  2.002003030311862108e+00  2.156375867789715794e+00  2.417370829568038726e+00  2.731655367959061831e+00
45 901 8.358159e-01 1.119136e+02  2.002003030311862108e+00  2.170073160405095791e+00  2.409044907569780403e+00  2.887692513656018090e+00
46 921 8.358053e-01 1.118155e+02  2.002003030311862108e+00  2.159237711753647204e+00  2.413152996319811283e+00  2.771467135666762172e+00
47 941 8.359148e-01 1.117600e+02  2.002003030311862108e+00  2.154153227364040468e+00  2.452866746444613444e+00  4.067131638374700486e+00
48 961 8.331379e-01 1.117510e+02  2.002003030311862108e+00  2.206549174021439352e+00  2.395802437876338953e+00  2.933575339292286976e+00
49 981 8.296762e-01 1.117475e+02  2.002003030311862108e+00  2.207126012225262279e+00  2.401604681589302182e+00  2.651392183819437420e+00
50 1001 8.250617e-01 1.117626e+02  2.002003030311862108e+00  2.175709511196708856e+00  2.409351967003288131e+00  3.175820518549761662e+00
51 1021 8.235677e-01 1.117884e+02  2.002003030311862108e+00  2.188598904444581272e+00  2.352026222815402967e+00  2.884905031691173516e+00
52 1041 8.228405e-01 1.117799e+02  2.002003030311862108e+00  2.149575126439071227e+00  2.387683761315665176e+00  2.743983333339243380e+00
53 1061 8.177291e-01 1.117921e+02  2.002003030311862108e+00  2.177446604621928739e+00  2.415136860601789337e+00  2.684194977994430076e+00
54 1081 8.127850e-01 1.118254e+02  2.002003030311862108e+00  2.185801882807524077e+00  2.434796064515993841e+00  2.876338429931140972e+00
55 1101 8.078353e-01 1.118262e+02  2.002003030311862108e+00  2.202057329680750186e+00  2.390903640449423939e+00  2.603672580715394425e+00
56 1121 8.006374e-01 1.117407e+02  2.002003030311862108e+00  2.163113914305398122e+00  2.389508032805149007e+00  2.664669105263425486e+00
57 1141 7.967315e-01 1.116326e+02  2.002003030311862108e+00  2.155713437604519722e+00  2.309821903060019554e+00  2.636231467376089377e+00
58 1161 7.960305e-01 1.117317e+02  2.002003030311862108e+00  2.247840865226631735e+00  2.355042718620323328e+00  3.012055949247821385e+00
59 1181 7.936955e-01 1.117716e+02  2.002003030311862108e+00  2.132131725131915623e+00  2.322405969529106606e+00  2.653133090222614676e+00
60 1201 7.918655e-01 1.117763e+02  2.002003030311862108e+00  2.165394598377564428e+00  2.324372329237408330e+00  2.508373498259528489e+00
61 1221 7.897994e-01 1.118214e+02  2.002003030311862108e+00  2.169536562552998316e+00  2.415309485528396749e+00  3.922381622683536850e+00
62 1241 7.877657e-01 1.118133e+02  2.002003030311862108e+00  2.096053035992830438e+00  2.409317191535877090e+00  2.746610017234290435e+00
63 1261 7.819342e-01 1.118584e+02  2.002003030311862108e+00  2.163496947422306693e+00  2.332771901606108589e+00  2.751847291217350389e+00
64 1281 7.759041e-01 1.118645e+02  2.002003030311862108e+00  2.202239769782404988e+00  2.459961395960014841e+00  2.824022606462104346e+00
65 1301 7.746823e-01 1.118595e+02  2.002003030311862108e+00  2.105419614586198307e+00  2.437310347460397875e+00  4.180664141872656003e+00
66 1321 7.699792e-01 1.118078e+02  2.002003030311862108e+00  2.164973186145942918e+00  2.332531499567915834e+00  2.568772277609059795e+00
67 1341 7.684732e-01 1.117911e+02  2.002003030311862108e+00  2.112221480160694664e+00  2.315992392245978415e+00  2.706636329150920783e+00
68 1361 7.625516e-01 1.117499e+02  2.002003030311862108e+00  2.154084664926715131e+00  2.306278974330089326e+00  2.775849392815771477e+00
69 1381 7.561056e-01 1.117018e+02  2.002003030311862108e+00  2.182882675899741720e+00  2.318592006964452779e+00  3.898350951864226754e+00
70 1401 7.523654e-01 1.116857e+02  2.002003030311862108e+00  2.180119419980449891e+00  2.410887878068590950e+00  3.924897130315442961e+00
71 1421 7.457196e-01 1.116871e+02  2.002003030311862108e+00  2.221753727782357579e+00  2.381622488334376619e+00  2.638305097376658637e+00
72 1441 7.354516e-01 1.117334e+02  2.002003030311862108e+00  2.168993366446672066e+00  2.334279278173795547e+00  2.719555280073969072e+00
73 1461 7.315795e-01 1.117621e+02  2.002003030311862108e+00  2.226179057062649402e+00  2.379688047924836791e+00  2.904723568819624013e+00
74 1481 7.278585e-01 1.116980e+02  2.002003030311862108e+00  2.215324841440386550e+00  2.448409476101833349e+00  2.844953353345916369e+00
75 1501 7.235748e-01 1.117171e+02  2.002003030311862108e+00  2.260587582844664656e+00  2.472497337662596273e+00  2.728517736505058799e+00
76 1521 7.182087e-01 1.116851e+02  2.002003030311862108e+00  2.151905701054685149e+00  2.392432753341040108e+00  4.202693261750293452e+00
77 1541 7.137729e-01 1.116677e+02  2.002003030311862108e+00  2.228890470706889726e+00  2.409003929960585655e+00  2.954221274564059030e+00
78 1561 7.095947e-01 1.117606e+02  2.002003030311862108e+00  2.207034591067189133e+00  2.438203800161670376e+00  4.113253541562418292e+00
79 1581 7.093199e-01 1.117346e+02  2.002003030311862108e+00  2.141343238568732321e+00  2.446054449655854945e+00  2.994031305666875475e+00
80 1601 7.087218e-01 1.116960e+02  2.002003030311862108e+00  2.217008576788150886e+00  2.446144676667200812e+00  2.893520695769469686e+00
81 1621 7.054715e-01 1.117347e+02  2.002003030311862108e+00  2.173488542019954561e+00  2.374452192076462520e+00  2.671906721885803471e+00
82 1641 7.000120e-01 1.117940e+02  2.002003030311862108e+00  2.125960394258866959e+00  2.376684900363061903e+00  3.796566522589870374e+00
83 1661 6.954004e-01 1.118075e+02  2.002003030311862108e+00  2.227934338884093091e+00  2.367500853441768527e+00  2.552573358007390159e+00
84 1681 6.876014e-01 1.118251e+02  2.002003030311862108e+00  2.118091480151642614e+00  2.320674422423533834e+00  3.419933013654612886e+00
85 1701 6.773405e-01 1.118173e+02  2.002003030311862108e+00  2.162522705900649544e+00  2.364307844290614025e+00  2.525829060719461783e+00
86 1721 6.677806e-01 1.118159e+02  2.002003030311862108e+00  2.126831692009962360e+00  2.294726410208546952e+00  2.657486525863838267e+00
87 1741 6.613492e-01 1.118692e+02  2.002003030311862108e+00  2.133830081145079216e+00  2.291238839044833941e+00  3.905397966787739872e+00
88 1761 6.560671e-01 1.119321e+02  2.002003030311862108e+00  2.117153597110329688e+00  2.270477346005463026e+00  2.581699528808127475e+00
89 1781 6.518031e-01 1.120015e+02  2.002003030311862108e+00  2.156047159688504244e+00  2.318758941054625211e+00  2.618516143490119852e+00
90 1801 6.498984e-01 1.120559e+02  2.002003030311862108e+00  2.092163008837452765e+00  2.394231130512809003e+00  2.722629007777678023e+00
91 1821 6.506355e-01 1.121257e+02  2.002003030311862108e+00  2.106431512983839571e+00  2.297022858437784532e+00  2.520123177890779331e+00
92 1841 6.540274e-01 1.122308e+02  2.002003030311862108e+00  2.106110395182436257e+00  2.361703873475844873e+00  2.595886544438634758e+00
93 1861 6.607060e-01 1.123400e+02  2.002003030311862108e+00  2.072882460977605312e+00  2.303081130969325763e+00  2.656427728606410632e+00
94 1881 6.650072e-01 1.124800e+02  2.002003030311862108e+00  2.219239221064704282e+00  2.309669046371783718e+00  2.575085415525338650e+00
95 1901 6.726051e-01 1.126189e+02  2.002003030311862108e+00  2.171946529838343132e+00  2.323939607450180578e+00  2.652924117986666275e+00
96 1921 6.819800e-01 1.126231e+02  2.002003030311862108e+00  2.118405751050951302e+00  2.319744523001583403e+00  2.626993390221501024e+00
97 1941 6.891991e-01 1.127060e+02  2.002003030311862108e+00  2.202033732297270507e+00  2.416475365831003863e+00  2.760817125447818210e+00
98 1961 6.926632e-01 1.128460e+02  2.002003030311862108e+00  2.112729706333880575e+00  2.263581431809099875e+00  2.605553527803949443e+00
99 1981 6.967084e-01 1.129115e+02  2.002003030311862108e+00  2.080337603512335320e+00  2.280173779098071396e+00  2.607609404247981377e+00
100 2001 7.003728e-01 1.129275e+02  2.002003030311862108e+00  2.206166863563061575e+00  2.374429479770907570e+00  3.070946173336809082e+00
101 2021 7.032618e-01 1.129495e+02  2.002003030311862108e+00  2.139416611690336367e+00  2.255170410752220356e+00  2.743238569886466305e+00
102 2041 7.045962e-01 1.129190e+02  2.002003030311862108e+00  2.126031694473257794e+00  2.304283969404034682e+00  2.658603750129258536e+00
103 2061 7.069029e-01 1.129141e+02  2.002003030311862108e+00  2.124493801889457689e+00  2.318506699718403397e+00  2.753769377293113774e+00
104 2081 7.105542e-01 1.128787e+02  2.002003030311862108e+00  2.083144023765826969e+00  2.376734461814748123e+00  3.807882034261188764e+00
105 2101 7.150381e-01 1.128917e+02  2.002003030311862108e+00  2.127255024479221213e+00  2.294936678450768763e+00  2.781833566910879352e+00
106 2121 7.168905e-01 1.128663e+02  2.002003030311862108e+00  2.092388450780977571e+00  2.238976423075015543e+00  2.707418625716060845e+00
107 2141 7.155082e-01 1.128155e+02  2.002003030311862108e+00  2.144770354200399076e+00  2.378163635502809292e+00  2.807654469886319060e+00
108 2161 7.140245e-01 1.127896e+02  2.002003030311862108e+00  2.108885258021455655e+00  2.336827627405027030e+00  3.900448052616434680e+00
109 2181 7.103230e-01 1.127782e+02  2.002003030311862108e+00  2.142716641953559709e+00  2.375556054844988552e+00  2.810559872789287539e+00
110 2201 7.048512e-01 1.127344e+02  2.002003030311862108e+00  2.131663795817765106e+00  2.329027669762919750e+00  2.941110411771731048e+00
111 2221 6.976274e-01 1.127326e+02  2.002003030311862108e+00  2.149101182880969851e+00  2.312644523538221364e+00  2.949519022723005257e+00
112 2241 6.974716e-01 1.126687e+02  2.002003030311862108e+00  2.162918173148143275e+00  2.322693442253029872e+00  2.660704133232157265e+00
113 2261 6.943759e-01 1.127154e+02  2.002003030311862108e+00  2.113789262927142421e+00  2.260839088403699293e+00  2.579048516617323372e+00
114 2281 6.932783e-01 1.126905e+02  2.002003030311862108e+00  2.083902528943792021e+00  2.287640352721777237e+00  2.699298799996785014e+00
115 2301 6.931517e-01 1.127161e+02  2.002003030311862108e+00  2.149963706054224044e+00  2.283659989141503033e+00  2.588941075853662621e+00
116 2321 6.915512e-01 1.127898e+02  2.002003030311862108e+00  2.180359645454765349e+00  2.388455273942315493e+00  2.768060676801963105e+00
117 2341 6.879359e-01 1.127903e+02  2.002003030311862108e+00  2.229761161036837969e+00  2.314865658051631137e+00  2.672896884192708988e+00
118 2361 6.822251e-01 1.127670e+02  2.002003030311862108e+00  2.159866184005428291e+00  2.345619193009317982e+00  2.548434649269687213e+00
119 2381 6.785317e-01 1.127404e+02  2.002003030311862108e+00  2.198639477577657875e+00  2.368513980324864043e+00  2.593403840559176832e+00
120 2401 6.742709e-01 1.127390e+02  2.002003030311862108e+00  2.111896878406279487e+00  2.343921817804972108e+00  2.678970300477265365e+00
121 2421 6.691918e-01 1.127280e+02  2.002003030311862108e+00  2.143221437498011639e+00  2.290169463522962801e+00  2.524249470988364941e+00
122 2441 6.658794e-01 1.126692e+02  2.002003030311862108e+00  2.119229110584423204e+00  2.265087938027386727e+00  2.580348835115720441e+00
123 2461 6.642574e-01 1.126712e+02  2.002003030311862108e+00  2.207465154395977347e+00  2.423475343525691272e+00  2.747370979323734641e+00
124 2481 6.651950e-01 1.126582e+02  2.002003030311862108e+00  2.166386921883688199e+00  2.358635004707463345e+00  2.593218774173076557e+00
125 2501 6.629453e-01 1.126638e+02  2.002003030311862108e+00  2.165263680425976833e+00  2.298694231125183673e+00  3.816556362583766404e+00
126 2521 6.598885e-01 1.126923e+02  2.002003030311862108e+00  2.183093603344062661e+00  2.308338810144058506e+00  2.689470809727741774e+00
127 2541 6.541824e-01 1.127194e+02  2.002003030311862108e+00  2.115310772387142269e+00  2.298965315439984280e+00  3.946525744335376285e+00
128 2561 6.488823e-01 1.128689e+02  2.002003030311862108e+00  2.152731358990000121e+00  2.297005158820130788e+00  2.681309356674003830e+00
129 2581 6.432524e-01 1.129164e+02  2.002003030311862108e+00  2.144284345701189309e+00  2.283134236586252364e+00  2.467485821918800948e+00
130 2601 6.360099e-01 1.128267e+02  2.002003030311862108e+00  2.175225684906884283e+00  2.305193421051137559e+00  2.644285269708671837e+00
131 2621 6.289156e-01 1.128807e+02  2.002003030311862108e+00  2.161272619020444097e+00  2.302348278678985949e+00  2.882567789486778054e+00
132 2641 6.249499e-01 1.128977e+02  2.002003030311862108e+00  2.195827717666599010e+00  2.274308327315058165e+00  3.923332575508836406e+00
133 2661 6.219503e-01 1.129343e+02  2.002003030311862108e+00  2.175857191165267324e+00  2.315633849023038593e+00  2.536754776693041613e+00
134 2681 6.194019e-01 1.129423e+02  2.002003030311862108e+00  2.179920654689577297e+00  2.317261442894230861e+00  2.945803379810585376e+00
135 2701 6.166251e-01 1.129555e+02  2.002003030311862108e+00  2.112042457616560842e+00  2.379767695621207935e+00  2.661586239786069896e+00
136 2721 6.151500e-01 1.129972e+02  2.002003030311862108e+00  2.106492037543132412e+00  2.246233024702160463e+00  2.932925951836289347e+00
137 2741 6.153435e-01 1.130158e+02  2.002003030311862108e+00  2.114272211081702935e+00  2.283179361616736180e+00  3.972609532544514988e+00
138 2761 6.152250e-01 1.130429e+02  2.002003030311862108e+00  2.088313062240787055e+00  2.287864489223556674e+00  5.998568635617212763e+00
139 2781 6.126993e-01 1.130297e+02  2.002003030311862108e+00  2.141021535629743511e+00  2.265786916969810605e+00  3.744397429685054846e+00
140 2801 6.104381e-01 1.130282e+02  2.002003030311862108e+00  2.116600993408360942e+00  2.303619435576420127e+00  2.633835903930273226e+00
141 2821 6.082490e-01 1.129793e+02  2.002003030311862108e+00  2.132573788187786867e+00  2.268235974907795161e+00  2.554675960972579762e+00
142 2841 6.074182e-01 1.129937e+02  2.002003030311862108e+00  2.112354579518478825e+00  2.295056795168360697e+00  3.864214284756579243e+00
143 2861 6.070710e-01 1.129842e+02  2.002003030311862108e+00  2.173643855559844962e+00  2.296634510830934062e+00  2.512013208453358182e+00
144 2881 6.031982e-01 1.129835e+02  2.002003030311862108e+00  2.180489792651710612e+00  2.346760891226147727e+00  6.006422828141313452e+00
145 2901 5.970884e-01 1.130223e+02  2.002003030311862108e+00  2.098572713811933887e+00  2.214118542423361369e+00  2.682035642408735487e+00
146 2921 5.947437e-01 1.130255e+02  2.002003030311862108e+00  2.095320180830154477e+00  2.241637762338083650e+00  2.468802162567584890e+00
147 2941 5.943857e-01 1.130542e+02  2.002003030311862108e+00  2.190411056767311848e+00  2.244896941031521820e+00  2.648897099374651454e+00
148 2961 5.947001e-01 1.129883e+02  2.002003030311862108e+00  2.120969338205245691e+00  2.255465601992614921e+00  2.793463545674047310e+00
149 2981 5.961380e-01 1.130652e+02  2.002003030311862108e+00  2.080960906965800383e+00  2.200221978827185509e+00  2.690135422999745174e+00
150 3001 5.986774e-01 1.131098e+02  2.002003030311862108e+00  2.114372285541098684e+00  2.239459403138781113e+00  2.676247926717540526e+00
151 3021 6.005407e-01 1.131642e+02  2.002003030311862108e+00  2.105166047673116658e+00  2.282314672902988839e+00  2.622191638961674176e+00
152 3041 6.010511e-01 1.132838e+02  2.002003030311862108e+00  2.054810138784116003e+00  2.251916668328961091e+00  3.214172250198257696e+00
153 3061 6.036736e-01 1.133461e+02  2.002003030311862108e+00  2.124855765429518595e+00  2.234295057820550490e+00  5.850949211671615302e+00
154 3081 6.023059e-01 1.133804e+02  2.002003030311862108e+00  2.115547375439676081e+00  2.271976396729465719e+00  2.608413442437235386e+00
155 3101 6.001228e-01 1.134796e+02  2.002003030311862108e+00  2.138559971815642058e+00  2.217102867850802461e+00  2.595546937296841605e+00
156 3121 6.005095e-01 1.134695e+02  2.002003030311862108e+00  2.099772995099415507e+00  2.248981057186884236e+00  2.700888930536921695e+00
157 3141 6.008640e-01 1.135362e+02  2.002003030311862108e+00  2.116941947432704474e+00  2.242615501867671668e+00  2.645815075673201289e+00
158 3161 5.999203e-01 1.135631e+02  2.002003030311862108e+00  2.154398228092890832e+00  2.287162011836457509e+00  3.863721345490080505e+00
159 3181 5.992699e-01 1.136618e+02  2.002003030311862108e+00  2.117991289374610453e+00  2.275656986509103419e+00  2.433597270473750296e+00
160 3201 5.988666e-01 1.136861e+02  2.002003030311862108e+00  2.073245066361715683e+00  2.229491999313501616e+00  2.543253231791353208e+00
161 3221 5.972349e-01 1.137294e+02  2.002003030311862108e+00  2.094073552030204954e+00  2.198202445351138845e+00  2.427461358901823019e+00
162 3241 5.945506e-01 1.137791e+02  2.002003030311862108e+00  2.127084498669567392e+00  2.204948106243795003e+00  2.595752609038008973e+00
163 3261 5.870394e-01 1.138159e+02  2.002003030311862108e+00  2.137017440211776975e+00  2.249116296834615891e+00  2.632572133992350238e+00
164 3281 5.814877e-01 1.136632e+02  2.002003030311862108e+00  2.096463377658741578e+00  2.235363873956917935e+00  2.599297148568875837e+00
165 3301 5.774886e-01 1.136648e+02  2.002003030311862108e+00  2.075338214265790793e+00  2.234013357776521325e+00  2.568921745061739870e+00
166 3321 5.734300e-01 1.136847e+02  2.002003030311862108e+00  2.087394549689939982e+00  2.182915537614511514e+00  2.571911901115593757e+00
167 3341 5.746558e-01 1.137398e+02  2.002003030311862108e+00  2.139097096110830876e+00  2.244028141790290753e+00  2.598718042135495843e+00
168 3361 5.757646e-01 1.137630e+02  2.002003030311862108e+00  2.140806890786894012e+00  2.220780421864127163e+00  2.428689369545833809e+00
169 3381 5.764409e-01 1.137552e+02  2.002003030311862108e+00  2.114569919267666354e+00  2.272780027395254976e+00  2.534203653358028774e+00
170 3401 5.796922e-01 1.137922e+02  2.002003030311862108e+00  2.135514352085163381e+00  2.249620207383502546e+00  2.335553015013647649e+00
171 3421 5.822693e-01 1.137914e+02  2.002003030311862108e+00  2.171262151791184980e+00  2.324487859484795749e+00  2.826217141761893981e+00
172 3441 5.855304e-01 1.138277e+02  2.002003030311862108e+00  2.128085030233146657e+00  2.292753563274684048e+00  2.721153035592957181e+00
173 3461 5.900629e-01 1.138238e+02  2.002003030311862108e+00  2.110851049843871952e+00  2.242073448265088143e+00  3.784101480834618503e+00
174 3481 5.931976e-01 1.138487e+02  2.002003030311862108e+00  2.100324142480396006e+00  2.227103491706942329e+00  2.497544783495172283e+00
175 3501 5.950941e-01 1.139396e+02  2.002003030311862108e+00  2.160544359285743177e+00  2.276812809174005636e+00  2.494776991195517990e+00
176 3521 5.967817e-01 1.138613e+02  2.002003030311862108e+00  2.132813085705086209e+00  2.291188681399813909e+00  3.782132832362152364e+00
177 3541 5.969339e-01 1.138819e+02  2.002003030311862108e+00  2.107991621774061297e+00  2.266561487837734923e+00  2.670539159499613291e+00
178 3561 5.975006e-01 1.138251e+02  2.002003030311862108e+00  2.111904540464947910e+00  2.246270272308288796e+00  2.334937406656143466e+00
179 3581 6.021262e-01 1.137912e+02  2.002003030311862108e+00  2.103588970751701481e+00  2.213334036585252740e+00  2.607171188769445536e+00
180 3601 6.041712e-01 1.137713e+02  2.002003030311862108e+00  2.037656870114873620e+00  2.238957590903186023e+00  2.616205949478730197e+00
181 3621 6.040318e-01 1.137566e+02  2.002003030311862108e+00  2.072795413438989875e+00  2.216714182544897049e+00  2.533894833705204963e+00
182 3641 6.038230e-01 1.137473e+02  2.002003030311862108e+00  2.124531581684616643e+00  2.241857233819124495e+00  3.496350556380283248e+00
183 3661 6.022269e-01 1.137873e+02  2.002003030311862108e+00  2.071240743627622116e+00  2.287534397406015607e+00  2.664686123744420598e+00
184 3681 5.989306e-01 1.138203e+02  2.002003030311862108e+00  2.099093142968963210e+00  2.246669400273200168e+00  2.651478174047185110e+00
185 3701 5.921382e-01 1.138086e+02  2.002003030311862108e+00  2.092172752027263716e+00  2.226672506527493045e+00  3.166346408716767424e+00
186 3721 5.849601e-01 1.137617e+02  2.002003030311862108e+00  2.161619598994195091e+00  2.251827630350081932e+00  2.416172539381646445e+00
187 3741 5.795264e-01 1.137683e+02  2.002003030311862108e+00  2.086211789380067572e+00  2.207540053922466328e+00  2.422764080536127462e+00
188 3761 5.759838e-01 1.138186e+02  2.002003030311862108e+00  2.138302753734392159e+00  2.263600814626051339e+00  2.414716019539913550e+00
189 3781 5.718115e-01 1.138086e+02  2.002003030311862108e+00  2.107354099563337968e+00  2.246258995214961640e+00  2.594972022312176829e+00
190 3801 5.652636e-01 1.137873e+02  2.002003030311862108e+00  2.080202254005141693e+00  2.210557969337787476e+00  2.575641501671476430e+00
191 3821 5.618807e-01 1.138286e+02  2.002003030311862108e+00  2.077239940947088748e+00  2.224548124506946500e+00  3.871017125698791084e+00
192 3841 5.602505e-01 1.138737e+02  2.002003030311862108e+00  2.109711323426154639e+00  2.215145467161696136e+00  2.620109638110894590e+00
193 3861 5.573125e-01 1.139417e+02  2.002003030311862108e+00  2.111414802310124461e+00  2.256783088238829560e+00  2.594454443853061232e+00
194 3881 5.536922e-01 1.139529e+02  2.002003030311862108e+00  2.097712380539912047e+00  2.192787205769690662e+00  2.422523405520255135e+00
195 3901 5.489511e-01 1.139483e+02  2.002003030311862108e+00  2.107668809996556814e+00  2.216798869889665902e+00  2.465036616339862263e+00
196 3921 5.460224e-01 1.139318e+02  2.002003030311862108e+00  2.108146903005115647e+00  2.200809424764937461e+00  2.589546273871552007e+00
197 3941 5.420481e-01 1.139480e+02  2.002003030311862108e+00  2.111278181952558342e+00  2.199478044640798657e+00  2.569996640294907930e+00
198 3961 5.381966e-01 1.139838e+02  2.002003030311862108e+00  2.080818365133592529e+00  2.180696834719503041e+00  2.280780934352801381e+00
199 3981 5.329774e-01 1.139476e+02  2.002003030311862108e+00  2.083708472804926437e+00  2.191134655489508809e+00  2.342688498849512246e+00
200 4001 5.288623e-01 1.139224e+02  2.002003030311862108e+00  2.055220099381936283e+00  2.210313442504702408e+00  3.848931727610011233e+00
201 4021 5.242287e-01 1.139417e+02  2.002003030311862108e+00  2.120466541065228583e+00  2.255105577606387079e+00  2.625019471102137292e+00
202 4041 5.184004e-01 1.139218e+02  2.002003030311862108e+00  2.084773375127732642e+00  2.206696942582500043e+00  2.399407587185067747e+00
203 4061 5.139267e-01 1.138540e+02  2.002003030311862108e+00  2.095577222941578555e+00  2.148563160241034886e+00  2.597445071714406861e+00
204 4081 5.104008e-01 1.138648e+02  2.002003030311862108e+00  2.100050198082383801e+00  2.158706492601287330e+00  2.469942291774500198e+00
205 4101 5.066702e-01 1.138077e+02  2.002003030311862108e+00  2.073057385866958313e+00  2.180657028066250724e+00  2.273926809003929961e+00
206 4121 5.029324e-01 1.137537e+02  2.002003030311862108e+00  2.080929066741189271e+00  2.139771022148894364e+00  2.288190433247266675e+00
207 4141 4.999733e-01 1.137274e+02  2.002003030311862108e+00  2.110763969918516114e+00  2.166475806207161625e+00  3.875307508897723796e+00
208 4161 4.968939e-01 1.136368e+02  2.002003030311862108e+00  2.099710435695000044e+00  2.188480473558120032e+00  3.890852321067820530e+00
209 4181 4.929347e-01 1.135650e+02  2.002003030311862108e+00  2.081257845454225652e+00  2.202791222398702509e+00  2.586507678006968458e+00
210 4201 4.892214e-01 1.135566e+02  2.002003030311862108e+00  2.112993891397848323e+00  2.169608655122726937e+00  2.336350754194155943e+00
211 4221 4.874235e-01 1.134459e+02  2.002003030311862108e+00  2.070016218605657876e+00  2.159568802098422502e+00  3.852185213737171043e+00
212 4241 4.859616e-01 1.133500e+02  2.002003030311862108e+00  2.081884523674252474e+00  2.155485454963165459e+00  4.165735244453600217e+00
213 4261 4.852252e-01 1.132053e+02  2.002003030311862108e+00  2.064992614027410411e+00  2.200448997438157139e+00  2.562266899756260763e+00
214 4281 4.852939e-01 1.130589e+02  2.002003030311862108e+00  2.052243867013110012e+00  2.133462722356251007e+00  2.281058342405453132e+00
215 4301 4.838022e-01 1.129557e+02  2.002003030311862108e+00  2.087470046687312397e+00  2.165334319210981739e+00  2.400613731798944439e+00
216 4321 4.821681e-01 1.128835e+02  2.002003030311862108e+00  2.067187701899583008e+00  2.131732473068536748e+00  2.289666300863160142e+00
217 4341 4.821090e-01 1.128400e+02  2.002003030311862108e+00  2.075123783363537644e+00  2.154967575144798531e+00  2.363963724881906980e+00
218 4361 4.805989e-01 1.128199e+02  2.002003030311862108e+00  2.106780315062230180e+00  2.185345071434709574e+00  2.317974133000213932e+00
219 4381 4.798048e-01 1.126932e+02  2.002003030311862108e+00  2.114204723885708681e+00  2.165854079745969774e+00  2.752622021735420255e+00
220 4401 4.785054e-01 1.127061e+02  2.002003030311862108e+00  2.073536986413728300e+00  2.157467621066412544e+00  2.588025699113438272e+00
221 4421 4.748659e-01 1.126232e+02  2.002003030311862108e+00  2.060481492370845658e+00  2.162463007945746973e+00  2.524437415416996622e+00
222 4441 4.692779e-01 1.126485e+02  2.002003030311862108e+00  2.075488130515041441e+00  2.158491285347666544e+00  3.920637522845928924e+00
223 4461 4.624402e-01 1.126162e+02  2.002003030311862108e+00  2.058421931408476624e+00  2.161635475816650498e+00  2.245115224582298730e+00
224 4481 4.571634e-01 1.125759e+02  2.002003030311862108e+00  2.054971095187645425e+00  2.137107360371371279e+00  2.547907595034264894e+00
225 4501 4.551860e-01 1.125354e+02  2.002003030311862108e+00  2.074614408369637175e+00  2.156898767048715193e+00  3.780265907167149386e+00
226 4521 4.545246e-01 1.125203e+02  2.002003030311862108e+00  2.054352928783711008e+00  2.180982213034490247e+00  2.522808753802974202e+00
227 4541 4.547286e-01 1.124802e+02  2.002003030311862108e+00  2.083956031199225123e+00  2.162036497480600339e+00  3.762988485801427530e+00
228 4561 4.544626e-01 1.125741e+02  2.002003030311862108e+00  2.056828350541382466e+00  2.158074329504397593e+00  2.612647811367402539e+00
229 4581 4.541664e-01 1.125616e+02  2.002003030311862108e+00  2.079364436735291921e+00  2.159699453594826846e+00  3.783844558491255672e+00
230 4601 4.537286e-01 1.125151e+02  2.002003030311862108e+00  2.083031628043067851e+00  2.150247018450104797e+00  3.858980971398688453e+00
231 4621 4.522054e-01 1.124193e+02  2.002003030311862108e+00  2.091430523284851795e+00  2.178561680315394877e+00  2.499646963794954768e+00
232 4641 4.503536e-01 1.124049e+02  2.002003030311862108e+00  2.050447144244830433e+00  2.180251146896482695e+00  2.596581691159207672e+00
233 4661 4.480418e-01 1.124163e+02  2.002003030311862108e+00  2.058790146594077441e+00  2.147182561530020628e+00  2.275669484176356949e+00
234 4681 4.461752e-01 1.124507e+02  2.002003030311862108e+00  2.080270858663491929e+00  2.158475973328630726e+00  2.598297692052137897e+00
235 4701 4.428645e-01 1.124388e+02  2.002003030311862108e+00  2.068916649860947921e+00  2.133602895415275036e+00  2.502447196378338568e+00
236 4721 4.394744e-01 1.124428e+02  2.002003030311862108e+00  2.057133741751338452e+00  2.122680407036371175e+00  2.386665829217796020e+00
237 4741 4.362910e-01 1.124291e+02  2.002003030311862108e+00  2.082586892338819329e+00  2.145822189673971536e+00  2.580833968201380113e+00
238 4761 4.326412e-01 1.124474e+02  2.002003030311862108e+00  2.037764496436111461e+00  2.128735951260409376e+00  2.605937972449510642e+00
239 4781 4.304875e-01 1.124147e+02  2.002003030311862108e+00  2.053950133064716965e+00  2.108292766488102377e+00  2.584713104742245360e+00
240 4801 4.301403e-01 1.123691e+02  2.002003030311862108e+00  2.054739477255462798e+00  2.136569189835369365e+00  2.508214920983997231e+00
241 4821 4.300186e-01 1.123255e+02  2.002003030311862108e+00  2.048989618436254379e+00  2.134533944121209448e+00  3.938578470225750472e+00
242 4841 4.297614e-01 1.123730e+02  2.002003030311862108e+00  2.044718724032273283e+00  2.086592272031587036e+00  2.558460712350578703e+00
243 4861 4.294376e-01 1.123537e+02  2.002003030311862108e+00  2.053048342895654521e+00  2.152163212626795108e+00  2.498027276100100558e+00
244 4881 4.288412e-01 1.123911e+02  2.002003030311862108e+00  2.065411295965133398e+00  2.182359419069815232e+00  3.034321698288307889e+00
245 4901 4.275942e-01 1.123747e+02  2.002003030311862108e+00  2.068205495966770613e+00  2.114376142331639841e+00  3.923784968457834754e+00
246 4921 4.257689e-01 1.123841e+02  2.002003030311862108e+00  2.042071584671893980e+00  2.128685841584127658e+00  2.576041925649426467e+00
247 4941 4.251123e-01 1.124040e+02  2.002003030311862108e+00  2.063756991099523930e+00  2.138652636554617459e+00  3.767120919684368019e+00
248 4961 4.257416e-01 1.124245e+02  2.002003030311862108e+00  2.040862302418787078e+00  2.134453935395984825e+00  3.792674205103538920e+00
249 4981 4.267468e-01 1.123828e+02  2.002003030311862108e+00  2.047131259950864646e+00  2.113141671031714353e+00  2.368547944764948010e+00
250 5001 4.274570e-01 1.124082e+02  2.002003030311862108e+00  2.045013064497521516e+00  2.108234548905008054e+00  2.632932303177189848e+00
251 5021 4.258816e-01 1.124291e+02  2.002003030311862108e+00  2.039121277252511355e+00  2.115201316719623748e+00  2.218086555846838781e+00
252 5041 4.248225e-01 1.123991e+02  2.002003030311862108e+00  2.054534440075047819e+00  2.085804340937622570e+00  2.306380721011027202e+00
253 5061 4.224487e-01 1.124464e+02  2.002003030311862108e+00  2.037261169120171189e+00  2.109294803022557119e+00  3.786426242048628321e+00
254 5081 4.187377e-01 1.124171e+02  2.002003030311862108e+00  2.038701232647224693e+00  2.112520726705746199e+00  2.523969977512674490e+00
255 5101 4.150177e-01 1.123561e+02  2.002003030311862108e+00  2.051185319431604537e+00  2.102206532906422787e+00  2.588935308370551081e+00
256 5121 4.128315e-01 1.124017e+02  2.002003030311862108e+00  2.064140729514909012e+00  2.120037868769065525e+00  2.198315834073467645e+00
257 5141 4.102853e-01 1.124078e+02  2.002003030311862108e+00  2.007888467187921577e+00  2.114109894916818000e+00  3.763485030779491147e+00
258 5161 4.076625e-01 1.124252e+02  2.002003030311862108e+00  2.033511060241893986e+00  2.113482856732824544e+00  3.347321443520874240e+00
259 5181 4.057502e-01 1.124042e+02  2.002003030311862108e+00  2.049199265843630435e+00  2.092257005281624949e+00  2.197985732985448415e+00
260 5201 4.027367e-01 1.124143e+02  2.002003030311862108e+00  2.042041680136163606e+00  2.120135084319403340e+00  5.855459194929079736e+00
261 5221 3.982026e-01 1.123952e+02  2.002003030311862108e+00  2.033029959738355874e+00  2.089448364935909908e+00  2.534094707749403597e+00
262 5241 3.951963e-01 1.123092e+02  2.002003030311862108e+00  2.037132809190077332e+00  2.105178364835934346e+00  2.517042243225291909e+00
263 5261 3.929751e-01 1.123604e+02  2.002003030311862108e+00  2.039195418918355429e+00  2.106641329495272164e+00  3.873570162769264691e+00
264 5281 3.910007e-01 1.123786e+02  2.002003030311862108e+00  2.047096496577621050e+00  2.094811831457050744e+00  3.801127852807271612e+00
265 5301 3.885636e-01 1.124048e+02  2.002003030311862108e+00  2.045842593909112939e+00  2.115388554352876760e+00  2.210167883675921541e+00
266 5321 3.872312e-01 1.124092e+02  2.002003030311862108e+00  2.041320356326841612e+00  2.092271164607215628e+00  2.153208856688415107e+00
267 5341 3.860266e-01 1.124363e+02  2.002003030311862108e+00  2.026868937066673926e+00  2.105954382179892725e+00  2.431778249036180561e+00
268 5361 3.843743e-01 1.124095e+02  2.002003030311862108e+00  2.044641031528386499e+00  2.088915396248879119e+00  2.147368681700668969e+00
269 5381 3.828771e-01 1.123946e+02  2.002003030311862108e+00  2.034047011080727607e+00  2.098546326012129981e+00  3.830174666801508643e+00
270 5401 3.809101e-01 1.123871e+02  2.002003030311862108e+00  2.048298941148812169e+00  2.092383056455666690e+00  2.196893892191245534e+00
271 5421 3.777120e-01 1.123871e+02  2.002003030311862108e+00  2.052110269294752154e+00  2.100986795738079671e+00  2.341541339020154489e+00
272 5441 3.736559e-01 1.123346e+02  2.002003030311862108e+00  2.037041631089399285e+00  2.068825550876211228e+00  2.522931406663339704e+00
273 5461 3.685311e-01 1.123845e+02  2.002003030311862108e+00  2.043364170456920537e+00  2.086521937246336833e+00  2.514764005746226605e+00
274 5481 3.635743e-01 1.123960e+02  2.002003030311862108e+00  2.026389201296978637e+00  2.080624582731770644e+00  2.294907758786421059e+00
275 5501 3.594668e-01 1.124851e+02  2.002003030311862108e+00  2.051608031339089866e+00  2.098458752755788304e+00  2.171879635301253497e+00
276 5521 3.561950e-01 1.125399e+02  2.002003030311862108e+00  2.033438766457879243e+00  2.118836530939208096e+00  2.575433825450695213e+00
277 5541 3.539044e-01 1.125655e+02  2.002003030311862108e+00  2.034702953014921434e+00  2.090561535697318618e+00  3.818418136200893542e+00
278 5561 3.536068e-01 1.126093e+02  2.002003030311862108e+00  2.011922082603531781e+00  2.097371591561850934e+00  2.600520225009843145e+00
279 5581 3.540843e-01 1.126745e+02  2.002003030311862108e+00  2.032816120484639555e+00  2.071864929521070486e+00  2.185012581545950461e+00
280 5601 3.551675e-01 1.127277e+02  2.002003030311862108e+00  2.023969784892172719e+00  2.079478244245185792e+00  2.155580238961164241e+00
281 5621 3.587300e-01 1.127635e+02  2.002003030311862108e+00  2.031131105801329717e+00  2.072018144214257340e+00  2.280556954153003968e+00
282 5641 3.594997e-01 1.126927e+02  2.002003030311862108e+00  2.020965508795073085e+00  2.072591840681069719e+00  3.743119414442804160e+00
283 5661 3.612510e-01 1.125825e+02  1.998906371861630449e+00  1.998906371861630449e+00  2.094182482559331149e+00  3.791710585783483634e+00
284 5681 3.628684e-01 1.125118e+02  1.998906371861630449e+00  2.009894540372994864e+00  2.078208088441336088e+00  2.159567074508968343e+00
285 5701 3.641780e-01 1.124553e+02  1.998906371861630449e+00  2.028314381334478167e+00  2.081605301998711965e+00  2.232997743612000985e+00
286 5721 3.650206e-01 1.124487e+02  1.998906371861630449e+00  2.025826568564256025e+00  2.071588569314087636e+00  2.510504992617595299e+00
287 5741 3.654319e-01 1.124484e+02  1.998906371861630449e+00  2.011599553147441544e+00  2.069311831792322032e+00  3.826498890102334016e+00
288 5761 3.669801e-01 1.124745e+02  1.998906371861630449e+00  2.021228239266503302e+00  2.075033801022240443e+00  2.196658473357253616e+00
289 5781 3.682364e-01 1.124456e+02  1.998906371861630449e+00  2.024724947280098331e+00  2.087045302300367666e+00  2.564417428440915359e+00
290 5801 3.683628e-01 1.124136e+02  1.998906371861630449e+00  2.020035110828867442e+00  2.075922738494561770e+00  2.513385014462942380e+00
291 5821 3.700769e-01 1.124599e+02  1.998906371861630449e+00  2.019712844398032114e+00  2.076143276311581687e+00  2.196383206040999347e+00
292 5841 3.721563e-01 1.125031e+02  1.998906371861630449e+00  2.017750354103983845e+00  2.072654234971791354e+00  2.398262157027183150e+00
293 5861 3.744179e-01 1.125279e+02  1.998906371861630449e+00  2.025148599899475599e+00  2.096327957080536208e+00  3.173115898491835729e+00
294 5881 3.770080e-01 1.124460e+02  1.998906371861630449e+00  2.025504545172794213e+00  2.080652801517685724e+00  2.235168689664447594e+00
295 5901 3.788136e-01 1.125270e+02  1.998906371861630449e+00  2.028716007622915374e+00  2.085706508870786902e+00  2.293866335969924730e+00
296 5921 3.801826e-01 1.126275e+02  1.998906371861630449e+00  2.033592674230200625e+00  2.105086303240697454e+00  2.508382208028492766e+00
297 5941 3.806573e-01 1.125896e+02  1.998906371861630449e+00  2.027254912724299807e+00  2.098651984523216552e+00  2.506102551684498358e+00
298 5961 3.809020e-01 1.126802e+02  1.998906371861630449e+00  2.047541227355080817e+00  2.102507903899107689e+00  2.563004686639913654e+00
299 5981 3.805346e-01 1.127597e+02  1.998906371861630449e+00  2.036626068278115209e+00  2.092005996116635735e+00  2.209853653857238420e+00
300 6001 3.791273e-01 1.128158e+02  1.998906371861630449e+00  2.034836963189692316e+00  2.076391719540313652e+00  4.283719813808389176e+00
