%  columns="iteration, evaluation, sigma, axis ratio, bestever, best, median, worst fitness function value, further objective values of best" (startseed=212516, 2017/09/5 17:54:23.16)
1 21 1.072489e+00 2.241557e+01  9.978331967583858386e+02  9.981843154076995006e+02  1.000280002452365443e+04  1.000352266942344068e+04
2 41 1.036478e+00 2.242427e+01  9.978331967583858386e+02  9.981278461025575552e+02  1.000264696073423329e+04  1.000347317659425426e+04
3 61 1.005608e+00 2.245787e+01  9.978331967583858386e+02  9.984504728466466759e+02  1.000276088991049801e+04  1.000360145562783691e+04
4 81 9.808109e-01 2.248440e+01  9.978331967583858386e+02  9.984366187601858655e+02  1.000260928940826670e+04  1.000351380733185033e+04
5 101 9.605456e-01 2.249947e+01  9.978331967583858386e+02  9.981425055394227002e+02  1.000267760083312896e+04  1.000608732747447357e+04
6 121 9.453519e-01 2.251427e+01  9.978331967583858386e+02  9.981437112599802504e+02  1.000261620487446635e+04  1.000323431838529723e+04
7 141 9.362492e-01 2.253012e+01  9.978331967583858386e+02  9.983266139296774782e+02  1.000257311337353167e+04  1.000296853158251906e+04
8 161 9.335155e-01 2.253553e+01  9.978331967583858386e+02  9.984190902330395829e+02  1.000260738390898769e+04  1.000309062768627155e+04
9 181 9.273504e-01 2.254768e+01  9.978331967583858386e+02  9.982089507814487206e+02  1.000125920881617640e+04  1.000340564381781587e+04
10 201 9.199643e-01 2.256041e+01  9.978331967583858386e+02  9.983361018047847892e+02  1.000254133869619181e+04  1.000291954318279386e+04
11 221 9.186336e-01 2.256384e+01  9.978331967583858386e+02  9.983576040329494390e+02  1.000255264681106382e+04  1.000293682282173722e+04
12 241 9.146132e-01 2.258702e+01  9.978331967583858386e+02  9.983113307207378284e+02  1.000127031411272765e+04  1.000305724050634126e+04
13 261 9.145847e-01 2.259563e+01  9.978331967583858386e+02  9.982192550560837390e+02  5.499236205418183999e+03  1.000279245833745335e+04
14 281 9.153596e-01 2.259853e+01  9.978331967583858386e+02  9.982532628404542265e+02  1.000253849782903126e+04  1.000292375603886649e+04
15 301 9.075675e-01 2.260867e+01  9.978331967583858386e+02  9.982328706325495205e+02  1.000255642320291372e+04  1.000289079511800446e+04
16 321 9.021978e-01 2.261866e+01  9.978331967583858386e+02  9.984094840613444148e+02  1.000261142234633007e+04  1.000283381998810728e+04
17 341 8.929778e-01 2.263152e+01  9.978331967583858386e+02  9.983226191704756047e+02  1.000256965430224773e+04  1.000300392649330934e+04
18 361 8.852938e-01 2.262972e+01  9.978331967583858386e+02  9.983261977632029129e+02  1.000251900860289970e+04  1.000286367344141763e+04
19 381 8.803917e-01 2.263437e+01  9.978331967583858386e+02  9.983188150887566508e+02  1.000252421972546472e+04  1.000287204548540285e+04
20 401 8.765652e-01 2.263882e+01  9.978331967583858386e+02  9.983222045227420267e+02  1.000254186770152955e+04  1.000284418019966324e+04
21 421 8.705591e-01 2.264132e+01  9.978331967583858386e+02  9.983396537030818081e+02  1.000252559835149987e+04  1.000282706545511792e+04
22 441 8.666849e-01 2.264783e+01  9.978331967583858386e+02  9.982642457494182509e+02  1.000251763141599258e+04  1.000314299426778598e+04
23 461 8.633004e-01 2.265947e+01  9.978331967583858386e+02  9.983238817274476560e+02  1.000252882568281711e+04  1.000286943037329183e+04
24 481 8.616034e-01 2.266830e+01  9.978331967583858386e+02  9.983093778994474405e+02  9.984309198743649176e+02  1.000297258517533373e+04
25 501 8.594477e-01 2.267227e+01  9.978331967583858386e+02  9.982895727497567577e+02  9.983700877037374539e+02  1.000275736451871489e+04
26 521 8.555747e-01 2.267499e+01  9.978331967583858386e+02  9.983055803416552862e+02  1.000125452099351423e+04  1.000294972334863451e+04
27 541 8.529210e-01 2.267502e+01  9.978331967583858386e+02  9.983043785247225514e+02  9.984146350834967052e+02  1.000280835112338900e+04
28 561 8.485198e-01 2.268057e+01  9.978331967583858386e+02  9.982949463197534214e+02  1.000251905999554583e+04  1.000280015273991194e+04
29 581 8.437852e-01 2.268874e+01  9.978331967583858386e+02  9.983084018804643165e+02  9.984256333160648182e+02  1.000309965226089662e+04
30 601 8.442286e-01 2.269533e+01  9.978331967583858386e+02  9.982750798266431502e+02  5.499209514508422217e+03  1.000282665776317117e+04
31 621 8.504772e-01 2.270111e+01  9.978331967583858386e+02  9.982538861273194470e+02  5.499215438786577579e+03  1.000277897232829855e+04
32 641 8.562653e-01 2.271738e+01  9.978331967583858386e+02  9.982854964437339049e+02  1.000251685789944895e+04  1.000302792211635642e+04
33 661 8.579325e-01 2.272024e+01  9.978331967583858386e+02  9.982984573962455670e+02  1.000252250637867292e+04  1.000274610996075899e+04
34 681 8.586845e-01 2.272198e+01  9.978331967583858386e+02  9.982839434384626429e+02  1.000126312093278284e+04  1.000281550006488033e+04
35 701 8.592486e-01 2.273539e+01  9.978331967583858386e+02  9.982863173942027970e+02  1.000253095339572246e+04  1.000281455721368366e+04
36 721 8.536576e-01 2.274060e+01  9.978331967583858386e+02  9.982911255008776834e+02  1.000255338408091302e+04  1.000279494739080837e+04
37 741 8.470102e-01 2.274382e+01  9.978331967583858386e+02  9.982712790132453620e+02  5.499208276183087037e+03  1.000259994544164510e+04
38 761 8.379533e-01 2.274603e+01  9.978331967583858386e+02  9.982611306339458679e+02  1.000253254762132383e+04  1.000283899244422355e+04
39 781 8.291870e-01 2.274527e+01  9.978331967583858386e+02  9.982898754180876040e+02  9.983954667480519447e+02  1.000271189224349473e+04
40 801 8.204038e-01 2.274993e+01  9.978331967583858386e+02  9.983011314371215121e+02  9.984685935332329336e+02  1.000269515594464065e+04
41 821 8.131920e-01 2.275545e+01  9.978331967583858386e+02  9.983113296359279047e+02  5.499222260446483233e+03  1.000271717284130864e+04
42 841 8.078563e-01 2.276267e+01  9.978331967583858386e+02  9.983035920678403272e+02  9.983864159080599165e+02  1.000267575425901305e+04
43 861 8.043109e-01 2.276930e+01  9.978331967583858386e+02  9.982975725018270623e+02  9.984190712687682208e+02  1.000277081939337950e+04
44 881 7.989303e-01 2.278898e+01  9.978331967583858386e+02  9.983080379945031382e+02  1.000256457063751441e+04  1.000294788133093243e+04
45 901 7.966228e-01 2.277824e+01  9.978331967583858386e+02  9.983027939141437628e+02  1.000125226407267473e+04  1.000275300297200374e+04
46 921 7.991983e-01 2.280111e+01  9.978331967583858386e+02  9.982919848009214547e+02  9.983395968698073375e+02  1.000272114996207711e+04
47 941 8.013799e-01 2.280267e+01  9.978331967583858386e+02  9.982844457610403879e+02  9.983599906518625176e+02  1.000277238775518708e+04
48 961 8.044374e-01 2.280451e+01  9.978331967583858386e+02  9.982811774007572012e+02  1.000252405694727713e+04  1.000276107299481191e+04
49 981 8.050590e-01 2.280887e+01  9.978331967583858386e+02  9.983031172050191344e+02  1.000257079072312445e+04  1.000279735583263573e+04
50 1001 8.009303e-01 2.281948e+01  9.978331967583858386e+02  9.982906972299028894e+02  9.983805782124352390e+02  1.000279111507868583e+04
51 1021 8.000914e-01 2.282989e+01  9.978331967583858386e+02  9.982680193732543330e+02  9.983429266951150112e+02  1.000269627910896634e+04
52 1041 7.982692e-01 2.283374e+01  9.978331967583858386e+02  9.982717580407532978e+02  1.000250739316678664e+04  1.000266730975738210e+04
53 1061 7.975492e-01 2.283460e+01  9.978331967583858386e+02  9.981405323194510402e+02  9.983463534065066369e+02  1.000269210832571298e+04
54 1081 7.973277e-01 2.284010e+01  9.978331967583858386e+02  9.982948033844899101e+02  9.983763767203295174e+02  1.000279970553046223e+04
55 1101 7.953453e-01 2.284626e+01  9.978331967583858386e+02  9.982905922855288736e+02  9.983352081435565424e+02  1.000275373548756943e+04
56 1121 7.901019e-01 2.284422e+01  9.978331967583858386e+02  9.982891321225466754e+02  1.000254299229072240e+04  1.000276328419221863e+04
57 1141 7.888637e-01 2.284558e+01  9.978331967583858386e+02  9.982847951222526035e+02  9.984221671841787611e+02  1.000297269413575304e+04
58 1161 7.884992e-01 2.284574e+01  9.978331967583858386e+02  9.983108332225311869e+02  1.000125427817743912e+04  1.000266228737643723e+04
59 1181 7.896466e-01 2.283625e+01  9.978331967583858386e+02  9.982842034677133825e+02  9.983531086327842559e+02  1.000268487114181335e+04
60 1201 7.911059e-01 2.283683e+01  9.978331967583858386e+02  9.982975979012724110e+02  9.983518268793725383e+02  1.000258595172866808e+04
61 1221 7.925703e-01 2.283404e+01  9.978331967583858386e+02  9.982811438811612561e+02  5.500471699921232357e+03  1.000280040432199530e+04
62 1241 7.962659e-01 2.284091e+01  9.978331967583858386e+02  9.982687025764055306e+02  5.500453563618020780e+03  1.000289907937883800e+04
63 1261 7.975425e-01 2.283489e+01  9.978331967583858386e+02  9.982707665151320953e+02  9.984168861682253464e+02  1.000270977135997600e+04
64 1281 7.989019e-01 2.284553e+01  9.978331967583858386e+02  9.982866511037482269e+02  9.983751601119126917e+02  1.000278549455111170e+04
65 1301 8.018540e-01 2.285021e+01  9.978331967583858386e+02  9.982586260501074094e+02  9.983837536415595650e+02  1.000265453257537047e+04
66 1321 8.087085e-01 2.285543e+01  9.978331967583858386e+02  9.982953772350089139e+02  9.983564213599202048e+02  1.000294333918948359e+04
67 1341 8.167605e-01 2.285779e+01  9.978331967583858386e+02  9.982535543920906775e+02  9.983364669824643443e+02  1.000287316204552917e+04
68 1361 8.240302e-01 2.285270e+01  9.978331967583858386e+02  9.982972999698191643e+02  1.000125053804798154e+04  1.000314771756275877e+04
69 1381 8.296208e-01 2.285750e+01  9.978331967583858386e+02  9.982990782644021692e+02  5.499187786977115138e+03  1.000272906754532596e+04
70 1401 8.350296e-01 2.285934e+01  9.978331967583858386e+02  9.982871630422555427e+02  9.983908442358010689e+02  1.000263337759524074e+04
71 1421 8.386440e-01 2.286745e+01  9.978331967583858386e+02  9.982784012337915556e+02  9.983700209817886844e+02  1.000267820203786141e+04
72 1441 8.440404e-01 2.287307e+01  9.978331967583858386e+02  9.982669677194365931e+02  1.000255502728873398e+04  1.000288381530894003e+04
73 1461 8.528545e-01 2.287390e+01  9.978331967583858386e+02  9.982603694657844926e+02  1.000252827749383141e+04  1.000284316206368385e+04
74 1481 8.618160e-01 2.288670e+01  9.978331967583858386e+02  9.982637432108618896e+02  1.000000000000000000e+04  1.000274674219203007e+04
75 1501 8.724873e-01 2.289116e+01  9.978331967583858386e+02  9.982753370705065663e+02  9.983899796595106864e+02  1.000301633198232230e+04
76 1521 8.820808e-01 2.289704e+01  9.978331967583858386e+02  9.982888123514263725e+02  1.000125207814027817e+04  1.000267044265884942e+04
77 1541 8.888531e-01 2.290310e+01  9.978331967583858386e+02  9.983152958313750105e+02  1.000253591178804345e+04  1.000286859375795757e+04
78 1561 8.938445e-01 2.291150e+01  9.978331967583858386e+02  9.982746693740949695e+02  1.000251260876974811e+04  1.000299870372692203e+04
79 1581 8.954895e-01 2.291960e+01  9.978331967583858386e+02  9.982943507369396912e+02  5.500469914110562968e+03  1.000290628449789619e+04
80 1601 8.936631e-01 2.292556e+01  9.978331967583858386e+02  9.983103418875546140e+02  1.000253845988543435e+04  1.000592851316887754e+04
81 1621 8.944953e-01 2.293062e+01  9.978331967583858386e+02  9.982878302272323481e+02  9.983366548988365139e+02  1.000276942353317099e+04
82 1641 8.960270e-01 2.294502e+01  9.978331967583858386e+02  9.983017464389997713e+02  1.000125305860078151e+04  1.000316862342138484e+04
83 1661 9.019936e-01 2.295483e+01  9.978331967583858386e+02  9.982869946668140528e+02  1.000255181650540362e+04  1.000278094557879012e+04
84 1681 9.117842e-01 2.296597e+01  9.978331967583858386e+02  9.983356710585393330e+02  1.000250281580103547e+04  1.000272336370910307e+04
85 1701 9.205117e-01 2.298558e+01  9.978331967583858386e+02  9.983244029568461428e+02  1.000252832705152468e+04  1.000272727552459401e+04
86 1721 9.313027e-01 2.300225e+01  9.978331967583858386e+02  9.983545814202003612e+02  1.000255410795660464e+04  1.000289461697608749e+04
87 1741 9.384951e-01 2.301801e+01  9.978331967583858386e+02  9.983374335966527724e+02  1.000254400670348150e+04  1.000331276433860330e+04
88 1761 9.478949e-01 2.302901e+01  9.978331967583858386e+02  9.983277088462120901e+02  1.000253728708173367e+04  1.000277725841124629e+04
89 1781 9.568011e-01 2.304368e+01  9.978331967583858386e+02  9.983070708713930799e+02  5.499215508437009703e+03  1.000291846699939924e+04
90 1801 9.672415e-01 2.305560e+01  9.978331967583858386e+02  9.982360567299837157e+02  1.000264576238320296e+04  1.000321148907375573e+04
91 1821 9.706345e-01 2.307381e+01  9.978331967583858386e+02  9.983035121443798516e+02  1.000262680065954191e+04  1.000291718583470174e+04
92 1841 9.741607e-01 2.309831e+01  9.978331967583858386e+02  9.982378391545344130e+02  1.000126752890806711e+04  1.000316988104101074e+04
93 1861 9.789583e-01 2.311622e+01  9.978331967583858386e+02  9.982976365212002747e+02  1.000260726066337520e+04  1.000303826991858477e+04
94 1881 9.758065e-01 2.313138e+01  9.978331967583858386e+02  9.982709293278045379e+02  1.000255596333392896e+04  1.000287863244723849e+04
95 1901 9.670747e-01 2.314456e+01  9.978331967583858386e+02  9.983204012747446541e+02  1.000260176075660274e+04  1.000286231683145161e+04
96 1921 9.595878e-01 2.315661e+01  9.978331967583858386e+02  9.982918383122156456e+02  1.000257385341890404e+04  1.000297455208883366e+04
97 1941 9.516061e-01 2.317645e+01  9.978331967583858386e+02  9.983224734321884171e+02  1.000261503699681089e+04  1.000331589457697191e+04
98 1961 9.462637e-01 2.319190e+01  9.978331967583858386e+02  9.983177020098358980e+02  1.000254705555789042e+04  1.000285151247369504e+04
99 1981 9.454007e-01 2.321809e+01  9.978331967583858386e+02  9.983095127661099468e+02  1.000254434935440077e+04  1.000279657914470954e+04
100 2001 9.465591e-01 2.323047e+01  9.978331967583858386e+02  9.983253709296012630e+02  1.000261985296190323e+04  1.000349342570378758e+04
101 2021 9.431847e-01 2.324696e+01  9.978331967583858386e+02  9.983027326290886094e+02  1.000254473549109389e+04  1.000277214999058378e+04
102 2041 9.321520e-01 2.326755e+01  9.978331967583858386e+02  9.983123340974676694e+02  5.500453272407512486e+03  1.000302485225621240e+04
103 2061 9.233848e-01 2.327946e+01  9.978331967583858386e+02  9.983317520710219242e+02  1.000256664544806699e+04  1.000304277022110728e+04
104 2081 9.212737e-01 2.328272e+01  9.978331967583858386e+02  9.983137371446836141e+02  1.000253902353812373e+04  1.000286598104874975e+04
105 2101 9.204015e-01 2.328680e+01  9.978331967583858386e+02  9.983160391445176174e+02  1.000258509516864797e+04  1.000286446231137779e+04
106 2121 9.217659e-01 2.329961e+01  9.978331967583858386e+02  9.983390667286529379e+02  1.000254614603853042e+04  1.000325109775227065e+04
107 2141 9.238331e-01 2.330490e+01  9.978331967583858386e+02  9.983160090554663384e+02  1.000253945044237116e+04  1.000268555505386212e+04
108 2161 9.214863e-01 2.332778e+01  9.978331967583858386e+02  9.983088738278856908e+02  5.500461717974902058e+03  1.000301048311821614e+04
109 2181 9.184036e-01 2.333881e+01  9.978331967583858386e+02  9.983049798483687027e+02  1.000250521144129743e+04  1.000293179519199839e+04
110 2201 9.151237e-01 2.334939e+01  9.978331967583858386e+02  9.983061623030787359e+02  5.499198795502908979e+03  1.000313991750899368e+04
111 2221 9.107084e-01 2.334997e+01  9.978331967583858386e+02  9.983037525171893094e+02  5.499188288287507021e+03  1.000289668065719707e+04
112 2241 9.051353e-01 2.335987e+01  9.978331967583858386e+02  9.983090015557596644e+02  1.000252729860942054e+04  1.000309267227004239e+04
113 2261 8.987451e-01 2.336802e+01  9.978331967583858386e+02  9.982857452031320236e+02  9.983406314309713707e+02  1.000590604737932699e+04
114 2281 8.964056e-01 2.337926e+01  9.978331967583858386e+02  9.982348985664872316e+02  5.500486300680599015e+03  1.000288533295476009e+04
115 2301 8.947072e-01 2.338275e+01  9.978331967583858386e+02  9.982897719887077983e+02  9.983684542088362832e+02  1.000266603575058252e+04
116 2321 8.953157e-01 2.338578e+01  9.978331967583858386e+02  9.982876280899557742e+02  9.983650389238291609e+02  1.000286789284355109e+04
117 2341 8.965682e-01 2.338260e+01  9.978331967583858386e+02  9.982498861743046064e+02  1.000250707953674282e+04  1.000296434577158652e+04
118 2361 9.006253e-01 2.338433e+01  9.978331967583858386e+02  9.982978675540758786e+02  1.000259263372202258e+04  1.000312658385729628e+04
119 2381 9.020414e-01 2.338829e+01  9.978331967583858386e+02  9.982581011352540372e+02  1.000251647698990018e+04  1.000356980486987959e+04
120 2401 9.048118e-01 2.339529e+01  9.978331967583858386e+02  9.982732482553016098e+02  1.000250974388859140e+04  1.000291865727226468e+04
121 2421 9.057804e-01 2.339304e+01  9.978331967583858386e+02  9.982576702581866357e+02  1.000255677927960460e+04  1.000296715755488003e+04
122 2441 9.077616e-01 2.339484e+01  9.978331967583858386e+02  9.982791322185639729e+02  9.984435485481358228e+02  1.000277595663166176e+04
123 2461 9.109353e-01 2.339727e+01  9.978331967583858386e+02  9.982930111836673177e+02  5.500500708843197572e+03  1.000341851858890550e+04
124 2481 9.074491e-01 2.340909e+01  9.978331967583858386e+02  9.982185013604267851e+02  9.984225390884931812e+02  1.000289679743916349e+04
125 2501 8.997054e-01 2.341639e+01  9.978331967583858386e+02  9.982815135860078044e+02  1.000250899299947196e+04  1.000275898631888049e+04
126 2521 8.929062e-01 2.343173e+01  9.978331967583858386e+02  9.982882788858991034e+02  1.000252768138338797e+04  1.000273391524269209e+04
127 2541 8.858234e-01 2.343385e+01  9.978331967583858386e+02  9.982486343671070017e+02  9.984128829594042145e+02  1.000286924583542532e+04
128 2561 8.828287e-01 2.344986e+01  9.978331967583858386e+02  9.983143160047491165e+02  5.499217509679498107e+03  1.000271802210397254e+04
129 2581 8.836015e-01 2.346875e+01  9.978331967583858386e+02  9.982732508685721768e+02  9.983738998984601949e+02  1.000273157050192094e+04
130 2601 8.789356e-01 2.348340e+01  9.978331967583858386e+02  9.982887083010476772e+02  1.000128234920965406e+04  1.000287648906015238e+04
131 2621 8.763901e-01 2.349293e+01  9.978331967583858386e+02  9.982845106870987593e+02  9.984169376851020843e+02  1.000275939622673832e+04
132 2641 8.731995e-01 2.348976e+01  9.978331967583858386e+02  9.983016788788132772e+02  1.000256509849225222e+04  1.000292237969424423e+04
133 2661 8.706459e-01 2.350037e+01  9.978331967583858386e+02  9.983006505327626883e+02  1.000266939125672980e+04  1.000371211899054833e+04
134 2681 8.682358e-01 2.351374e+01  9.978331967583858386e+02  9.982842835049874566e+02  1.000259141727200767e+04  1.000446868361199813e+04
135 2701 8.680623e-01 2.351947e+01  9.978331967583858386e+02  9.983514593936235997e+02  1.000263059120947946e+04  1.000341503156537692e+04
136 2721 8.683758e-01 2.351988e+01  9.978331967583858386e+02  9.983225747696993722e+02  5.499199387147034031e+03  1.000595198431079370e+04
137 2741 8.659733e-01 2.352411e+01  9.978331967583858386e+02  9.983126603192845323e+02  1.000252678408584507e+04  1.000298851484361148e+04
138 2761 8.581595e-01 2.352982e+01  9.978331967583858386e+02  9.983092140255381537e+02  1.000125796524890393e+04  1.000271359401167319e+04
139 2781 8.481315e-01 2.353208e+01  9.978331967583858386e+02  9.982999215187609252e+02  9.984091698471770542e+02  1.000275859004205086e+04
140 2801 8.417268e-01 2.354224e+01  9.978331967583858386e+02  9.983211897491324862e+02  5.499208031053721243e+03  1.000280111831883914e+04
141 2821 8.353063e-01 2.354374e+01  9.978331967583858386e+02  9.982917649096829109e+02  9.983936589240762487e+02  1.000281958817235136e+04
142 2841 8.300596e-01 2.354748e+01  9.978331967583858386e+02  9.982497471458266318e+02  5.499185877104346218e+03  1.000289549375499155e+04
143 2861 8.212990e-01 2.354674e+01  9.978331967583858386e+02  9.982439134914404804e+02  9.983716287507660354e+02  1.000302089557075669e+04
144 2881 8.128092e-01 2.354276e+01  9.978331967583858386e+02  9.982412689252732889e+02  9.984081422899200788e+02  1.000262441219538960e+04
145 2901 8.054975e-01 2.355969e+01  9.978331967583858386e+02  9.982801645801097266e+02  9.984083104978631127e+02  1.000280173476013624e+04
146 2921 7.978086e-01 2.357246e+01  9.978331967583858386e+02  9.982116905550761885e+02  9.983273955103563821e+02  1.000287531538203257e+04
147 2941 7.903901e-01 2.358072e+01  9.978331967583858386e+02  9.982848129255254435e+02  1.000251585601298939e+04  1.000277018155811493e+04
148 2961 7.843896e-01 2.358425e+01  9.978331967583858386e+02  9.982117581097095353e+02  9.983737906329015459e+02  1.000268024649994004e+04
149 2981 7.844470e-01 2.359715e+01  9.978331967583858386e+02  9.982270315712465845e+02  1.000251717798083519e+04  1.000277215687373609e+04
150 3001 7.844199e-01 2.361354e+01  9.978331967583858386e+02  9.982447671299332796e+02  9.984134240468633834e+02  1.000585531122042448e+04
151 3021 7.852971e-01 2.363864e+01  9.978331967583858386e+02  9.982337977926015355e+02  9.984078590513124709e+02  1.000297682506826641e+04
152 3041 7.876342e-01 2.365391e+01  9.978331967583858386e+02  9.982249860091424125e+02  9.983763400621360233e+02  1.000289917183975740e+04
153 3061 7.871700e-01 2.366805e+01  9.978331967583858386e+02  9.982428901839531363e+02  5.500465721998501976e+03  1.000280733815924395e+04
154 3081 7.800082e-01 2.368387e+01  9.978331967583858386e+02  9.982690312704615963e+02  1.000256211712432560e+04  1.000291474501380435e+04
155 3101 7.734720e-01 2.371311e+01  9.978331967583858386e+02  9.981996042472103454e+02  9.983643853236533232e+02  1.000282514382221416e+04
156 3121 7.689662e-01 2.372732e+01  9.978331967583858386e+02  9.982169994006592333e+02  9.983364886638709095e+02  1.000277137999592196e+04
157 3141 7.687278e-01 2.374786e+01  9.978331967583858386e+02  9.982291424368999060e+02  1.000255595374422774e+04  1.000273710658114760e+04
158 3161 7.700431e-01 2.375499e+01  9.978331967583858386e+02  9.982079896258928784e+02  9.983390582282240757e+02  1.000266459037647473e+04
159 3181 7.720364e-01 2.377408e+01  9.978331967583858386e+02  9.982042402056150650e+02  9.983075634994934262e+02  1.000283246312848132e+04
160 3201 7.731086e-01 2.378081e+01  9.978331967583858386e+02  9.982127758531712516e+02  9.983088368456321859e+02  1.000272621075963980e+04
161 3221 7.757138e-01 2.379944e+01  9.978331967583858386e+02  9.981993833961362270e+02  9.982933230768433077e+02  1.000285295765160845e+04
162 3241 7.800037e-01 2.380893e+01  9.978331967583858386e+02  9.982373739164179369e+02  9.983591012879940081e+02  1.000266883794738533e+04
163 3261 7.841000e-01 2.387546e+01  9.978331967583858386e+02  9.982201128601000164e+02  9.983098864036487612e+02  1.000285239814532906e+04
164 3281 7.863436e-01 2.389862e+01  9.978331967583858386e+02  9.982184501394815470e+02  1.000250468582824396e+04  1.000310791259743382e+04
165 3301 7.908359e-01 2.391974e+01  9.978331967583858386e+02  9.982287948547852920e+02  1.000250381531425955e+04  1.000273074701198493e+04
166 3321 7.945900e-01 2.394115e+01  9.978331967583858386e+02  9.982189056450072258e+02  9.982791437311432219e+02  1.000260650050931508e+04
167 3341 7.982223e-01 2.396386e+01  9.978331967583858386e+02  9.982153731247668702e+02  5.500413073428737334e+03  1.000270534076507101e+04
168 3361 8.001448e-01 2.398675e+01  9.978331967583858386e+02  9.982112924792319291e+02  9.983476128255595086e+02  1.000273266777721619e+04
169 3381 8.042005e-01 2.400029e+01  9.978331967583858386e+02  9.982254029514145941e+02  9.983349025860118218e+02  1.000301979610245508e+04
170 3401 8.127839e-01 2.401273e+01  9.978331967583858386e+02  9.982506085868463970e+02  1.000252146200752759e+04  1.000275804907603742e+04
171 3421 8.188208e-01 2.402521e+01  9.978331967583858386e+02  9.982342003976094702e+02  1.000255802075158317e+04  1.000298781838680043e+04
172 3441 8.216992e-01 2.404097e+01  9.978331967583858386e+02  9.982074693798779208e+02  9.983093339588690469e+02  1.000592198591241686e+04
173 3461 8.232162e-01 2.406123e+01  9.978331967583858386e+02  9.982187001213060284e+02  1.000251057661328377e+04  1.000286772630405540e+04
174 3481 8.256591e-01 2.406899e+01  9.978331967583858386e+02  9.982123732069252355e+02  1.000254433710338708e+04  1.000309208222233246e+04
175 3501 8.245887e-01 2.408103e+01  9.978331967583858386e+02  9.982157914248507495e+02  1.000253436115808290e+04  1.000277572474933731e+04
176 3521 8.177467e-01 2.409429e+01  9.978331967583858386e+02  9.982120079489402542e+02  9.983308026822011243e+02  1.000280691052880502e+04
177 3541 8.104451e-01 2.410186e+01  9.978331967583858386e+02  9.982258262250352345e+02  1.000251728037426437e+04  1.000284892374633819e+04
178 3561 8.023853e-01 2.410543e+01  9.978331967583858386e+02  9.982300782010458988e+02  9.983836461035702996e+02  1.000275166133435050e+04
179 3581 7.961197e-01 2.413875e+01  9.978331967583858386e+02  9.982185589610793386e+02  9.983570466074550041e+02  1.000289840812107286e+04
180 3601 7.909633e-01 2.414874e+01  9.978331967583858386e+02  9.982153101704485607e+02  9.983297176962962567e+02  1.000275431169708827e+04
181 3621 7.872836e-01 2.416075e+01  9.978331967583858386e+02  9.982284792234585211e+02  9.983283829471648687e+02  1.000272253442709371e+04
182 3641 7.834453e-01 2.417298e+01  9.978331967583858386e+02  9.982391298667249657e+02  9.982920612309578701e+02  1.000253809586036732e+04
183 3661 7.772696e-01 2.417986e+01  9.978331967583858386e+02  9.982380760978337548e+02  9.983116426268492205e+02  1.000259365529510251e+04
184 3681 7.741457e-01 2.419670e+01  9.978331967583858386e+02  9.982354875460176800e+02  1.000251874018368835e+04  1.000267597512376597e+04
185 3701 7.694096e-01 2.420971e+01  9.978331967583858386e+02  9.982388537719892838e+02  9.983312845455521938e+02  1.000303120311899693e+04
186 3721 7.622104e-01 2.422248e+01  9.978331967583858386e+02  9.982363790020508532e+02  9.983524069998286450e+02  1.000274364680372855e+04
187 3741 7.556302e-01 2.424622e+01  9.978331967583858386e+02  9.982310135926751400e+02  9.983519505212466356e+02  1.000278028217526298e+04
188 3761 7.480698e-01 2.426100e+01  9.978331967583858386e+02  9.982424246728493245e+02  1.000255565538110022e+04  1.000588956441484333e+04
189 3781 7.414941e-01 2.427811e+01  9.978331967583858386e+02  9.982212983243013014e+02  9.983350724851196674e+02  1.000263788536039101e+04
190 3801 7.353393e-01 2.428143e+01  9.978331967583858386e+02  9.982173433592604397e+02  9.983079444296699876e+02  1.000281428723502722e+04
191 3821 7.286289e-01 2.428850e+01  9.978331967583858386e+02  9.981934809002307247e+02  9.983783247161368308e+02  1.000264833566650668e+04
192 3841 7.191550e-01 2.430086e+01  9.978331967583858386e+02  9.982068783496210926e+02  9.982981795284250666e+02  1.000275686190981469e+04
193 3861 7.073896e-01 2.431381e+01  9.978331967583858386e+02  9.982072601579409366e+02  9.982872967108999092e+02  1.000264125426272949e+04
194 3881 6.989729e-01 2.433131e+01  9.978331967583858386e+02  9.982303972563647676e+02  1.000250830871890867e+04  1.000331126235364354e+04
195 3901 6.887347e-01 2.434386e+01  9.978331967583858386e+02  9.982064979908509486e+02  9.982934638102344707e+02  1.000271300669683296e+04
196 3921 6.795749e-01 2.435678e+01  9.978331967583858386e+02  9.981978036958460052e+02  9.983009566677253588e+02  1.000268198226182358e+04
197 3941 6.682739e-01 2.436383e+01  9.978331967583858386e+02  9.982011206086255015e+02  9.982876319910806160e+02  1.000263720074272896e+04
198 3961 6.580697e-01 2.437950e+01  9.978331967583858386e+02  9.982035962540646779e+02  9.982721928382203487e+02  1.000264431685517229e+04
199 3981 6.478726e-01 2.437976e+01  9.978331967583858386e+02  9.982025832304161668e+02  9.983129621316472821e+02  1.000264775590687168e+04
200 4001 6.367838e-01 2.438247e+01  9.978331967583858386e+02  9.982062083152317200e+02  9.982547763618658792e+02  1.000268444260686374e+04
201 4021 6.245833e-01 2.438739e+01  9.978331967583858386e+02  9.982087306170778902e+02  9.982901918758996089e+02  1.000257946110962621e+04
202 4041 6.147675e-01 2.438619e+01  9.978331967583858386e+02  9.981885505868167456e+02  9.982564066221713119e+02  1.000279584584165423e+04
203 4061 6.043089e-01 2.438601e+01  9.978331967583858386e+02  9.981937107420729944e+02  9.982532575830018686e+02  1.000283279090460746e+04
204 4081 5.946086e-01 2.438988e+01  9.978331967583858386e+02  9.982126640258982206e+02  9.982732367360321177e+02  1.000606030299359918e+04
205 4101 5.846136e-01 2.439910e+01  9.978331967583858386e+02  9.981947952981809067e+02  9.982506392074864152e+02  1.000253282493796542e+04
206 4121 5.754405e-01 2.441097e+01  9.978331967583858386e+02  9.981888034323654892e+02  5.500382420545925015e+03  1.000257109562825826e+04
207 4141 5.686342e-01 2.441822e+01  9.978331967583858386e+02  9.981801297483910957e+02  1.000250452481543834e+04  1.000260580994567681e+04
208 4161 5.639096e-01 2.442910e+01  9.978331967583858386e+02  9.981916302781594368e+02  9.983048377888412688e+02  1.000264529125486297e+04
209 4181 5.590180e-01 2.445376e+01  9.978331967583858386e+02  9.981889490104590550e+02  9.982570587430798241e+02  1.000259330725984000e+04
210 4201 5.521120e-01 2.445601e+01  9.978331967583858386e+02  9.981916677985360593e+02  9.982613496827850668e+02  1.000264060095183959e+04
211 4221 5.471187e-01 2.445441e+01  9.978331967583858386e+02  9.981796881680064644e+02  9.982279979271181674e+02  1.000262750569662967e+04
212 4241 5.428357e-01 2.445856e+01  9.978331967583858386e+02  9.981768850245747444e+02  9.982350091345309693e+02  1.000263143505312473e+04
213 4261 5.371449e-01 2.445517e+01  9.978331967583858386e+02  9.981670410166306056e+02  9.982502477215064118e+02  1.000264774430998841e+04
214 4281 5.330571e-01 2.445999e+01  9.978331967583858386e+02  9.981978074614376055e+02  1.000252168062126657e+04  1.000263474391454838e+04
215 4301 5.293406e-01 2.447476e+01  9.978331967583858386e+02  9.981603093168239411e+02  9.982227557268010969e+02  1.000264793597044081e+04
216 4321 5.252325e-01 2.450597e+01  9.978331967583858386e+02  9.981684990544647462e+02  9.982293322009244321e+02  1.000263085175108790e+04
217 4341 5.198146e-01 2.450977e+01  9.978331967583858386e+02  9.981669869425754769e+02  9.982489986427617623e+02  1.000263000093652772e+04
218 4361 5.169544e-01 2.451581e+01  9.978331967583858386e+02  9.981719624016762964e+02  1.000250476481381520e+04  1.000264710799145723e+04
219 4381 5.166970e-01 2.451503e+01  9.978331967583858386e+02  9.981715694255262861e+02  1.000251467424540533e+04  1.000270448723530899e+04
220 4401 5.154129e-01 2.451738e+01  9.978331967583858386e+02  9.981582085112440836e+02  9.982228061810089912e+02  1.000257065843975761e+04
221 4421 5.150465e-01 2.452189e+01  9.978331967583858386e+02  9.981673992167451388e+02  9.982159129449864849e+02  1.000269396016736027e+04
222 4441 5.128785e-01 2.452082e+01  9.978331967583858386e+02  9.981547789402775379e+02  9.982095182272273632e+02  1.000262424442051997e+04
223 4461 5.149739e-01 2.452480e+01  9.978331967583858386e+02  9.981281239960752600e+02  9.981976957559912762e+02  1.000266773607026516e+04
224 4481 5.171472e-01 2.453781e+01  9.978331967583858386e+02  9.981430362354310546e+02  1.000125690728533482e+04  1.000591022265480569e+04
225 4501 5.163171e-01 2.454244e+01  9.978331967583858386e+02  9.981626728941165538e+02  9.982780697907567173e+02  1.000258871591862953e+04
226 4521 5.140231e-01 2.454059e+01  9.978331967583858386e+02  9.981393973955706542e+02  9.981979355713269797e+02  1.000262843216010515e+04
227 4541 5.125644e-01 2.454052e+01  9.978331967583858386e+02  9.981485390834344571e+02  1.000252504210599545e+04  1.000261090438309657e+04
228 4561 5.097170e-01 2.455559e+01  9.978331967583858386e+02  9.981346699692270477e+02  9.982206878617514576e+02  1.000264315171832641e+04
229 4581 5.063979e-01 2.455728e+01  9.978331967583858386e+02  9.981315107830303077e+02  9.981820516879159868e+02  1.000261233245026961e+04
230 4601 5.034365e-01 2.456490e+01  9.978331967583858386e+02  9.981340104328860434e+02  9.981940606021096301e+02  1.000258153074025358e+04
231 4621 4.997576e-01 2.456523e+01  9.978331967583858386e+02  9.981634476353153786e+02  9.982432463182931315e+02  1.000260125961565427e+04
232 4641 4.952074e-01 2.457551e+01  9.978331967583858386e+02  9.981431634056496023e+02  9.982315135071767145e+02  1.000260761521347740e+04
233 4661 4.897208e-01 2.458016e+01  9.978331967583858386e+02  9.981551052758455853e+02  9.982357197857413666e+02  1.000265414390605110e+04
234 4681 4.821364e-01 2.458143e+01  9.978331967583858386e+02  9.981404785943550451e+02  5.500391380668773309e+03  1.000264237421618054e+04
235 4701 4.753186e-01 2.458246e+01  9.978331967583858386e+02  9.981643343863838709e+02  9.981900847876261196e+02  1.000254570472732121e+04
236 4721 4.677153e-01 2.458965e+01  9.978331967583858386e+02  9.981553839134867303e+02  9.981933574642466738e+02  1.000267012411497308e+04
237 4741 4.611571e-01 2.458679e+01  9.978331967583858386e+02  9.981561880314427526e+02  9.981907965326574868e+02  1.000253171300850772e+04
238 4761 4.555822e-01 2.460242e+01  9.978331967583858386e+02  9.981621893258512728e+02  9.982075066050806527e+02  1.000261912713150559e+04
239 4781 4.497407e-01 2.460801e+01  9.978331967583858386e+02  9.981721797241739296e+02  9.982014824546781711e+02  1.000258439562602143e+04
240 4801 4.448028e-01 2.460319e+01  9.978331967583858386e+02  9.981470779401230402e+02  9.981919959620728378e+02  1.000252643961711874e+04
241 4821 4.413502e-01 2.460996e+01  9.978331967583858386e+02  9.981570305007969637e+02  9.981923228287437269e+02  1.000255502215403067e+04
242 4841 4.374129e-01 2.461447e+01  9.978331967583858386e+02  9.981486295269586435e+02  9.981976146628230708e+02  1.000260163957296027e+04
243 4861 4.336367e-01 2.461867e+01  9.978331967583858386e+02  9.981465352956762445e+02  9.981854273837841447e+02  1.000261444273308371e+04
244 4881 4.287950e-01 2.462605e+01  9.978331967583858386e+02  9.981237143714112108e+02  9.981733786511020980e+02  1.000261470649347757e+04
245 4901 4.264428e-01 2.463025e+01  9.978331967583858386e+02  9.981324644836573725e+02  9.981626830684587048e+02  1.000258665502686745e+04
246 4921 4.238356e-01 2.464323e+01  9.978331967583858386e+02  9.981386948798302683e+02  9.981843555354143973e+02  1.000271979503842704e+04
247 4941 4.205580e-01 2.464635e+01  9.978331967583858386e+02  9.981376611201037576e+02  9.981795259656084909e+02  1.000259639918945868e+04
248 4961 4.166507e-01 2.465031e+01  9.978331967583858386e+02  9.981282897893713653e+02  1.000251023783550045e+04  1.000268650127908950e+04
249 4981 4.143387e-01 2.464882e+01  9.978331967583858386e+02  9.981405300817053785e+02  9.981681789033468704e+02  1.000258484290098932e+04
250 5001 4.114418e-01 2.465299e+01  9.978331967583858386e+02  9.981183688483089327e+02  9.981658495272436085e+02  1.000257951565870462e+04
251 5021 4.086007e-01 2.466162e+01  9.978331967583858386e+02  9.980951094005515642e+02  9.981563357034208366e+02  1.000262486984998031e+04
252 5041 4.059494e-01 2.467366e+01  9.978331967583858386e+02  9.981300906463487763e+02  9.982565980628951365e+02  1.000269175115808866e+04
253 5061 4.044526e-01 2.468351e+01  9.978331967583858386e+02  9.981127810436080381e+02  9.981778108557612086e+02  1.000255762370514640e+04
254 5081 4.032018e-01 2.469323e+01  9.978331967583858386e+02  9.981259209633349201e+02  9.981723122611774670e+02  1.000615256749916443e+04
255 5101 4.024698e-01 2.469842e+01  9.978331967583858386e+02  9.981340902209900605e+02  9.981847065730867143e+02  1.000264627856438528e+04
256 5121 4.048205e-01 2.471205e+01  9.978331967583858386e+02  9.981415508223790312e+02  9.981605715098880864e+02  1.000260804245498184e+04
257 5141 4.063441e-01 2.472005e+01  9.978331967583858386e+02  9.981298986743837531e+02  9.981620064490039113e+02  1.000256480779543199e+04
258 5161 4.099637e-01 2.472471e+01  9.978331967583858386e+02  9.981187490476796711e+02  9.981521105319503704e+02  1.000259426772096776e+04
259 5181 4.117623e-01 2.472685e+01  9.978331967583858386e+02  9.981139429187917358e+02  9.982592032261627537e+02  1.000262271850609613e+04
260 5201 4.124128e-01 2.473207e+01  9.978331967583858386e+02  9.981235075901506661e+02  1.000251126242810642e+04  1.000262073811260598e+04
261 5221 4.133002e-01 2.474924e+01  9.978331967583858386e+02  9.981128164075215636e+02  9.981688370631399039e+02  1.000262963658936678e+04
262 5241 4.144574e-01 2.475478e+01  9.978331967583858386e+02  9.981164176193459525e+02  9.981558507419857733e+02  1.000259351923931354e+04
263 5261 4.160289e-01 2.476550e+01  9.978331967583858386e+02  9.980998725234945823e+02  1.000251262810127810e+04  1.000258245465494656e+04
264 5281 4.167133e-01 2.477160e+01  9.978331967583858386e+02  9.981163639214375962e+02  9.982748725150966038e+02  1.000261042250861465e+04
265 5301 4.178065e-01 2.477262e+01  9.978331967583858386e+02  9.981286376692894464e+02  9.981485927133982159e+02  1.000262088497942023e+04
266 5321 4.176891e-01 2.478276e+01  9.978331967583858386e+02  9.981173816003851016e+02  1.000250746711324973e+04  1.000262735459090618e+04
267 5341 4.163480e-01 2.478400e+01  9.978331967583858386e+02  9.980999827376363100e+02  9.981488575995192605e+02  1.000257908079461777e+04
268 5361 4.161166e-01 2.478898e+01  9.978331967583858386e+02  9.981115056005465931e+02  9.981487520439729906e+02  1.000255903657620547e+04
269 5381 4.144568e-01 2.479680e+01  9.978331967583858386e+02  9.981090605418968380e+02  9.981469472422647868e+02  1.000262187599542085e+04
270 5401 4.128666e-01 2.480580e+01  9.978331967583858386e+02  9.981176619035405793e+02  9.982338485393050860e+02  1.000267813746352113e+04
271 5421 4.127249e-01 2.481312e+01  9.978331967583858386e+02  9.981065587337565148e+02  9.982050647286403091e+02  1.000264292042546731e+04
272 5441 4.127694e-01 2.480691e+01  9.978331967583858386e+02  9.980920639341377409e+02  9.981292472574891690e+02  1.000256688950625721e+04
273 5461 4.145864e-01 2.481504e+01  9.978331967583858386e+02  9.980658163503542255e+02  9.982477611781779387e+02  1.000260753144046976e+04
274 5481 4.165959e-01 2.481025e+01  9.978331967583858386e+02  9.981029494237026256e+02  9.982747848886281190e+02  1.000261222072664532e+04
275 5501 4.159073e-01 2.481362e+01  9.978331967583858386e+02  9.981132512372387282e+02  9.981731067586237032e+02  1.000258618627282158e+04
276 5521 4.152029e-01 2.483269e+01  9.978331967583858386e+02  9.981085590588036212e+02  9.981525166301690888e+02  1.000255426263477057e+04
277 5541 4.165533e-01 2.484829e+01  9.978331967583858386e+02  9.980878265650981120e+02  9.981730795175958519e+02  1.000257500254179104e+04
278 5561 4.179547e-01 2.484956e+01  9.978331967583858386e+02  9.981070404353476988e+02  9.981328492126402807e+02  1.000258367555538825e+04
279 5581 4.199268e-01 2.485608e+01  9.978331967583858386e+02  9.981076175131266837e+02  9.982010113773894773e+02  1.000262384143858799e+04
280 5601 4.216895e-01 2.487375e+01  9.978331967583858386e+02  9.981065907629904359e+02  9.982469525651524691e+02  1.000268185172313315e+04
281 5621 4.231574e-01 2.488620e+01  9.978331967583858386e+02  9.981024361416783677e+02  5.500383643007770843e+03  1.000258108035987061e+04
282 5641 4.246531e-01 2.489003e+01  9.978331967583858386e+02  9.980908806318366260e+02  9.982401590598541361e+02  1.000263234415366605e+04
283 5661 4.264801e-01 2.490073e+01  9.978331967583858386e+02  9.981016469593081410e+02  9.982052731931286189e+02  1.000260691451822822e+04
284 5681 4.287503e-01 2.491791e+01  9.978331967583858386e+02  9.981106650422001394e+02  9.982871526430188851e+02  1.000261319170712159e+04
285 5701 4.303763e-01 2.492020e+01  9.978331967583858386e+02  9.980970671717062714e+02  9.981895058736911324e+02  1.000253893496220189e+04
286 5721 4.302283e-01 2.494050e+01  9.978331967583858386e+02  9.980920439764091725e+02  9.981607406573607477e+02  1.000260967228075424e+04
287 5741 4.282756e-01 2.495699e+01  9.978331967583858386e+02  9.980915641679806640e+02  9.981437656744104743e+02  1.000253008437444441e+04
288 5761 4.273742e-01 2.496240e+01  9.978331967583858386e+02  9.981058901912763304e+02  9.982007289670114005e+02  1.000261623243792019e+04
289 5781 4.249919e-01 2.500334e+01  9.978331967583858386e+02  9.980928936384320878e+02  9.981410621034085580e+02  1.000275081272898751e+04
290 5801 4.211154e-01 2.499863e+01  9.978331967583858386e+02  9.981016758588660878e+02  9.981499469409507128e+02  1.000261037605850106e+04
291 5821 4.204539e-01 2.501188e+01  9.978331967583858386e+02  9.981017340374550031e+02  9.981363166750893470e+02  1.000256751866946433e+04
292 5841 4.190683e-01 2.501989e+01  9.978331967583858386e+02  9.980993786525810947e+02  9.981332059765878739e+02  1.000257881905958675e+04
293 5861 4.197440e-01 2.501812e+01  9.978331967583858386e+02  9.981108450530084610e+02  9.983122345676684972e+02  1.000262539381295755e+04
294 5881 4.205017e-01 2.502085e+01  9.978331967583858386e+02  9.980989919894043396e+02  9.981601853763745567e+02  1.000257673731684372e+04
295 5901 4.227462e-01 2.504442e+01  9.978331967583858386e+02  9.980727187880016800e+02  9.982402273635834717e+02  1.000256277874408443e+04
296 5921 4.244387e-01 2.504814e+01  9.978331967583858386e+02  9.980841971484943542e+02  1.000250654809957086e+04  1.000262376291434884e+04
297 5941 4.242702e-01 2.504601e+01  9.978331967583858386e+02  9.981118940537310209e+02  1.000250948763553060e+04  1.000258618230946740e+04
298 5961 4.219335e-01 2.504792e+01  9.978331967583858386e+02  9.980581074062325797e+02  9.982502824763405442e+02  1.000260374671974023e+04
299 5981 4.188867e-01 2.504445e+01  9.978331967583858386e+02  9.980827813099211880e+02  9.982964484104263647e+02  1.000255486731356723e+04
300 6001 4.161037e-01 2.504757e+01  9.978331967583858386e+02  9.980652983609192006e+02  9.983102237999261206e+02  1.000256936262758973e+04
301 6021 4.145960e-01 2.504912e+01  9.978331967583858386e+02  9.980547383700568389e+02  9.982912766904562432e+02  1.000259950845473577e+04
302 6041 4.130312e-01 2.504978e+01  9.978331967583858386e+02  9.980196879205021787e+02  9.982475041607603998e+02  1.000259297907331711e+04
303 6061 4.111929e-01 2.505956e+01  9.978331967583858386e+02  9.980902307295747278e+02  5.499188397481289940e+03  1.000616332379130108e+04
304 6081 4.113120e-01 2.507848e+01  9.978331967583858386e+02  9.980790095143501048e+02  9.981370525474792430e+02  1.000251568208472418e+04
305 6101 4.132007e-01 2.507775e+01  9.978331967583858386e+02  9.980277852503547820e+02  9.981623112285367370e+02  1.000270381566389369e+04
306 6121 4.154493e-01 2.508596e+01  9.978331967583858386e+02  9.981014107876345633e+02  5.500323541375660170e+03  1.000261892610624636e+04
307 6141 4.175947e-01 2.508199e+01  9.978331967583858386e+02  9.980855917315376473e+02  5.499189023225013443e+03  1.000261027815652415e+04
308 6161 4.166655e-01 2.507171e+01  9.978331967583858386e+02  9.980778655276355948e+02  9.981321160806000989e+02  1.000264614596250976e+04
309 6181 4.150069e-01 2.507648e+01  9.978331967583858386e+02  9.980895040304015993e+02  9.982389072383007260e+02  1.000255276004756888e+04
310 6201 4.138418e-01 2.507471e+01  9.978331967583858386e+02  9.980904980239319002e+02  9.981778013855705467e+02  1.000263006191931345e+04
311 6221 4.124451e-01 2.507714e+01  9.978331967583858386e+02  9.980596945571381866e+02  9.981435541131377249e+02  1.000252954005594984e+04
312 6241 4.115159e-01 2.508229e+01  9.978331967583858386e+02  9.980911182870507901e+02  9.981471458646728934e+02  1.000250822296837941e+04
313 6261 4.110026e-01 2.508499e+01  9.978331967583858386e+02  9.980926839167414073e+02  9.983151423992686659e+02  1.000255401718860230e+04
314 6281 4.123290e-01 2.511651e+01  9.978331967583858386e+02  9.980745386381574917e+02  9.981349376993357509e+02  1.000255739134010582e+04
315 6301 4.132906e-01 2.512501e+01  9.978331967583858386e+02  9.980532935104616854e+02  1.000250710843455090e+04  1.000272991061059838e+04
316 6321 4.157196e-01 2.512872e+01  9.978331967583858386e+02  9.980866980665776964e+02  5.500444631629521609e+03  1.000261184367901842e+04
317 6341 4.187871e-01 2.515635e+01  9.978331967583858386e+02  9.980790975386524906e+02  9.983230867108873099e+02  1.000260440593654857e+04
318 6361 4.218538e-01 2.515592e+01  9.978331967583858386e+02  9.980448158790977686e+02  9.982502317539801879e+02  1.000257462209873484e+04
319 6381 4.249803e-01 2.516314e+01  9.978331967583858386e+02  9.981024365042344471e+02  9.983104646018839503e+02  1.000259730506156666e+04
320 6401 4.281396e-01 2.516867e+01  9.978331967583858386e+02  9.981025708769209359e+02  9.982187720657044565e+02  1.000260131091849689e+04
321 6421 4.310687e-01 2.518041e+01  9.978331967583858386e+02  9.980246870531435661e+02  9.983017104633661347e+02  1.000259579642927747e+04
322 6441 4.312020e-01 2.518359e+01  9.978331967583858386e+02  9.980520105364479377e+02  1.000251060474308542e+04  1.000261730149418690e+04
323 6461 4.305155e-01 2.520056e+01  9.978331967583858386e+02  9.980728097452278007e+02  9.981877280276955844e+02  1.000257560977362846e+04
324 6481 4.301433e-01 2.520485e+01  9.978331967583858386e+02  9.980538980739272574e+02  9.982470123704770231e+02  1.000265390724093777e+04
325 6501 4.290368e-01 2.521634e+01  9.978331967583858386e+02  9.980652403109071429e+02  9.982653681788538051e+02  1.000261069317642432e+04
326 6521 4.290939e-01 2.523010e+01  9.978331967583858386e+02  9.980793804438410461e+02  1.000251781947747986e+04  1.000267101654764701e+04
327 6541 4.296336e-01 2.524115e+01  9.978331967583858386e+02  9.980553032226479218e+02  9.982119712705656411e+02  1.000268975959589443e+04
328 6561 4.309372e-01 2.526532e+01  9.978331967583858386e+02  9.980684976263542012e+02  1.000251493529756772e+04  1.000261426237228079e+04
329 6581 4.323388e-01 2.526820e+01  9.978331967583858386e+02  9.980821264988740040e+02  9.982943563154487947e+02  1.000261044226213198e+04
330 6601 4.327358e-01 2.528927e+01  9.978331967583858386e+02  9.980818231140857506e+02  9.982602962903977186e+02  1.000259085592324300e+04
331 6621 4.298358e-01 2.528641e+01  9.978331967583858386e+02  9.980714721083078302e+02  9.981880981463556282e+02  1.000258170430410792e+04
332 6641 4.266210e-01 2.530449e+01  9.978331967583858386e+02  9.980626359441201885e+02  9.982213923405325886e+02  1.000262963232555558e+04
333 6661 4.246688e-01 2.530819e+01  9.978331967583858386e+02  9.980402572982644642e+02  9.981229462180492646e+02  1.000256784307204725e+04
334 6681 4.215750e-01 2.531556e+01  9.978331967583858386e+02  9.980907937263916665e+02  9.981875480615207152e+02  1.000260004835004293e+04
335 6701 4.176461e-01 2.532279e+01  9.978331967583858386e+02  9.980265383045540375e+02  9.982044809931417149e+02  1.000266815598764515e+04
336 6721 4.144557e-01 2.530618e+01  9.978331967583858386e+02  9.980969306130189125e+02  1.000251339012653079e+04  1.000625516389981203e+04
337 6741 4.125130e-01 2.530442e+01  9.978331967583858386e+02  9.980686265897579688e+02  9.981650824323269262e+02  1.000272510818056799e+04
338 6761 4.110736e-01 2.530314e+01  9.978331967583858386e+02  9.979585320767309895e+02  9.981256551804221999e+02  1.000253565702140804e+04
339 6781 4.117780e-01 2.531276e+01  9.978331967583858386e+02  9.980151743299513782e+02  9.981174744608938454e+02  1.000256351676118356e+04
340 6801 4.116265e-01 2.533286e+01  9.978331967583858386e+02  9.980450429228068288e+02  5.500453656889815647e+03  1.000257174423117795e+04
341 6821 4.115303e-01 2.534090e+01  9.978331967583858386e+02  9.980250548517936977e+02  9.981566750585620866e+02  1.000258552788628367e+04
342 6841 4.111214e-01 2.534757e+01  9.978331967583858386e+02  9.979694248732668029e+02  9.981235744121327116e+02  1.000256083750481775e+04
343 6861 4.091339e-01 2.535061e+01  9.978331967583858386e+02  9.980950424366517382e+02  1.000000000000000000e+04  1.000264696061540053e+04
344 6881 4.091539e-01 2.538465e+01  9.978331967583858386e+02  9.979831596084676448e+02  9.980917922962478315e+02  1.000252183483655244e+04
345 6901 4.111465e-01 2.539481e+01  9.978331967583858386e+02  9.979662900856238821e+02  9.981303463612800897e+02  1.000264138505390838e+04
346 6921 4.125940e-01 2.540709e+01  9.978331967583858386e+02  9.979665703583561935e+02  1.000252519326253605e+04  1.000610910362179129e+04
347 6941 4.145975e-01 2.540579e+01  9.978331967583858386e+02  9.979949529246193833e+02  9.983081442270259913e+02  1.000261304675986685e+04
348 6961 4.166233e-01 2.540762e+01  9.978331967583858386e+02  9.980134518099274601e+02  9.981157228580141236e+02  1.000264874614279506e+04
349 6981 4.188565e-01 2.542047e+01  9.978331967583858386e+02  9.980177726240755192e+02  9.981419553297091625e+02  1.000259053861101529e+04
350 7001 4.211025e-01 2.543511e+01  9.978331967583858386e+02  9.979010240097894666e+02  9.981215660159048184e+02  1.000264433139991343e+04
351 7021 4.241299e-01 2.543669e+01  9.978331967583858386e+02  9.980724602660015989e+02  1.000251389362247210e+04  1.000265967821108279e+04
352 7041 4.248002e-01 2.544862e+01  9.978331967583858386e+02  9.978752257409072399e+02  9.981195084843835730e+02  1.000254598171494399e+04
353 7061 4.249491e-01 2.546435e+01  9.978331967583858386e+02  9.980030479250430062e+02  9.981639870812834943e+02  1.000260489467725347e+04
354 7081 4.252449e-01 2.547175e+01  9.978331967583858386e+02  9.980658425199677595e+02  9.983158411414199236e+02  1.000263652194859424e+04
355 7101 4.237340e-01 2.549925e+01  9.978331967583858386e+02  9.980330724711562880e+02  9.982696724922057001e+02  1.000268915039630519e+04
356 7121 4.209464e-01 2.552142e+01  9.978331967583858386e+02  9.980761665376238625e+02  9.981551997354504238e+02  1.000254407313474439e+04
357 7141 4.202877e-01 2.553779e+01  9.978331967583858386e+02  9.980756840068870588e+02  1.000250677823576916e+04  1.000263089907004178e+04
358 7161 4.194357e-01 2.554912e+01  9.978331967583858386e+02  9.980495759078285118e+02  9.981309486191860287e+02  1.000259959155269826e+04
359 7181 4.167834e-01 2.556354e+01  9.978331967583858386e+02  9.980558419489109383e+02  9.981466007680544408e+02  1.000256257620764518e+04
360 7201 4.135798e-01 2.557242e+01  9.978331967583858386e+02  9.980703863083726901e+02  9.981426431170343676e+02  1.000254383530881751e+04
361 7221 4.082426e-01 2.558871e+01  9.978331967583858386e+02  9.980067256248363492e+02  9.981724714361033648e+02  1.000259584877835005e+04
362 7241 4.042844e-01 2.559432e+01  9.978331967583858386e+02  9.980229791269540556e+02  9.981229743809496995e+02  1.000264140501148540e+04
363 7261 4.012778e-01 2.560590e+01  9.978331967583858386e+02  9.980178502850013729e+02  5.499070296275212968e+03  1.000259840918120244e+04
364 7281 3.978047e-01 2.560425e+01  9.978331967583858386e+02  9.979410874962260323e+02  9.981770081196161755e+02  1.000259334117735852e+04
365 7301 3.963716e-01 2.562262e+01  9.978331967583858386e+02  9.979602898464523832e+02  5.500413793611840447e+03  1.000269881024790266e+04
366 7321 3.948953e-01 2.563404e+01  9.978331967583858386e+02  9.980769261682107754e+02  9.981527948497237048e+02  1.000366718035427766e+04
367 7341 3.932627e-01 2.565306e+01  9.978331967583858386e+02  9.979721015236453923e+02  9.981362334276238926e+02  1.000262689619191406e+04
368 7361 3.912938e-01 2.565603e+01  9.978331967583858386e+02  9.980396925416210934e+02  9.981229891360601414e+02  1.000261335390733802e+04
369 7381 3.883673e-01 2.569116e+01  9.978331967583858386e+02  9.979851837700776969e+02  9.981392995730493567e+02  1.000263029426496905e+04
370 7401 3.868314e-01 2.570915e+01  9.978331967583858386e+02  9.980402890607711015e+02  9.981979659204807831e+02  1.000260268639593778e+04
371 7421 3.848245e-01 2.570349e+01  9.978331967583858386e+02  9.980251590430203805e+02  9.981593764427918813e+02  1.000256601835536821e+04
372 7441 3.837978e-01 2.571217e+01  9.978331967583858386e+02  9.980347934749333945e+02  9.981676745333477356e+02  1.000266087589234121e+04
373 7461 3.819599e-01 2.572506e+01  9.978331967583858386e+02  9.980715251407992810e+02  9.981318258071075888e+02  1.000259260696064666e+04
374 7481 3.810135e-01 2.573483e+01  9.978331967583858386e+02  9.980601652701651574e+02  9.981194729425867536e+02  1.000255088215922660e+04
375 7501 3.796476e-01 2.574379e+01  9.978331967583858386e+02  9.980622892357934006e+02  9.981163892041150802e+02  1.000261410725796304e+04
376 7521 3.770217e-01 2.574143e+01  9.978331967583858386e+02  9.980272118404826642e+02  9.981181023489327799e+02  1.000257405064182058e+04
377 7541 3.747538e-01 2.574905e+01  9.978331967583858386e+02  9.979791891029864246e+02  9.981160071631442179e+02  1.000258828630790777e+04
378 7561 3.726206e-01 2.575949e+01  9.978331967583858386e+02  9.979755951257371862e+02  5.500424175140406987e+03  1.000272681834134710e+04
379 7581 3.708497e-01 2.576208e+01  9.978331967583858386e+02  9.979976186242213316e+02  9.981191869898026425e+02  1.000277581653175366e+04
380 7601 3.684203e-01 2.577190e+01  9.978331967583858386e+02  9.980376269027209446e+02  9.980918666099461234e+02  1.000259009468095974e+04
381 7621 3.655774e-01 2.578286e+01  9.978331967583858386e+02  9.979743158751391547e+02  1.000250448054500521e+04  1.000260365689224636e+04
382 7641 3.621648e-01 2.581236e+01  9.978331967583858386e+02  9.980493667416770904e+02  9.981151368951720997e+02  1.000257088909921185e+04
383 7661 3.596548e-01 2.581356e+01  9.978331967583858386e+02  9.980219961951645473e+02  9.981384634010280479e+02  1.000264872797463795e+04
384 7681 3.589730e-01 2.582266e+01  9.978331967583858386e+02  9.980763941376626462e+02  5.500329210609017537e+03  1.000264643566592713e+04
385 7701 3.597574e-01 2.582863e+01  9.978331967583858386e+02  9.980457072979766053e+02  9.981194708427431124e+02  1.000264700400908987e+04
386 7721 3.602781e-01 2.582973e+01  9.978331967583858386e+02  9.980876198497397809e+02  9.982188027345592900e+02  1.000266853091546000e+04
387 7741 3.603817e-01 2.583108e+01  9.978331967583858386e+02  9.980248597086124391e+02  9.981330096754036276e+02  1.000597628797150901e+04
388 7761 3.575858e-01 2.583288e+01  9.978331967583858386e+02  9.980820510185125158e+02  9.981272855439433442e+02  1.000255377884311929e+04
389 7781 3.529178e-01 2.583643e+01  9.978331967583858386e+02  9.980658004618856012e+02  9.981160960259403510e+02  1.000252590725728442e+04
390 7801 3.495926e-01 2.584759e+01  9.978331967583858386e+02  9.980909059607797644e+02  1.000125276774232043e+04  1.000261547611258175e+04
391 7821 3.473767e-01 2.586147e+01  9.978331967583858386e+02  9.980784534752582431e+02  9.981265217097591176e+02  1.000264706295393989e+04
392 7841 3.470140e-01 2.587709e+01  9.978331967583858386e+02  9.980800052393061605e+02  9.981468682345714569e+02  1.000260558669581951e+04
393 7861 3.484007e-01 2.588439e+01  9.978331967583858386e+02  9.980622564582101859e+02  9.981070338261715733e+02  1.000261314750792917e+04
394 7881 3.499813e-01 2.589156e+01  9.978331967583858386e+02  9.980053187586761396e+02  9.982105930055051886e+02  1.000264447919563463e+04
395 7901 3.505434e-01 2.590046e+01  9.978331967583858386e+02  9.980689953013260265e+02  5.500437081477241009e+03  1.000255190912971375e+04
396 7921 3.508484e-01 2.591225e+01  9.978331967583858386e+02  9.980529221433662315e+02  9.981212777307580382e+02  1.000256262828569743e+04
397 7941 3.490750e-01 2.591491e+01  9.978331967583858386e+02  9.980573800860378242e+02  9.980977394839233057e+02  1.000260600059162971e+04
398 7961 3.473822e-01 2.592305e+01  9.978331967583858386e+02  9.980482639635473561e+02  9.982776773834621054e+02  1.000263246164733937e+04
399 7981 3.443706e-01 2.592268e+01  9.978331967583858386e+02  9.980422707245688798e+02  9.983780025348186200e+02  1.000259107568867694e+04
400 8001 3.411000e-01 2.591780e+01  9.978331967583858386e+02  9.980366455435890884e+02  9.983146189900658101e+02  1.000255343208530576e+04
