%  columns="iteration, evaluation, sigma, axis ratio, bestever, best, median, worst fitness function value, further objective values of best" (startseed=211982, 2017/10/8 8:42:34.83)
1 21 1.071094e+00 2.241004e+01  9.925517057534290188e+02  9.957240250350075712e+02  9.970235977062382062e+02  9.973366693907375975e+02
2 41 1.038312e+00 2.241755e+01  9.925517057534290188e+02  9.955746157890196173e+02  9.969194495660522080e+02  9.974006349161792286e+02
3 61 1.010326e+00 2.243788e+01  9.925517057534290188e+02  9.958484783816544450e+02  9.968923306874050922e+02  9.973977738177085257e+02
4 81 9.923403e-01 2.245302e+01  9.925517057534290188e+02  9.952458533470916109e+02  9.968405296754140181e+02  9.973700000000000045e+02
5 101 9.829326e-01 2.246567e+01  9.925517057534290188e+02  9.958687993903713505e+02  9.968949999999999818e+02  9.973164298789912436e+02
6 121 9.766458e-01 2.248371e+01  9.925517057534290188e+02  9.956222290075048704e+02  9.968927917155508567e+02  9.972649245598606740e+02
7 141 9.725751e-01 2.249602e+01  9.925517057534290188e+02  9.961770839344311526e+02  9.968623840372896439e+02  9.971762252260700734e+02
8 161 9.647837e-01 2.251994e+01  9.925517057534290188e+02  9.964811274446493599e+02  9.969632649025030560e+02  9.974857698829177934e+02
9 181 9.581269e-01 2.255620e+01  9.925517057534290188e+02  9.957245153995164628e+02  9.967089034271673427e+02  9.974548601734114754e+02
10 201 9.511877e-01 2.256789e+01  9.925517057534290188e+02  9.956551551534790860e+02  9.967369435625350889e+02  9.974525651586175172e+02
11 221 9.490476e-01 2.257664e+01  9.925517057534290188e+02  9.960612286245826681e+02  9.970166055526826767e+02  9.973679800960679813e+02
12 241 9.442966e-01 2.258978e+01  9.925517057534290188e+02  9.962644263194645191e+02  9.969089739543069300e+02  9.973242477294753598e+02
13 261 9.398871e-01 2.261026e+01  9.925517057534290188e+02  9.965810750478012778e+02  9.969945685550223970e+02  9.972235583207570926e+02
14 281 9.337382e-01 2.261896e+01  9.925517057534290188e+02  9.955551173190923464e+02  9.969616732574679645e+02  9.974710050083689339e+02
15 301 9.302490e-01 2.262990e+01  9.925517057534290188e+02  9.950800000000000409e+02  9.968059019867682764e+02  9.971299999999999955e+02
16 321 9.256267e-01 2.263931e+01  9.925517057534290188e+02  9.958745523496570513e+02  9.969083005139075340e+02  9.972129153545154168e+02
17 341 9.175862e-01 2.264927e+01  9.925517057534290188e+02  9.955091355063497076e+02  9.966684239182791316e+02  9.972664630317464116e+02
18 361 9.147668e-01 2.265929e+01  9.925517057534290188e+02  9.950332916300044417e+02  9.969699806047290167e+02  9.973857896908244811e+02
19 381 9.107962e-01 2.267756e+01  9.925517057534290188e+02  9.957431619020701419e+02  9.968844890010519748e+02  9.972918528365046313e+02
20 401 9.080568e-01 2.269535e+01  9.925517057534290188e+02  9.957431588598243479e+02  9.966857892269329113e+02  9.972732734216402832e+02
21 421 9.082879e-01 2.271540e+01  9.925517057534290188e+02  9.957323381627091976e+02  9.968624407787733617e+02  9.974375718891230918e+02
22 441 9.044018e-01 2.273368e+01  9.925517057534290188e+02  9.956586238431534639e+02  9.966176644609972755e+02  9.973343491358916708e+02
23 461 9.020286e-01 2.276009e+01  9.925517057534290188e+02  9.962268704198785372e+02  9.968701904923850634e+02  9.972617174711535881e+02
24 481 9.017362e-01 2.277772e+01  9.925517057534290188e+02  9.954831151315257785e+02  9.968402252500827672e+02  9.999952965800461016e+02
25 501 9.028441e-01 2.278687e+01  9.925517057534290188e+02  9.952020092874332704e+02  9.966970888560559843e+02  9.973882015874999070e+02
26 521 9.016166e-01 2.278903e+01  9.925517057534290188e+02  9.959647422493826525e+02  9.968065525309173154e+02  9.972164346938134258e+02
27 541 9.001737e-01 2.279458e+01  9.925517057534290188e+02  9.962989232624247506e+02  9.968046431687785116e+02  9.973104368312483530e+02
28 561 8.975696e-01 2.280039e+01  9.925517057534290188e+02  9.958826056927821355e+02  9.967973844001480757e+02  9.972100000000000364e+02
29 581 8.993893e-01 2.281362e+01  9.925517057534290188e+02  9.948571618824126972e+02  9.967127271334677516e+02  9.974042871975307207e+02
30 601 9.029777e-01 2.281788e+01  9.925517057534290188e+02  9.951968668592262475e+02  9.967299835980879834e+02  9.973090099110851270e+02
31 621 9.029902e-01 2.282921e+01  9.925517057534290188e+02  9.961915498597004444e+02  9.968372033017207059e+02  9.971685693940485180e+02
32 641 9.032764e-01 2.284063e+01  9.925517057534290188e+02  9.962107980094874620e+02  9.968491018330832958e+02  9.974796358467373238e+02
33 661 9.019841e-01 2.284949e+01  9.925517057534290188e+02  9.961086870485894451e+02  9.967160652433559562e+02  9.973429021322400558e+02
34 681 9.084881e-01 2.285398e+01  9.925517057534290188e+02  9.957840048127978889e+02  9.967529028209478383e+02  9.973451253643669361e+02
35 701 9.071346e-01 2.286195e+01  9.925517057534290188e+02  9.953728048803741331e+02  9.969177601192683369e+02  9.973070095213613513e+02
36 721 9.041352e-01 2.288250e+01  9.925517057534290188e+02  9.959470721988734567e+02  9.969217563980855630e+02  9.973083632749390972e+02
37 741 8.993985e-01 2.288873e+01  9.925517057534290188e+02  9.954600000000000364e+02  9.967857290846613978e+02  9.974038871853563251e+02
38 761 8.924737e-01 2.289200e+01  9.925517057534290188e+02  9.961007603487312281e+02  9.967219436653466573e+02  9.972343029275205026e+02
39 781 8.825844e-01 2.289661e+01  9.925517057534290188e+02  9.960835889805955503e+02  9.967754954409966786e+02  9.973500000000000227e+02
40 801 8.726731e-01 2.290385e+01  9.925517057534290188e+02  9.961493006827579393e+02  9.969798059887211821e+02  9.974199999999999591e+02
41 821 8.619440e-01 2.293015e+01  9.925517057534290188e+02  9.960913311146895239e+02  9.967834408290102601e+02  9.972513596912532421e+02
42 841 8.543666e-01 2.294156e+01  9.925517057534290188e+02  9.961932222041496061e+02  9.968030845977397121e+02  9.972792275437735725e+02
43 861 8.450105e-01 2.294543e+01  9.925517057534290188e+02  9.955286936616099638e+02  9.967506684883637718e+02  9.971562918124723183e+02
44 881 8.313975e-01 2.295881e+01  9.925517057534290188e+02  9.957000000000000455e+02  9.968781458693108561e+02  9.973503342340044355e+02
45 901 8.241508e-01 2.296626e+01  9.925517057534290188e+02  9.958624694199770602e+02  9.967096119977710487e+02  9.972200000000000273e+02
46 921 8.153862e-01 2.297671e+01  9.925517057534290188e+02  9.959700000000000273e+02  9.968650000000000091e+02  9.974193613176767030e+02
47 941 8.032119e-01 2.298396e+01  9.925517057534290188e+02  9.956199515043268775e+02  9.966706751560192288e+02  9.972109453829889389e+02
48 961 7.921444e-01 2.302161e+01  9.925517057534290188e+02  9.955796582512373334e+02  9.966268879117988035e+02  9.972243734359958580e+02
49 981 7.802166e-01 2.303366e+01  9.925517057534290188e+02  9.956190087810903151e+02  9.967217309083653163e+02  9.971660024183539690e+02
50 1001 7.705686e-01 2.304732e+01  9.925517057534290188e+02  9.963886883586220620e+02  9.968390744892828934e+02  9.971956382375257135e+02
51 1021 7.660545e-01 2.306105e+01  9.925517057534290188e+02  9.955161096865059562e+02  9.967815870382037247e+02  9.972737576104696018e+02
52 1041 7.651696e-01 2.307782e+01  9.925517057534290188e+02  9.957326755581889302e+02  9.966646091566046834e+02  9.972512589689130209e+02
53 1061 7.634192e-01 2.308675e+01  9.925517057534290188e+02  9.942799999999999727e+02  9.967542370289498876e+02  9.978707896604990992e+02
54 1081 7.625273e-01 2.310835e+01  9.925517057534290188e+02  9.956073890000418487e+02  9.968405968017435725e+02  9.972014326664066175e+02
55 1101 7.611493e-01 2.313041e+01  9.925517057534290188e+02  9.952615636343286951e+02  9.967748715977201073e+02  9.972247419290351900e+02
56 1121 7.636295e-01 2.314010e+01  9.925517057534290188e+02  9.946849985887014327e+02  9.966258240772397130e+02  9.971596124745457246e+02
57 1141 7.616134e-01 2.316675e+01  9.925517057534290188e+02  9.963157238633467614e+02  9.968365143272383193e+02  9.970812675625247721e+02
58 1161 7.603467e-01 2.317302e+01  9.925517057534290188e+02  9.948522283638961881e+02  9.966571370382632722e+02  9.971616298660837856e+02
59 1181 7.550905e-01 2.317897e+01  9.925517057534290188e+02  9.960386338042535499e+02  9.966908622364539951e+02  9.972034245523391291e+02
60 1201 7.550194e-01 2.320086e+01  9.925517057534290188e+02  9.954199999999999591e+02  9.966006966988181830e+02  9.971121527828537410e+02
61 1221 7.516513e-01 2.321365e+01  9.925517057534290188e+02  9.959732557637690888e+02  9.968315881542719126e+02  9.975855300218811408e+02
62 1241 7.490041e-01 2.321750e+01  9.925517057534290188e+02  9.962571142715742099e+02  9.967893600184081606e+02  9.972506753388646530e+02
63 1261 7.467681e-01 2.321991e+01  9.925517057534290188e+02  9.962434640666807582e+02  9.968975066639212628e+02  9.972338989348927498e+02
64 1281 7.454699e-01 2.321934e+01  9.925517057534290188e+02  9.942045875978371896e+02  9.966449999999999818e+02  9.971699999999999591e+02
65 1301 7.450393e-01 2.322864e+01  9.925517057534290188e+02  9.945319601897847406e+02  9.966457467044967871e+02  9.973767496742984804e+02
66 1321 7.461866e-01 2.323558e+01  9.925517057534290188e+02  9.961194719609064805e+02  9.968229303695816270e+02  9.970970619106027470e+02
67 1341 7.461670e-01 2.326580e+01  9.925517057534290188e+02  9.957980466939908410e+02  9.967526492100828364e+02  9.971453904794915388e+02
68 1361 7.462854e-01 2.326970e+01  9.925517057534290188e+02  9.956100000000000136e+02  9.967551806877438594e+02  9.974314244310048707e+02
69 1381 7.485663e-01 2.328003e+01  9.925517057534290188e+02  9.955000000000000000e+02  9.965535316387440616e+02  9.969482242097684548e+02
70 1401 7.529277e-01 2.329133e+01  9.925517057534290188e+02  9.957400000000000091e+02  9.966608854868475191e+02  9.970674995774359104e+02
71 1421 7.562019e-01 2.330077e+01  9.925517057534290188e+02  9.951014026344954573e+02  9.968253433540062360e+02  9.972954269107402752e+02
72 1441 7.566972e-01 2.330180e+01  9.925517057534290188e+02  9.950527164995214662e+02  9.966170369575032737e+02  9.970900000000000318e+02
73 1461 7.581849e-01 2.331715e+01  9.925517057534290188e+02  9.954743318636963068e+02  9.967642416461712855e+02  9.971479841893047933e+02
74 1481 7.569062e-01 2.333279e+01  9.925517057534290188e+02  9.945121619838083689e+02  9.966880553109140237e+02  9.970673191598896210e+02
75 1501 7.612203e-01 2.333459e+01  9.925517057534290188e+02  9.955153896491024170e+02  9.969353371444771028e+02  9.972893845653843528e+02
76 1521 7.660778e-01 2.335367e+01  9.925517057534290188e+02  9.962699999999999818e+02  9.969453023618381167e+02  9.973154772970581234e+02
77 1541 7.711367e-01 2.335815e+01  9.925517057534290188e+02  9.956405110486717831e+02  9.966262626356894998e+02  9.973423705652348872e+02
78 1561 7.749051e-01 2.336489e+01  9.925517057534290188e+02  9.963147485332079896e+02  9.967526054212333975e+02  9.982876259393266309e+02
79 1581 7.772734e-01 2.337441e+01  9.925517057534290188e+02  9.960135701765206022e+02  9.967716195356053959e+02  9.971414699702420421e+02
80 1601 7.829483e-01 2.338095e+01  9.925517057534290188e+02  9.952231919350927001e+02  9.967281528373509900e+02  9.973832042596949350e+02
81 1621 7.866373e-01 2.338261e+01  9.925517057534290188e+02  9.962523120538944568e+02  9.967833838775595723e+02  9.973454866892910786e+02
82 1641 7.844586e-01 2.339231e+01  9.925517057534290188e+02  9.958670821846432091e+02  9.966466192671116460e+02  9.973555451871937976e+02
83 1661 7.816082e-01 2.339925e+01  9.925517057534290188e+02  9.957071621968491399e+02  9.966156433468827345e+02  9.972275556465729096e+02
84 1681 7.814996e-01 2.340723e+01  9.925517057534290188e+02  9.958799999999999955e+02  9.968137921329922619e+02  9.971092015538625901e+02
85 1701 7.803480e-01 2.341155e+01  9.925517057534290188e+02  9.954343612401060000e+02  9.967452910419085583e+02  9.972057924989145477e+02
86 1721 7.783951e-01 2.341689e+01  9.925517057534290188e+02  9.956944474826784699e+02  9.967992252610780497e+02  9.973730099028928180e+02
87 1741 7.777115e-01 2.343108e+01  9.925517057534290188e+02  9.960092041439455670e+02  9.966301785997056868e+02  9.971309429954613961e+02
88 1761 7.787009e-01 2.344063e+01  9.925517057534290188e+02  9.952601358768594082e+02  9.966678282406141989e+02  9.973799999999999955e+02
89 1781 7.823304e-01 2.345718e+01  9.925517057534290188e+02  9.955507174523953609e+02  9.967804869156393579e+02  9.972500000000000000e+02
90 1801 7.850519e-01 2.346658e+01  9.925517057534290188e+02  9.957089154574912300e+02  9.967440395062840253e+02  9.972180816386310198e+02
91 1821 7.866957e-01 2.349603e+01  9.925517057534290188e+02  9.952203884737339195e+02  9.966936719676159555e+02  9.972550996174903730e+02
92 1841 7.886724e-01 2.350534e+01  9.925517057534290188e+02  9.960447941153075817e+02  9.966213314707704285e+02  9.974377209406277416e+02
93 1861 7.919894e-01 2.350796e+01  9.925517057534290188e+02  9.951808485298504365e+02  9.966185966592279328e+02  9.972326345567480530e+02
94 1881 7.943848e-01 2.351464e+01  9.925517057534290188e+02  9.962540780403625149e+02  9.967256629331825479e+02  9.971459992071521583e+02
95 1901 7.982591e-01 2.352585e+01  9.925517057534290188e+02  9.958929137530391245e+02  9.967644287931461804e+02  9.972425569448477063e+02
96 1921 7.974379e-01 2.353481e+01  9.925517057534290188e+02  9.958200000000000500e+02  9.968067375352854924e+02  9.970746374074176401e+02
97 1941 7.952805e-01 2.353685e+01  9.925517057534290188e+02  9.960308704051985842e+02  9.967222504837566248e+02  9.971730344780361293e+02
98 1961 7.915442e-01 2.353992e+01  9.925517057534290188e+02  9.963304899231765148e+02  9.966701969740713594e+02  9.971442287077665014e+02
99 1981 7.843076e-01 2.355045e+01  9.925517057534290188e+02  9.955342779368847914e+02  9.964921889600279883e+02  9.969782036378602470e+02
100 2001 7.776928e-01 2.355914e+01  9.925517057534290188e+02  9.961141506794127736e+02  9.968947324095781823e+02  9.970846332973604831e+02
101 2021 7.735181e-01 2.357109e+01  9.925517057534290188e+02  9.960099999999999909e+02  9.967699999999999818e+02  9.972599999999999909e+02
102 2041 7.697988e-01 2.356982e+01  9.925517057534290188e+02  9.959910712085785462e+02  9.966313475563890734e+02  9.971747155197642769e+02
103 2061 7.638793e-01 2.358298e+01  9.925517057534290188e+02  9.960661396844079718e+02  9.967477569605416647e+02  9.972386172896132166e+02
104 2081 7.562152e-01 2.359682e+01  9.925517057534290188e+02  9.960246098723081332e+02  9.968217666775751695e+02  9.971779331857326270e+02
105 2101 7.527140e-01 2.359277e+01  9.925517057534290188e+02  9.954615468898027757e+02  9.966456326513319937e+02  9.970269687373885290e+02
106 2121 7.482534e-01 2.359731e+01  9.925517057534290188e+02  9.953265743197872553e+02  9.966936508864380357e+02  9.970555633921095477e+02
107 2141 7.446966e-01 2.360064e+01  9.925517057534290188e+02  9.960305061840045937e+02  9.968356281713369071e+02  9.973999999999999773e+02
108 2161 7.395715e-01 2.362300e+01  9.925517057534290188e+02  9.954026298603472469e+02  9.968495616814229834e+02  9.973099999999999454e+02
109 2181 7.382702e-01 2.362289e+01  9.925517057534290188e+02  9.958332270825089836e+02  9.966795133036156358e+02  9.971900000000000546e+02
110 2201 7.371532e-01 2.362009e+01  9.925517057534290188e+02  9.955851863410773603e+02  9.966575902307617980e+02  9.972940358708358417e+02
111 2221 7.379048e-01 2.362817e+01  9.925517057534290188e+02  9.952396662047999598e+02  9.967607662255627474e+02  9.971911183063600674e+02
112 2241 7.361093e-01 2.365050e+01  9.925517057534290188e+02  9.956452903984375098e+02  9.968436367683893877e+02  9.972851472063601932e+02
113 2261 7.336001e-01 2.366686e+01  9.925517057534290188e+02  9.952621631589314575e+02  9.967102909258485397e+02  9.974199999999999591e+02
114 2281 7.311711e-01 2.367263e+01  9.925517057534290188e+02  9.959136342630154104e+02  9.967256520672194711e+02  9.974299999999999500e+02
115 2301 7.279148e-01 2.370164e+01  9.925517057534290188e+02  9.957180949279101014e+02  9.967709628199257850e+02  9.970838222551944909e+02
116 2321 7.240155e-01 2.371585e+01  9.925517057534290188e+02  9.957816704514353887e+02  9.968196332383492972e+02  9.972090909140165422e+02
117 2341 7.174965e-01 2.372241e+01  9.925517057534290188e+02  9.953108929407109144e+02  9.966039731383118578e+02  9.972000000000000455e+02
118 2361 7.123990e-01 2.373903e+01  9.925517057534290188e+02  9.963441396142582107e+02  9.968344637477961214e+02  9.972400000000000091e+02
119 2381 7.082143e-01 2.376069e+01  9.925517057534290188e+02  9.953550027783578571e+02  9.967338688485701823e+02  9.970787237743742253e+02
120 2401 7.045464e-01 2.376392e+01  9.925517057534290188e+02  9.960309024144376053e+02  9.967002113260971328e+02  9.971074003906309144e+02
121 2421 7.039322e-01 2.376716e+01  9.925517057534290188e+02  9.955790956648055499e+02  9.966842409401814393e+02  9.973003844986621971e+02
122 2441 7.023202e-01 2.377869e+01  9.925517057534290188e+02  9.958538445362878520e+02  9.966746594755078377e+02  9.973323110581326318e+02
123 2461 6.974574e-01 2.378416e+01  9.925517057534290188e+02  9.960700000000000500e+02  9.968166028923571957e+02  9.973180767577928236e+02
124 2481 6.913352e-01 2.380217e+01  9.925517057534290188e+02  9.960103202509983475e+02  9.965957040643634173e+02  9.971269485906863110e+02
125 2501 6.868941e-01 2.382362e+01  9.925517057534290188e+02  9.962724135237402834e+02  9.969265357603613893e+02  9.971776713187230143e+02
126 2521 6.859409e-01 2.383456e+01  9.925517057534290188e+02  9.955599999999999454e+02  9.968007758171831938e+02  9.971333252587658080e+02
127 2541 6.847858e-01 2.384379e+01  9.925517057534290188e+02  9.957330290550836480e+02  9.967983952637661105e+02  9.971884804232555553e+02
128 2561 6.823616e-01 2.384934e+01  9.925517057534290188e+02  9.948205848334683878e+02  9.966956872943346752e+02  9.972308941120326153e+02
129 2581 6.820386e-01 2.385682e+01  9.925517057534290188e+02  9.961524055020288415e+02  9.966875995167342808e+02  9.972075332901125648e+02
130 2601 6.791103e-01 2.387009e+01  9.925517057534290188e+02  9.957609345242815380e+02  9.967035045619267066e+02  9.971454605045220205e+02
131 2621 6.762295e-01 2.386957e+01  9.925517057534290188e+02  9.963393139455134815e+02  9.967620613457245327e+02  9.971488300894297936e+02
132 2641 6.688158e-01 2.387572e+01  9.925517057534290188e+02  9.951651395710939596e+02  9.966409235336782331e+02  9.971668528848647384e+02
133 2661 6.633902e-01 2.389145e+01  9.925517057534290188e+02  9.963631634819178089e+02  9.967841337679428761e+02  9.972786748743887983e+02
134 2681 6.581974e-01 2.389502e+01  9.925517057534290188e+02  9.958058391428758114e+02  9.968566886971321992e+02  9.971008442773522802e+02
135 2701 6.553898e-01 2.390856e+01  9.925517057534290188e+02  9.954717239008738261e+02  9.966210982267382406e+02  9.972752047108739362e+02
136 2721 6.544759e-01 2.393753e+01  9.925517057534290188e+02  9.959632925947678359e+02  9.968000588734947769e+02  9.972423599581449025e+02
137 2741 6.543609e-01 2.396006e+01  9.925517057534290188e+02  9.957087713018917157e+02  9.967523617667477538e+02  9.972599999999999909e+02
138 2761 6.540802e-01 2.397202e+01  9.925517057534290188e+02  9.957079530164952530e+02  9.965887438665922673e+02  9.972928207957146469e+02
139 2781 6.543498e-01 2.398160e+01  9.925517057534290188e+02  9.956391611703521676e+02  9.967607911478828555e+02  9.971551102538352325e+02
140 2801 6.540484e-01 2.399599e+01  9.925517057534290188e+02  9.954900000000000091e+02  9.967380580468712878e+02  9.971489718651143903e+02
141 2821 6.521648e-01 2.400984e+01  9.925517057534290188e+02  9.960857086838997247e+02  9.967329637673399247e+02  9.971584962522533715e+02
142 2841 6.495905e-01 2.404529e+01  9.925517057534290188e+02  9.954357681422917494e+02  9.966517170372078454e+02  9.973759476155661332e+02
143 2861 6.469800e-01 2.406793e+01  9.925517057534290188e+02  9.957279745880081236e+02  9.968854170683543998e+02  9.975399999999999636e+02
144 2881 6.421783e-01 2.408604e+01  9.925517057534290188e+02  9.955763308633082715e+02  9.965010512325197851e+02  9.973368387929220944e+02
145 2901 6.370269e-01 2.410511e+01  9.925517057534290188e+02  9.959681266654438332e+02  9.968228948162989127e+02  9.974866719075869241e+02
146 2921 6.312767e-01 2.411487e+01  9.925517057534290188e+02  9.955800000000000409e+02  9.964945818624431695e+02  9.969406412108551194e+02
147 2941 6.270538e-01 2.413785e+01  9.925517057534290188e+02  9.953968779329610470e+02  9.966196504563031340e+02  9.970434448229066220e+02
148 2961 6.269438e-01 2.415294e+01  9.925517057534290188e+02  9.958242268703436366e+02  9.966816181608976422e+02  9.969969584691592672e+02
149 2981 6.256208e-01 2.417161e+01  9.925517057534290188e+02  9.947063712520154013e+02  9.966021993876170200e+02  9.971444720475191161e+02
150 3001 6.262138e-01 2.418682e+01  9.925517057534290188e+02  9.951900000000000546e+02  9.964962579242741185e+02  9.970815330758322261e+02
151 3021 6.230571e-01 2.420236e+01  9.925517057534290188e+02  9.953967712024088996e+02  9.967049273373254437e+02  9.971591762262153225e+02
152 3041 6.210812e-01 2.421475e+01  9.925517057534290188e+02  9.958785430186237591e+02  9.966384902119264098e+02  9.971950345352925069e+02
153 3061 6.210310e-01 2.421536e+01  9.925517057534290188e+02  9.958799999999999955e+02  9.965406687064446487e+02  9.971787067703781986e+02
154 3081 6.191810e-01 2.422215e+01  9.925517057534290188e+02  9.961299999999999955e+02  9.967721568194677957e+02  9.971952059116193823e+02
155 3101 6.156259e-01 2.423554e+01  9.925517057534290188e+02  9.959880553224581945e+02  9.965168287544742043e+02  9.982725307491374451e+02
156 3121 6.136851e-01 2.423534e+01  9.925517057534290188e+02  9.964088490999195074e+02  9.968418545233421355e+02  9.972588924416546661e+02
157 3141 6.142725e-01 2.424840e+01  9.925517057534290188e+02  9.958799999999999955e+02  9.966612736956751633e+02  9.972991741048394942e+02
158 3161 6.150151e-01 2.425458e+01  9.925517057534290188e+02  9.961170244428551541e+02  9.966338348132254623e+02  9.970358400312582035e+02
159 3181 6.162245e-01 2.426068e+01  9.925517057534290188e+02  9.955678305351657400e+02  9.968041422464719972e+02  9.981878653306636124e+02
160 3201 6.164749e-01 2.425980e+01  9.925517057534290188e+02  9.956531699324546025e+02  9.967724861060880812e+02  9.977123151168078721e+02
161 3221 6.198652e-01 2.427972e+01  9.925517057534290188e+02  9.958682416697839699e+02  9.964476634174602623e+02  9.970373897244819545e+02
162 3241 6.199228e-01 2.429012e+01  9.925517057534290188e+02  9.957317470908245696e+02  9.965338422725735654e+02  9.971713267546936095e+02
163 3261 6.163052e-01 2.429938e+01  9.925517057534290188e+02  9.962082403795209302e+02  9.967873204455937639e+02  9.981842006934627989e+02
164 3281 6.117844e-01 2.431196e+01  9.925517057534290188e+02  9.958668678719127456e+02  9.968500000000000227e+02  9.971499999999999773e+02
165 3301 6.088164e-01 2.431114e+01  9.925517057534290188e+02  9.955853740907926976e+02  9.965757398753238476e+02  9.970952151317217158e+02
166 3321 6.059215e-01 2.432728e+01  9.925517057534290188e+02  9.956276310443785178e+02  9.967822993111529968e+02  9.971320802791645974e+02
167 3341 6.030758e-01 2.434352e+01  9.925517057534290188e+02  9.956175991294309142e+02  9.967887300931733989e+02  9.971335543546643976e+02
168 3361 6.040723e-01 2.436786e+01  9.925517057534290188e+02  9.953799999999999955e+02  9.966493653545755933e+02  9.969670770298970410e+02
169 3381 6.041502e-01 2.437955e+01  9.925517057534290188e+02  9.960288767915723156e+02  9.966808160589049521e+02  9.970932615357937721e+02
170 3401 6.051659e-01 2.440392e+01  9.925517057534290188e+02  9.956329400132497085e+02  9.964693043881829908e+02  9.972005391550069362e+02
171 3421 6.053639e-01 2.441656e+01  9.925517057534290188e+02  9.956382581196098727e+02  9.966261500705563776e+02  9.971314889698002162e+02
172 3441 6.037728e-01 2.442181e+01  9.925517057534290188e+02  9.959600000000000364e+02  9.966860072670590398e+02  9.971433951751323548e+02
173 3461 6.035140e-01 2.442171e+01  9.925517057534290188e+02  9.954992978915312278e+02  9.966400111558863273e+02  9.968899999999999864e+02
174 3481 6.027625e-01 2.443577e+01  9.925517057534290188e+02  9.954743874563702093e+02  9.966260527290601203e+02  9.972740040254334417e+02
175 3501 5.998272e-01 2.444845e+01  9.925517057534290188e+02  9.957550022448377831e+02  9.966229152451878690e+02  9.970399999999999636e+02
176 3521 5.962424e-01 2.445986e+01  9.925517057534290188e+02  9.955800000000000409e+02  9.965692989781559845e+02  9.970497890092126454e+02
177 3541 5.897797e-01 2.447998e+01  9.925517057534290188e+02  9.957200000000000273e+02  9.967908155464426727e+02  9.972877389127759216e+02
178 3561 5.848363e-01 2.448640e+01  9.925517057534290188e+02  9.956604767967691032e+02  9.964780497020175289e+02  9.969145661336906414e+02
179 3581 5.794884e-01 2.449403e+01  9.925517057534290188e+02  9.957534305379015223e+02  9.967753714825521456e+02  9.972103666932763417e+02
180 3601 5.760646e-01 2.449905e+01  9.925517057534290188e+02  9.957715404068756015e+02  9.964633256592826456e+02  9.970160231973416103e+02
181 3621 5.719192e-01 2.450412e+01  9.925517057534290188e+02  9.955663829394611639e+02  9.965419058468592084e+02  9.970629296882209474e+02
182 3641 5.696916e-01 2.450874e+01  9.925517057534290188e+02  9.959506407677295101e+02  9.965659765627051456e+02  9.969839018220420712e+02
183 3661 5.694896e-01 2.454059e+01  9.925517057534290188e+02  9.954613110223048125e+02  9.968304420059280346e+02  9.973135769299947242e+02
184 3681 5.669886e-01 2.454953e+01  9.925517057534290188e+02  9.953709963976622248e+02  9.967286636691565036e+02  9.971022355283093930e+02
185 3701 5.645604e-01 2.454855e+01  9.925517057534290188e+02  9.956286828725911846e+02  9.966523506339389087e+02  9.971499999999999773e+02
186 3721 5.630244e-01 2.455481e+01  9.925517057534290188e+02  9.957010498223332888e+02  9.968421229732125539e+02  9.971787050730381452e+02
187 3741 5.647137e-01 2.456400e+01  9.925517057534290188e+02  9.956799999999999500e+02  9.965785879964053038e+02  9.969564592406669590e+02
188 3761 5.676718e-01 2.457138e+01  9.925517057534290188e+02  9.963108323850966599e+02  9.966821365316793617e+02  9.970499999999999545e+02
189 3781 5.716379e-01 2.457020e+01  9.925517057534290188e+02  9.956699999999999591e+02  9.966031277551309131e+02  9.971727531020882225e+02
190 3801 5.738007e-01 2.457813e+01  9.925517057534290188e+02  9.952599999999999909e+02  9.966858927204165184e+02  9.972444093604404998e+02
191 3821 5.757784e-01 2.460426e+01  9.925517057534290188e+02  9.955057312606559208e+02  9.964693561700958071e+02  9.969849026095570252e+02
192 3841 5.746665e-01 2.460804e+01  9.925517057534290188e+02  9.953189914484719338e+02  9.968044595277422104e+02  9.970752602960128570e+02
193 3861 5.746177e-01 2.461401e+01  9.925517057534290188e+02  9.953830998960943361e+02  9.966626955790629836e+02  9.969969786449097455e+02
194 3881 5.733354e-01 2.462128e+01  9.925517057534290188e+02  9.958541232753821077e+02  9.965803158024391450e+02  9.972960828110550437e+02
195 3901 5.725414e-01 2.463062e+01  9.925517057534290188e+02  9.961972659537078698e+02  9.967121028890551315e+02  9.973728940382253541e+02
196 3921 5.675434e-01 2.464253e+01  9.925517057534290188e+02  9.952990406113484596e+02  9.967274960804669490e+02  9.973439768041253046e+02
197 3941 5.671830e-01 2.465046e+01  9.925517057534290188e+02  9.955314575097446550e+02  9.966305536391873829e+02  9.971270663294708356e+02
198 3961 5.628861e-01 2.467471e+01  9.925517057534290188e+02  9.956335109503403373e+02  9.965449271075196975e+02  9.970550588536428904e+02
199 3981 5.584534e-01 2.467718e+01  9.925517057534290188e+02  9.955759299037659957e+02  9.966609353050296249e+02  9.969831606527191070e+02
200 4001 5.580316e-01 2.467611e+01  9.925517057534290188e+02  9.955871042480873712e+02  9.965718517185464407e+02  9.970831341363789306e+02
201 4021 5.592928e-01 2.467926e+01  9.925517057534290188e+02  9.961669219308108723e+02  9.966391922976813476e+02  9.973537335143038263e+02
202 4041 5.596963e-01 2.468637e+01  9.925517057534290188e+02  9.962228334244795178e+02  9.966077202450665027e+02  9.971599999999999682e+02
203 4061 5.567841e-01 2.469259e+01  9.925517057534290188e+02  9.953505774244642907e+02  9.966437437562008199e+02  9.971030735380991246e+02
204 4081 5.557056e-01 2.469142e+01  9.925517057534290188e+02  9.957042562792842091e+02  9.967334060358413126e+02  9.971879865745239613e+02
205 4101 5.606529e-01 2.471328e+01  9.925517057534290188e+02  9.957599999999999909e+02  9.964126158164590379e+02  9.969792818132071943e+02
206 4121 5.652847e-01 2.471772e+01  9.925517057534290188e+02  9.953567207997550668e+02  9.966071989441136338e+02  9.970387497728131621e+02
207 4141 5.718494e-01 2.472445e+01  9.925517057534290188e+02  9.952020692975348766e+02  9.967076751108465942e+02  9.970978033535299119e+02
208 4161 5.795445e-01 2.473390e+01  9.925517057534290188e+02  9.957456525993221703e+02  9.964900885555737204e+02  9.971662291373289690e+02
209 4181 5.847152e-01 2.474240e+01  9.925517057534290188e+02  9.952721753865789651e+02  9.966783518788404308e+02  9.971522651826282981e+02
210 4201 5.903436e-01 2.473863e+01  9.925517057534290188e+02  9.955450400745387469e+02  9.966951462245074254e+02  9.971132465156066473e+02
211 4221 5.953341e-01 2.474964e+01  9.925517057534290188e+02  9.954911637632347947e+02  9.965847936825484794e+02  9.970299999999999727e+02
212 4241 5.982576e-01 2.475673e+01  9.925517057534290188e+02  9.956299999999999955e+02  9.967039257538219772e+02  9.970546069173100250e+02
213 4261 6.006903e-01 2.475784e+01  9.925517057534290188e+02  9.956864216124763516e+02  9.966834836470079608e+02  9.971417335398668911e+02
214 4281 6.010235e-01 2.477067e+01  9.925517057534290188e+02  9.961185006814509961e+02  9.965988677622767682e+02  9.969504978554614354e+02
215 4301 6.016108e-01 2.477710e+01  9.925517057534290188e+02  9.957232447834218192e+02  9.963899999999999864e+02  9.969080859752798460e+02
216 4321 5.996919e-01 2.478648e+01  9.925517057534290188e+02  9.953253166664819673e+02  9.965488092410976151e+02  9.970640084658294882e+02
217 4341 5.971219e-01 2.479294e+01  9.925517057534290188e+02  9.960428062179130393e+02  9.965525838308496986e+02  9.970580408356889848e+02
218 4361 5.973032e-01 2.480062e+01  9.925517057534290188e+02  9.958007213107067628e+02  9.968236450752978044e+02  9.972747817672907331e+02
219 4381 5.978256e-01 2.480583e+01  9.925517057534290188e+02  9.961117696135230517e+02  9.965197526489841948e+02  9.972148860209724717e+02
220 4401 5.997226e-01 2.480931e+01  9.925517057534290188e+02  9.955244938567306008e+02  9.967611618415538715e+02  9.972702927479267601e+02
221 4421 6.021995e-01 2.482999e+01  9.925517057534290188e+02  9.959299999999999500e+02  9.965450058226499550e+02  9.972899999999999636e+02
222 4441 6.019640e-01 2.485751e+01  9.925517057534290188e+02  9.957699999999999818e+02  9.966582691477690332e+02  9.971147708584641123e+02
223 4461 5.999115e-01 2.486890e+01  9.925517057534290188e+02  9.959811980072721553e+02  9.967231779312310209e+02  9.970628078828800653e+02
224 4481 5.964922e-01 2.487075e+01  9.925517057534290188e+02  9.961686990500909360e+02  9.967606217965205815e+02  9.971525398934084023e+02
225 4501 5.949708e-01 2.487244e+01  9.925517057534290188e+02  9.955971285146138143e+02  9.966399087832197665e+02  9.971603221352331730e+02
226 4521 5.954269e-01 2.487081e+01  9.925517057534290188e+02  9.953007476872743382e+02  9.967236277050197941e+02  9.971148547756365588e+02
227 4541 5.968400e-01 2.488247e+01  9.925517057534290188e+02  9.957564950778694310e+02  9.968051917207516226e+02  9.972446635071145238e+02
228 4561 5.997335e-01 2.488527e+01  9.925517057534290188e+02  9.959704631505811676e+02  9.967610341054732999e+02  9.971981271730903700e+02
229 4581 6.044095e-01 2.489198e+01  9.925517057534290188e+02  9.955743389979623998e+02  9.967029153523765217e+02  9.970420044644301925e+02
230 4601 6.077901e-01 2.492047e+01  9.925517057534290188e+02  9.957137945337713063e+02  9.966963091901725420e+02  9.972292163190054453e+02
231 4621 6.112811e-01 2.493143e+01  9.925517057534290188e+02  9.952264198697178017e+02  9.966968808436379277e+02  9.972745950979075360e+02
232 4641 6.134668e-01 2.494300e+01  9.925517057534290188e+02  9.960561293118577169e+02  9.968022368379797626e+02  9.972504235383477180e+02
233 4661 6.124879e-01 2.497608e+01  9.925517057534290188e+02  9.953307020094714517e+02  9.963601866043175050e+02  9.971106820458019229e+02
234 4681 6.078110e-01 2.499318e+01  9.925517057534290188e+02  9.957608329877931510e+02  9.967995236235091170e+02  9.972140245570387833e+02
235 4701 6.030601e-01 2.500791e+01  9.925517057534290188e+02  9.958460786055698009e+02  9.966784466257624899e+02  9.971494862547722278e+02
236 4721 6.022312e-01 2.502036e+01  9.925517057534290188e+02  9.957380705825340783e+02  9.966119686364579593e+02  9.971810513903944866e+02
237 4741 6.019996e-01 2.502440e+01  9.925517057534290188e+02  9.946858259603341139e+02  9.966604029873689115e+02  9.971699999999999591e+02
238 4761 6.058580e-01 2.505049e+01  9.925517057534290188e+02  9.957693800938484401e+02  9.965259289403900311e+02  9.973305569218633764e+02
239 4781 6.105472e-01 2.505594e+01  9.925517057534290188e+02  9.954390535505826847e+02  9.966513913091735049e+02  9.970984794543395537e+02
240 4801 6.132227e-01 2.506305e+01  9.925517057534290188e+02  9.959539972228991473e+02  9.966856947274741287e+02  9.973208134379401599e+02
241 4821 6.154486e-01 2.507358e+01  9.925517057534290188e+02  9.959371789587282819e+02  9.967368691458405010e+02  9.971325252757957287e+02
242 4841 6.194175e-01 2.510184e+01  9.925517057534290188e+02  9.957899999999999636e+02  9.966610887160655921e+02  9.971253509444725296e+02
243 4861 6.224457e-01 2.511376e+01  9.925517057534290188e+02  9.959321487740171506e+02  9.966543520746068907e+02  9.970977369497362588e+02
244 4881 6.239167e-01 2.512485e+01  9.925517057534290188e+02  9.951035319577831615e+02  9.968302004345910063e+02  9.970845731930725151e+02
245 4901 6.245353e-01 2.513314e+01  9.925517057534290188e+02  9.951086955180802534e+02  9.966121112685955268e+02  9.971503947653710611e+02
246 4921 6.257902e-01 2.513724e+01  9.925517057534290188e+02  9.958120873506874204e+02  9.967984205660180805e+02  9.971942779428385393e+02
247 4941 6.254563e-01 2.514645e+01  9.925517057534290188e+02  9.960399999999999636e+02  9.969386937223638370e+02  9.972317711505394300e+02
248 4961 6.255576e-01 2.514662e+01  9.925517057534290188e+02  9.957237393540675612e+02  9.966636216449667245e+02  9.970608606548577200e+02
249 4981 6.249148e-01 2.515397e+01  9.925517057534290188e+02  9.947721539910546653e+02  9.965030319208486844e+02  9.971416673851254018e+02
250 5001 6.217834e-01 2.516319e+01  9.925517057534290188e+02  9.957969225751122622e+02  9.966623401041406396e+02  9.972977700567387274e+02
251 5021 6.176617e-01 2.516397e+01  9.925517057534290188e+02  9.961100000000000136e+02  9.968030894233619392e+02  9.972153855326747589e+02
252 5041 6.174442e-01 2.518064e+01  9.925517057534290188e+02  9.954263000395154677e+02  9.968920113918339894e+02  9.974501704915137452e+02
253 5061 6.191364e-01 2.519260e+01  9.925517057534290188e+02  9.959643925997822862e+02  9.967595490337209867e+02  9.972003165150499626e+02
254 5081 6.197361e-01 2.520680e+01  9.925517057534290188e+02  9.955900000000000318e+02  9.967506106979770948e+02  9.971599999999999682e+02
255 5101 6.216893e-01 2.520533e+01  9.925517057534290188e+02  9.957268217471406615e+02  9.966173980798021148e+02  9.972200000000000273e+02
256 5121 6.238319e-01 2.521970e+01  9.925517057534290188e+02  9.959520075244349755e+02  9.966186603349467532e+02  9.975819796728744677e+02
257 5141 6.249434e-01 2.522283e+01  9.925517057534290188e+02  9.959270819853293233e+02  9.968251012399490492e+02  9.971373891448931772e+02
258 5161 6.254713e-01 2.524241e+01  9.925517057534290188e+02  9.957599999999999909e+02  9.965866663790245639e+02  9.971100000000000136e+02
259 5181 6.260375e-01 2.525368e+01  9.925517057534290188e+02  9.952319359607570277e+02  9.968332451164355916e+02  9.972060215537384238e+02
260 5201 6.244509e-01 2.526646e+01  9.925517057534290188e+02  9.958413875532468182e+02  9.966841054707465446e+02  9.972300000000000182e+02
261 5221 6.212381e-01 2.529462e+01  9.925517057534290188e+02  9.959082001265444433e+02  9.968191034386206866e+02  9.972119601175796788e+02
262 5241 6.182853e-01 2.530350e+01  9.925517057534290188e+02  9.962551089459865352e+02  9.966480130417296550e+02  9.973124551134934563e+02
263 5261 6.143186e-01 2.532085e+01  9.925517057534290188e+02  9.960279640307437603e+02  9.965769972751597834e+02  9.972318002589514663e+02
264 5281 6.118957e-01 2.534575e+01  9.925517057534290188e+02  9.957736137368855225e+02  9.967275288589280535e+02  9.971557081443809238e+02
265 5301 6.098278e-01 2.535729e+01  9.925517057534290188e+02  9.956699999999999591e+02  9.966927347342076473e+02  9.970399999999999636e+02
266 5321 6.102066e-01 2.536907e+01  9.925517057534290188e+02  9.962801954945286980e+02  9.967328851788169004e+02  9.969900000000000091e+02
267 5341 6.117246e-01 2.538543e+01  9.925517057534290188e+02  9.953200000000000500e+02  9.966848775174684079e+02  9.972350148616667411e+02
268 5361 6.152189e-01 2.540744e+01  9.925517057534290188e+02  9.958706524644359206e+02  9.968781840033732351e+02  9.972742037910439876e+02
269 5381 6.163626e-01 2.542491e+01  9.925517057534290188e+02  9.947533937340602961e+02  9.966532221341612967e+02  9.973493570312498377e+02
270 5401 6.152083e-01 2.544758e+01  9.925517057534290188e+02  9.958454458746882665e+02  9.968479968970602840e+02  9.972773201453429692e+02
271 5421 6.139018e-01 2.548869e+01  9.925517057534290188e+02  9.960028303863952033e+02  9.968442127715145489e+02  9.970547603464395934e+02
272 5441 6.136688e-01 2.551766e+01  9.925517057534290188e+02  9.957477873716703698e+02  9.966687541101368879e+02  9.970592304533904553e+02
273 5461 6.125268e-01 2.553875e+01  9.925517057534290188e+02  9.956645499701894551e+02  9.967916841821149774e+02  9.971108784059726986e+02
274 5481 6.106764e-01 2.554517e+01  9.925517057534290188e+02  9.958085424916077955e+02  9.966760519658311068e+02  9.972304266108250204e+02
275 5501 6.076179e-01 2.557200e+01  9.925517057534290188e+02  9.954352232403994094e+02  9.967351243877363913e+02  9.970932665757286486e+02
276 5521 6.059136e-01 2.558344e+01  9.925517057534290188e+02  9.948089425973016660e+02  9.965974924828692565e+02  9.972879958015793136e+02
277 5541 6.066034e-01 2.560008e+01  9.925517057534290188e+02  9.961699999999999591e+02  9.967750731807848297e+02  9.973060125949884878e+02
278 5561 6.061807e-01 2.562915e+01  9.925517057534290188e+02  9.956759852281325038e+02  9.966038159801992151e+02  9.972589490064647180e+02
279 5581 6.087000e-01 2.564040e+01  9.925517057534290188e+02  9.955119582119980350e+02  9.964115172411711683e+02  9.975751142723497651e+02
280 5601 6.134361e-01 2.565251e+01  9.925517057534290188e+02  9.956799999999999500e+02  9.966892665290426976e+02  9.972701237329613377e+02
281 5621 6.194854e-01 2.566482e+01  9.925517057534290188e+02  9.960682176511622856e+02  9.967038303503979932e+02  9.973857262130979962e+02
282 5641 6.260458e-01 2.568376e+01  9.925517057534290188e+02  9.961411766456797068e+02  9.968064761565337903e+02  9.970704839493602094e+02
283 5661 6.336010e-01 2.569114e+01  9.925517057534290188e+02  9.952926012090670156e+02  9.965607073591002063e+02  9.973465669326420766e+02
284 5681 6.410661e-01 2.571139e+01  9.925517057534290188e+02  9.962488187101450876e+02  9.968415591673398239e+02  9.970800000000000409e+02
285 5701 6.487523e-01 2.571985e+01  9.925517057534290188e+02  9.962579068098825701e+02  9.967954457460388085e+02  9.971007878967474198e+02
286 5721 6.585940e-01 2.572712e+01  9.925517057534290188e+02  9.957887880756791219e+02  9.967105138517089244e+02  9.971772835308188405e+02
287 5741 6.677184e-01 2.573378e+01  9.925517057534290188e+02  9.954662845607593908e+02  9.965766285453914861e+02  9.971699999999999591e+02
288 5761 6.761416e-01 2.574363e+01  9.925517057534290188e+02  9.953755444257060390e+02  9.967972899908338604e+02  9.971511345384407150e+02
289 5781 6.835307e-01 2.575434e+01  9.925517057534290188e+02  9.955177621068781946e+02  9.967699999999999818e+02  9.971231958325473670e+02
290 5801 6.908165e-01 2.576522e+01  9.925517057534290188e+02  9.954021787421970657e+02  9.965195431064043987e+02  9.970926129266604221e+02
291 5821 6.953571e-01 2.577101e+01  9.925517057534290188e+02  9.959870935478662659e+02  9.968084475043704060e+02  9.972375496820122862e+02
292 5841 7.003045e-01 2.578959e+01  9.925517057534290188e+02  9.961094883482365958e+02  9.966569516183485575e+02  9.972485054842238696e+02
293 5861 7.065299e-01 2.581625e+01  9.925517057534290188e+02  9.952541133456726357e+02  9.967586776208090669e+02  9.972629461885908313e+02
294 5881 7.126756e-01 2.582950e+01  9.925517057534290188e+02  9.954870232314352734e+02  9.967505768470831526e+02  9.971662706933192339e+02
295 5901 7.157096e-01 2.583682e+01  9.925517057534290188e+02  9.956952284938388402e+02  9.966427188984561099e+02  9.972181590324180434e+02
296 5921 7.180487e-01 2.584511e+01  9.925517057534290188e+02  9.960379436048639263e+02  9.966660138320235092e+02  9.971742078031835490e+02
297 5941 7.203229e-01 2.585339e+01  9.925517057534290188e+02  9.948036112985671480e+02  9.966281771999204011e+02  9.970900000000000318e+02
298 5961 7.238772e-01 2.586147e+01  9.925517057534290188e+02  9.953215283429813098e+02  9.968158428456504225e+02  9.971422860359408560e+02
299 5981 7.299213e-01 2.587695e+01  9.925517057534290188e+02  9.963099999999999454e+02  9.966745023930030811e+02  9.972026073114192286e+02
300 6001 7.374684e-01 2.589058e+01  9.925517057534290188e+02  9.956559663235741482e+02  9.966718457903737090e+02  9.972937204066028016e+02
301 6021 7.448999e-01 2.593296e+01  9.925517057534290188e+02  9.955192179603551494e+02  9.965593069959891181e+02  9.972242298373965923e+02
302 6041 7.515813e-01 2.595096e+01  9.925517057534290188e+02  9.956873182457550229e+02  9.967312164315233076e+02  9.971158715599643756e+02
303 6061 7.564823e-01 2.596751e+01  9.925517057534290188e+02  9.961019212407318264e+02  9.968239653342476458e+02  9.973200000000000500e+02
304 6081 7.600995e-01 2.598314e+01  9.925517057534290188e+02  9.962828542714117930e+02  9.967375888190028945e+02  9.970911644215771048e+02
305 6101 7.685675e-01 2.602129e+01  9.925517057534290188e+02  9.962100605435794023e+02  9.967723048002627593e+02  9.972749021650095074e+02
306 6121 7.756317e-01 2.602001e+01  9.925517057534290188e+02  9.963219536631351048e+02  9.967803266675205123e+02  9.972265886243294517e+02
307 6141 7.761766e-01 2.603118e+01  9.925517057534290188e+02  9.959381379813171407e+02  9.968435723675545432e+02  9.971768697168236031e+02
308 6161 7.760851e-01 2.604772e+01  9.925517057534290188e+02  9.950057970566812173e+02  9.966307616348394731e+02  9.970599999999999454e+02
309 6181 7.735620e-01 2.605184e+01  9.925517057534290188e+02  9.956399999999999864e+02  9.967792334340891784e+02  9.973331165735492050e+02
310 6201 7.707182e-01 2.606413e+01  9.925517057534290188e+02  9.954967014343764049e+02  9.966315103816159535e+02  9.972306990689214672e+02
311 6221 7.689697e-01 2.608117e+01  9.925517057534290188e+02  9.959016768127895602e+02  9.966288917576530366e+02  9.972166916332025721e+02
312 6241 7.671421e-01 2.609812e+01  9.925517057534290188e+02  9.951389834053320556e+02  9.966615564938945226e+02  9.972286958507719419e+02
313 6261 7.643011e-01 2.610288e+01  9.925517057534290188e+02  9.961037422595027238e+02  9.966482903996636651e+02  9.973231078483821648e+02
314 6281 7.590051e-01 2.610163e+01  9.925517057534290188e+02  9.961986062210844466e+02  9.968857166309512650e+02  9.971856699338667340e+02
315 6301 7.524748e-01 2.611217e+01  9.925517057534290188e+02  9.954510354011501931e+02  9.966359468515997833e+02  9.974008830863872390e+02
316 6321 7.482289e-01 2.611391e+01  9.925517057534290188e+02  9.959299999999999500e+02  9.966001747974235059e+02  9.970723215558758739e+02
317 6341 7.399017e-01 2.612930e+01  9.925517057534290188e+02  9.956250864463045218e+02  9.965621859117538861e+02  9.971271998908194973e+02
318 6361 7.375168e-01 2.613940e+01  9.925517057534290188e+02  9.962000000000000455e+02  9.967602400231897946e+02  9.970900000000000318e+02
319 6381 7.330095e-01 2.614616e+01  9.925517057534290188e+02  9.957955515524653265e+02  9.968380689180519312e+02  9.972526643708195024e+02
320 6401 7.332053e-01 2.615292e+01  9.925517057534290188e+02  9.957433143019139834e+02  9.967168757321596786e+02  9.971555631486751281e+02
321 6421 7.334016e-01 2.615687e+01  9.925517057534290188e+02  9.960900000000000318e+02  9.968300876751727628e+02  9.973121708793748894e+02
322 6441 7.349469e-01 2.616779e+01  9.925517057534290188e+02  9.960272092881962180e+02  9.968107253488890365e+02  9.972708900103956466e+02
323 6461 7.331018e-01 2.619421e+01  9.925517057534290188e+02  9.952574059904012529e+02  9.968313662637940524e+02  9.973482276297601175e+02
324 6481 7.313412e-01 2.619535e+01  9.925517057534290188e+02  9.961799999999999500e+02  9.967982065002599938e+02  9.972238912092520877e+02
325 6501 7.313487e-01 2.620601e+01  9.925517057534290188e+02  9.953526674310289764e+02  9.968314882993640822e+02  9.971161707638619873e+02
326 6521 7.317419e-01 2.621342e+01  9.925517057534290188e+02  9.955396720714566072e+02  9.968399238856585498e+02  9.970321417200588030e+02
327 6541 7.314007e-01 2.621543e+01  9.925517057534290188e+02  9.954358771345663399e+02  9.966091697906605305e+02  9.972023032626798340e+02
328 6561 7.286650e-01 2.624062e+01  9.925517057534290188e+02  9.952168141962530399e+02  9.964904867096404359e+02  9.970963777736623115e+02
329 6581 7.280418e-01 2.626829e+01  9.925517057534290188e+02  9.958770243815600907e+02  9.968052059216787484e+02  9.972842271002833741e+02
330 6601 7.289642e-01 2.627740e+01  9.925517057534290188e+02  9.956314201337119130e+02  9.967156811187860512e+02  9.972065738595556468e+02
331 6621 7.280916e-01 2.629509e+01  9.925517057534290188e+02  9.956048204666358288e+02  9.966573142319608678e+02  9.970291165559707451e+02
332 6641 7.284656e-01 2.630087e+01  9.925517057534290188e+02  9.950806345881017023e+02  9.967182926100480245e+02  9.973688101186600079e+02
333 6661 7.328881e-01 2.631047e+01  9.925517057534290188e+02  9.958860760246872132e+02  9.966994406329916956e+02  9.973470498535903062e+02
334 6681 7.403052e-01 2.631849e+01  9.925517057534290188e+02  9.955894375433032337e+02  9.965689661384993769e+02  9.973551939387981520e+02
335 6701 7.485042e-01 2.632654e+01  9.925517057534290188e+02  9.960482840021829816e+02  9.968627191455886987e+02  9.971550965589656244e+02
336 6721 7.611410e-01 2.633166e+01  9.925517057534290188e+02  9.960673096299790359e+02  9.967754725223024934e+02  9.971360597663234557e+02
337 6741 7.726716e-01 2.633658e+01  9.925517057534290188e+02  9.956488682148568614e+02  9.967096079286807253e+02  9.971263135565017137e+02
338 6761 7.798407e-01 2.634291e+01  9.925517057534290188e+02  9.956570995374194126e+02  9.966579842599117001e+02  9.971872968403796449e+02
339 6781 7.850121e-01 2.637536e+01  9.925517057534290188e+02  9.961599999999999682e+02  9.968124420673819941e+02  9.971626058771893213e+02
340 6801 7.882824e-01 2.637889e+01  9.925517057534290188e+02  9.956000000000000227e+02  9.967700597204761834e+02  9.972124968709362065e+02
341 6821 7.907292e-01 2.638601e+01  9.925517057534290188e+02  9.949800000000000182e+02  9.966207126760579058e+02  9.970499999999999545e+02
342 6841 7.910340e-01 2.639741e+01  9.925517057534290188e+02  9.957806012850745674e+02  9.967193238153812445e+02  9.972200000000000273e+02
343 6861 7.924950e-01 2.640816e+01  9.925517057534290188e+02  9.960411412640772824e+02  9.967157517239090794e+02  9.972673233414896004e+02
344 6881 7.932922e-01 2.641515e+01  9.925517057534290188e+02  9.958824629412993090e+02  9.966282654188883043e+02  9.970270124502993667e+02
345 6901 7.919781e-01 2.641828e+01  9.925517057534290188e+02  9.958179213733678807e+02  9.967237329933570891e+02  9.972211880844873804e+02
346 6921 7.891921e-01 2.643063e+01  9.925517057534290188e+02  9.960861956491173714e+02  9.966870804395930463e+02  9.972106528888853063e+02
347 6941 7.909197e-01 2.643864e+01  9.925517057534290188e+02  9.950909283409010868e+02  9.966373132787798568e+02  9.972581931334518686e+02
348 6961 7.965170e-01 2.644406e+01  9.925517057534290188e+02  9.956842607338620610e+02  9.966907511711510779e+02  9.971422189088492587e+02
349 6981 8.032340e-01 2.645404e+01  9.925517057534290188e+02  9.958616801033069805e+02  9.966752602736241897e+02  9.972369475474689580e+02
350 7001 8.080517e-01 2.646396e+01  9.925517057534290188e+02  9.951016404520561309e+02  9.968068137879264441e+02  9.972567941933532438e+02
351 7021 8.118412e-01 2.647947e+01  9.925517057534290188e+02  9.955049019385510292e+02  9.965990682191257974e+02  9.972339801607683967e+02
352 7041 8.159921e-01 2.650540e+01  9.925517057534290188e+02  9.961329146129259016e+02  9.967980510623567625e+02  9.973781280630935271e+02
353 7061 8.193273e-01 2.651405e+01  9.925517057534290188e+02  9.959309404890740325e+02  9.968215933112123821e+02  9.971041087628188961e+02
354 7081 8.195572e-01 2.652784e+01  9.925517057534290188e+02  9.964099999999999682e+02  9.968361987312111978e+02  9.972907476173882060e+02
355 7101 8.191992e-01 2.653625e+01  9.925517057534290188e+02  9.964785517863415407e+02  9.968878627176500231e+02  9.973805550327211904e+02
356 7121 8.171055e-01 2.654691e+01  9.925517057534290188e+02  9.958606403862148682e+02  9.967544619410850828e+02  9.971116077252171408e+02
357 7141 8.152466e-01 2.655805e+01  9.925517057534290188e+02  9.958864269458709941e+02  9.968145190113596072e+02  9.972643293785970400e+02
358 7161 8.132825e-01 2.656304e+01  9.925517057534290188e+02  9.961064038209547107e+02  9.966928606270460023e+02  9.972866318872114562e+02
359 7181 8.141955e-01 2.656328e+01  9.925517057534290188e+02  9.956736266050558015e+02  9.967545087592015989e+02  9.974740122273640281e+02
360 7201 8.166292e-01 2.657888e+01  9.925517057534290188e+02  9.962672592852104572e+02  9.969542514165336797e+02  9.973924384608387754e+02
361 7221 8.170862e-01 2.660449e+01  9.925517057534290188e+02  9.961622749103651131e+02  9.967436101740066761e+02  9.971954541602839299e+02
362 7241 8.151668e-01 2.661963e+01  9.925517057534290188e+02  9.961162670199126978e+02  9.967796122486472541e+02  9.973575107187339199e+02
363 7261 8.142809e-01 2.663233e+01  9.925517057534290188e+02  9.957201754679147143e+02  9.966729749453905924e+02  9.972626367227923083e+02
364 7281 8.180798e-01 2.663893e+01  9.925517057534290188e+02  9.955907067827419041e+02  9.969499706209819578e+02  9.974812460608711717e+02
365 7301 8.217465e-01 2.666651e+01  9.925517057534290188e+02  9.955905642537431959e+02  9.967335396559826677e+02  9.972238948112462822e+02
366 7321 8.226696e-01 2.668107e+01  9.925517057534290188e+02  9.958029785306727035e+02  9.967025260515158607e+02  9.973400000000000318e+02
367 7341 8.223025e-01 2.668206e+01  9.925517057534290188e+02  9.959185449862804944e+02  9.968107143449269643e+02  9.973747628943759764e+02
368 7361 8.205114e-01 2.668943e+01  9.925517057534290188e+02  9.957768416714679915e+02  9.967660014757666431e+02  9.972020936408633816e+02
369 7381 8.187668e-01 2.669525e+01  9.925517057534290188e+02  9.958832846965690351e+02  9.967957379825099906e+02  9.972235720963598169e+02
370 7401 8.204199e-01 2.670176e+01  9.925517057534290188e+02  9.957248793802785940e+02  9.967426594514568023e+02  9.973566107736251070e+02
371 7421 8.203999e-01 2.670647e+01  9.925517057534290188e+02  9.959051768864181895e+02  9.968404590897687285e+02  9.972837309675494453e+02
372 7441 8.175548e-01 2.671261e+01  9.925517057534290188e+02  9.955199999999999818e+02  9.966050000000000182e+02  9.972254250151859196e+02
373 7461 8.110279e-01 2.672247e+01  9.925517057534290188e+02  9.961281763542393719e+02  9.968750373403007643e+02  9.973099999999999454e+02
374 7481 8.041096e-01 2.672844e+01  9.925517057534290188e+02  9.959353226345624535e+02  9.968425916230089570e+02  9.971533716562364589e+02
375 7501 7.962170e-01 2.675673e+01  9.925517057534290188e+02  9.961674910230981368e+02  9.969106139251717877e+02  9.972154150771165178e+02
376 7521 7.880169e-01 2.677838e+01  9.925517057534290188e+02  9.957874299820298347e+02  9.967793838335926466e+02  9.973257191408284825e+02
377 7541 7.804726e-01 2.679742e+01  9.925517057534290188e+02  9.957599999999999909e+02  9.967534641181948700e+02  9.971643783769781066e+02
378 7561 7.753981e-01 2.680246e+01  9.925517057534290188e+02  9.958114788851468120e+02  9.968701493339774515e+02  9.972436596918487339e+02
379 7581 7.711051e-01 2.680768e+01  9.925517057534290188e+02  9.953945454435142892e+02  9.966727135347398416e+02  9.970783855108292073e+02
380 7601 7.671960e-01 2.681674e+01  9.925517057534290188e+02  9.958304964188816939e+02  9.967244463943713981e+02  9.973999999999999773e+02
381 7621 7.636293e-01 2.681989e+01  9.925517057534290188e+02  9.960018525949709556e+02  9.966789633860594222e+02  9.971927952514901108e+02
382 7641 7.597581e-01 2.681939e+01  9.925517057534290188e+02  9.957780415194015404e+02  9.966621795780758930e+02  9.970516459923708226e+02
383 7661 7.576074e-01 2.683402e+01  9.925517057534290188e+02  9.954463383605215085e+02  9.966375059608835727e+02  9.971863117080322354e+02
384 7681 7.545463e-01 2.686037e+01  9.925517057534290188e+02  9.954806405243786003e+02  9.967050240506080172e+02  9.971943580097856739e+02
385 7701 7.508309e-01 2.686562e+01  9.925517057534290188e+02  9.955382373313957487e+02  9.968090295730910384e+02  9.972286293363894174e+02
386 7721 7.445412e-01 2.687930e+01  9.925517057534290188e+02  9.957713233156520118e+02  9.967891808412290402e+02  9.972351155810134742e+02
387 7741 7.382625e-01 2.689148e+01  9.925517057534290188e+02  9.955745781758188286e+02  9.964015002083017407e+02  9.973539562990031300e+02
388 7761 7.311416e-01 2.689945e+01  9.925517057534290188e+02  9.955720814061525061e+02  9.967074904895531517e+02  9.970856048967003744e+02
389 7781 7.280522e-01 2.691496e+01  9.925517057534290188e+02  9.958206488943218346e+02  9.968435596787010127e+02  9.973050964577222430e+02
390 7801 7.244656e-01 2.694662e+01  9.925517057534290188e+02  9.962269357240468253e+02  9.967491452363778990e+02  9.973919212844997446e+02
391 7821 7.223745e-01 2.695469e+01  9.925517057534290188e+02  9.954214003119576546e+02  9.967489011677940880e+02  9.972377018692660613e+02
392 7841 7.199883e-01 2.696198e+01  9.925517057534290188e+02  9.959754921103327661e+02  9.968070525364541936e+02  9.972603122547129715e+02
393 7861 7.153345e-01 2.697132e+01  9.925517057534290188e+02  9.960598665298775813e+02  9.968417371392531550e+02  9.975080747696433718e+02
394 7881 7.091513e-01 2.698294e+01  9.925517057534290188e+02  9.954963473419816182e+02  9.966620625487176994e+02  9.972747255015865449e+02
395 7901 7.084156e-01 2.698476e+01  9.925517057534290188e+02  9.961253384829894912e+02  9.967979639189671843e+02  9.972372415284952467e+02
396 7921 7.046057e-01 2.699885e+01  9.925517057534290188e+02  9.955616456742827722e+02  9.966000000000000227e+02  9.969111320154710256e+02
397 7941 6.975812e-01 2.701129e+01  9.925517057534290188e+02  9.963964301971669784e+02  9.968779157652519416e+02  9.972139582742281618e+02
398 7961 6.914937e-01 2.701792e+01  9.925517057534290188e+02  9.954800000000000182e+02  9.968756266465001090e+02  9.972646531413989806e+02
399 7981 6.842345e-01 2.703844e+01  9.925517057534290188e+02  9.961499999999999773e+02  9.965850000000000364e+02  9.969955266021919442e+02
400 8001 6.780199e-01 2.706236e+01  9.925517057534290188e+02  9.956171938412077225e+02  9.967224923582266456e+02  9.972429343372845096e+02
401 8021 6.736445e-01 2.706907e+01  9.925517057534290188e+02  9.955062097772863581e+02  9.966784182918081569e+02  9.973063687140847833e+02
402 8041 6.686788e-01 2.709710e+01  9.925517057534290188e+02  9.958536677212173345e+02  9.967975615687189475e+02  9.973172933289819184e+02
403 8061 6.676145e-01 2.714319e+01  9.925517057534290188e+02  9.956506659193652240e+02  9.967909854456923995e+02  9.971836610151146942e+02
404 8081 6.662486e-01 2.716206e+01  9.925517057534290188e+02  9.961574823742306535e+02  9.966741908479725680e+02  9.970831524516476065e+02
405 8101 6.655337e-01 2.719141e+01  9.925517057534290188e+02  9.964346386916475922e+02  9.966921294957379587e+02  9.971774286197991159e+02
406 8121 6.632925e-01 2.719869e+01  9.925517057534290188e+02  9.961480077367409649e+02  9.969002678867416307e+02  9.971746927127749132e+02
407 8141 6.600438e-01 2.721970e+01  9.925517057534290188e+02  9.960228590494461969e+02  9.966245142296847916e+02  9.972582000900966932e+02
408 8161 6.584954e-01 2.724365e+01  9.925517057534290188e+02  9.957889176594333094e+02  9.967990694510874619e+02  9.974607652032852911e+02
409 8181 6.570087e-01 2.725619e+01  9.925517057534290188e+02  9.959555510131609708e+02  9.968425191742013567e+02  9.971827398664734119e+02
410 8201 6.574457e-01 2.726949e+01  9.925517057534290188e+02  9.957474695808635943e+02  9.969185796684138268e+02  9.977418436247445470e+02
411 8221 6.574729e-01 2.727707e+01  9.925517057534290188e+02  9.963019123375117942e+02  9.969099321098394739e+02  9.971829036438608682e+02
412 8241 6.573680e-01 2.729055e+01  9.925517057534290188e+02  9.957100000000000364e+02  9.968036003378283567e+02  9.974060689039531553e+02
413 8261 6.592073e-01 2.729833e+01  9.925517057534290188e+02  9.956544534945826399e+02  9.967265090550743025e+02  9.974014325410357742e+02
414 8281 6.632190e-01 2.731673e+01  9.925517057534290188e+02  9.956746133097377651e+02  9.969030031047166176e+02  9.973030989742813972e+02
415 8301 6.655420e-01 2.732824e+01  9.925517057534290188e+02  9.956639242023453562e+02  9.968764862666646422e+02  9.971379861679223495e+02
416 8321 6.680177e-01 2.734042e+01  9.925517057534290188e+02  9.962779073126167759e+02  9.966490144781175786e+02  9.971326248968149457e+02
417 8341 6.697007e-01 2.734284e+01  9.925517057534290188e+02  9.958423472094953013e+02  9.967397571309609248e+02  9.973748882940601561e+02
418 8361 6.686486e-01 2.736103e+01  9.925517057534290188e+02  9.958484251657029063e+02  9.966495469521514678e+02  9.970517191279942608e+02
419 8381 6.680067e-01 2.737281e+01  9.925517057534290188e+02  9.958822403972802704e+02  9.965952376184382047e+02  9.971406474749963991e+02
420 8401 6.697962e-01 2.737849e+01  9.925517057534290188e+02  9.955765539825503083e+02  9.966967932732065947e+02  9.973634400426120692e+02
421 8421 6.706813e-01 2.739565e+01  9.925517057534290188e+02  9.954959639958779007e+02  9.967540404086250874e+02  9.971389766934183854e+02
422 8441 6.722153e-01 2.740157e+01  9.925517057534290188e+02  9.958127377803549507e+02  9.968636212082756174e+02  9.971934271246199160e+02
423 8461 6.731272e-01 2.740466e+01  9.925517057534290188e+02  9.958171674727925620e+02  9.967986793372665488e+02  9.971738187713705202e+02
424 8481 6.741272e-01 2.741781e+01  9.925517057534290188e+02  9.955817417917137391e+02  9.966736766109859218e+02  9.972704122444905579e+02
425 8501 6.757497e-01 2.743791e+01  9.925517057534290188e+02  9.961947346311196725e+02  9.967808271559704281e+02  9.971655677339941803e+02
426 8521 6.746008e-01 2.744542e+01  9.925517057534290188e+02  9.959770562476095392e+02  9.967831254684658688e+02  9.971799999999999500e+02
427 8541 6.687680e-01 2.749588e+01  9.925517057534290188e+02  9.953485285275746719e+02  9.967608750357394456e+02  9.971200000000000045e+02
428 8561 6.634183e-01 2.749899e+01  9.925517057534290188e+02  9.956069477095543334e+02  9.966657205668881261e+02  9.971399999999999864e+02
429 8581 6.601227e-01 2.750959e+01  9.925517057534290188e+02  9.959662060635361058e+02  9.966206193792409067e+02  9.969769319093675222e+02
430 8601 6.566073e-01 2.751675e+01  9.925517057534290188e+02  9.956651083771524782e+02  9.969082269401340000e+02  9.990077480216179993e+02
431 8621 6.508273e-01 2.752214e+01  9.925517057534290188e+02  9.959953222487359881e+02  9.967923354964689224e+02  9.973228383447933538e+02
432 8641 6.469172e-01 2.752826e+01  9.925517057534290188e+02  9.952826834385152779e+02  9.967323297699715567e+02  9.970700000000000500e+02
433 8661 6.419654e-01 2.753269e+01  9.925517057534290188e+02  9.955040098678126697e+02  9.966695846655242121e+02  9.984169034152531594e+02
434 8681 6.394652e-01 2.753689e+01  9.925517057534290188e+02  9.952587054043483477e+02  9.967808953905562248e+02  9.971414612019490278e+02
435 8701 6.375390e-01 2.754997e+01  9.925517057534290188e+02  9.955299999999999727e+02  9.965186939733983991e+02  9.981155776339346630e+02
436 8721 6.362041e-01 2.756094e+01  9.925517057534290188e+02  9.957488217286680765e+02  9.967341465005417831e+02  9.971349448397422748e+02
437 8741 6.318230e-01 2.758535e+01  9.925517057534290188e+02  9.956100000000000136e+02  9.966703430561467485e+02  9.970578491423176501e+02
438 8761 6.268690e-01 2.759063e+01  9.925517057534290188e+02  9.957732023932683205e+02  9.964417270476873227e+02  9.970299999999999727e+02
439 8781 6.234241e-01 2.759462e+01  9.925517057534290188e+02  9.951729856039369224e+02  9.969491130667233847e+02  9.983382913444761471e+02
440 8801 6.202823e-01 2.762376e+01  9.925517057534290188e+02  9.958124176303206241e+02  9.967361421238663297e+02  9.970556591171089167e+02
441 8821 6.185918e-01 2.767469e+01  9.925517057534290188e+02  9.952845300483795654e+02  9.966253706529716965e+02  9.971246353384000258e+02
442 8841 6.200526e-01 2.769601e+01  9.925517057534290188e+02  9.952899999999999636e+02  9.965457905328495372e+02  9.971819930823511413e+02
443 8861 6.213046e-01 2.770301e+01  9.925517057534290188e+02  9.958171462868969002e+02  9.965049999999999955e+02  9.969734280965699327e+02
444 8881 6.223328e-01 2.771805e+01  9.925517057534290188e+02  9.953899999999999864e+02  9.967916486513354357e+02  9.971616760342160433e+02
445 8901 6.229713e-01 2.773399e+01  9.925517057534290188e+02  9.953602323043352271e+02  9.963826916731484289e+02  9.970544907308578786e+02
446 8921 6.246622e-01 2.774882e+01  9.925517057534290188e+02  9.958948250564249065e+02  9.967076355727292594e+02  9.970113139941557847e+02
447 8941 6.269196e-01 2.775802e+01  9.925517057534290188e+02  9.958250064663720877e+02  9.965299227975335725e+02  9.970709186302225362e+02
448 8961 6.312008e-01 2.777792e+01  9.925517057534290188e+02  9.952844764637387698e+02  9.966735421108925266e+02  9.972799999999999727e+02
449 8981 6.328182e-01 2.779110e+01  9.925517057534290188e+02  9.954026536083712244e+02  9.966733630632086260e+02  9.971752545536013486e+02
450 9001 6.355692e-01 2.780034e+01  9.925517057534290188e+02  9.959617987094694627e+02  9.965610564203416288e+02  9.972559636700077590e+02
451 9021 6.399147e-01 2.780759e+01  9.925517057534290188e+02  9.959542034875008767e+02  9.967108424011032639e+02  9.970900000000000318e+02
452 9041 6.450266e-01 2.782073e+01  9.925517057534290188e+02  9.954754691242106901e+02  9.966681969059944777e+02  9.971534074719687624e+02
453 9061 6.462271e-01 2.784015e+01  9.925517057534290188e+02  9.958459159687270130e+02  9.967091466539317253e+02  9.972313184662638150e+02
454 9081 6.440898e-01 2.785289e+01  9.925517057534290188e+02  9.957544676529593062e+02  9.966558854351870878e+02  9.970374340169253173e+02
455 9101 6.420018e-01 2.787047e+01  9.925517057534290188e+02  9.958455483035874067e+02  9.966331599664188161e+02  9.970830334973840081e+02
456 9121 6.414843e-01 2.788315e+01  9.925517057534290188e+02  9.953038203331542491e+02  9.965858585120854514e+02  9.969934670432246548e+02
457 9141 6.424204e-01 2.789104e+01  9.925517057534290188e+02  9.954036436077267354e+02  9.966994082095493468e+02  9.982230905762289694e+02
458 9161 6.426444e-01 2.789806e+01  9.925517057534290188e+02  9.958831752981320733e+02  9.966497761839245868e+02  9.972866404478149889e+02
459 9181 6.443656e-01 2.790354e+01  9.925517057534290188e+02  9.952824174875830749e+02  9.968429419031122052e+02  9.983968118107127339e+02
460 9201 6.481006e-01 2.792598e+01  9.925517057534290188e+02  9.960969539002835518e+02  9.966554735938514114e+02  9.982639790045395785e+02
461 9221 6.491455e-01 2.793402e+01  9.925517057534290188e+02  9.949880695431236290e+02  9.967548137751934973e+02  9.976404903541388194e+02
462 9241 6.475058e-01 2.795663e+01  9.925517057534290188e+02  9.960429089794284891e+02  9.967383086497483191e+02  9.977500000000000000e+02
463 9261 6.473096e-01 2.796575e+01  9.925517057534290188e+02  9.960066207716223516e+02  9.967029809867053700e+02  9.987278184814684892e+02
464 9281 6.486739e-01 2.797188e+01  9.925517057534290188e+02  9.960159606479264767e+02  9.966220819907190389e+02  9.982841720689572185e+02
465 9301 6.513807e-01 2.798759e+01  9.925517057534290188e+02  9.958643363609165817e+02  9.967774777849640486e+02  9.970675501561973988e+02
466 9321 6.534182e-01 2.799695e+01  9.925517057534290188e+02  9.959740215920819537e+02  9.968655616436117270e+02  9.984830625794738808e+02
467 9341 6.522108e-01 2.800279e+01  9.925517057534290188e+02  9.959043542394711039e+02  9.965458316736826418e+02  9.970562598165474810e+02
468 9361 6.495392e-01 2.800990e+01  9.925517057534290188e+02  9.955279056282380452e+02  9.967159291668235710e+02  9.972039437577490162e+02
469 9381 6.484643e-01 2.803091e+01  9.925517057534290188e+02  9.956883184247353711e+02  9.967275783317998048e+02  9.983799999999999955e+02
470 9401 6.442829e-01 2.804575e+01  9.925517057534290188e+02  9.952211654911861842e+02  9.966792387192225533e+02  9.983676708571213112e+02
471 9421 6.409217e-01 2.805993e+01  9.925517057534290188e+02  9.959071578334238666e+02  9.967933275347661493e+02  9.973235951159879278e+02
472 9441 6.356341e-01 2.807395e+01  9.925517057534290188e+02  9.961399999999999864e+02  9.967902184777078674e+02  9.973702759130394497e+02
473 9461 6.277418e-01 2.808495e+01  9.925517057534290188e+02  9.957404883643540643e+02  9.966020406571483363e+02  9.969647799992225146e+02
474 9481 6.209999e-01 2.809841e+01  9.925517057534290188e+02  9.954908624935924308e+02  9.966165636452291210e+02  9.970091924822609144e+02
475 9501 6.136642e-01 2.811336e+01  9.925517057534290188e+02  9.957035489342924848e+02  9.967152502408789587e+02  9.981352713731581616e+02
476 9521 6.052127e-01 2.812591e+01  9.925517057534290188e+02  9.953587890367056161e+02  9.967111721253891119e+02  9.971919784461382505e+02
477 9541 5.952606e-01 2.814259e+01  9.925517057534290188e+02  9.957699999999999818e+02  9.966594005437343640e+02  9.970800000000000409e+02
478 9561 5.854388e-01 2.815648e+01  9.925517057534290188e+02  9.953551599068127871e+02  9.965266468668721700e+02  9.970009428550542907e+02
479 9581 5.749856e-01 2.816116e+01  9.925517057534290188e+02  9.957706925392627682e+02  9.964855041788795234e+02  9.970894341239945788e+02
480 9601 5.681361e-01 2.818797e+01  9.925517057534290188e+02  9.960842687220949756e+02  9.967518597584362396e+02  9.982389597217644450e+02
481 9621 5.625816e-01 2.820242e+01  9.925517057534290188e+02  9.958021854861617612e+02  9.967069777253926759e+02  9.984724826909221065e+02
482 9641 5.595880e-01 2.822006e+01  9.925517057534290188e+02  9.956667623513079661e+02  9.967251234845023191e+02  9.971383410394287239e+02
483 9661 5.558496e-01 2.822834e+01  9.925517057534290188e+02  9.956762268782673573e+02  9.966722763560510430e+02  9.970585542750436616e+02
484 9681 5.512545e-01 2.824012e+01  9.925517057534290188e+02  9.951906589490466786e+02  9.964385163560730234e+02  9.968352119874110713e+02
485 9701 5.465820e-01 2.826136e+01  9.925517057534290188e+02  9.955927892691921670e+02  9.966146475934668842e+02  9.970554998762405603e+02
486 9721 5.412326e-01 2.827465e+01  9.925517057534290188e+02  9.952168517764458784e+02  9.966670537919289927e+02  9.970371710075560259e+02
487 9741 5.371464e-01 2.830207e+01  9.925517057534290188e+02  9.952264743751651395e+02  9.964401888285751738e+02  9.969779899957005682e+02
488 9761 5.359195e-01 2.833719e+01  9.925517057534290188e+02  9.952377197345916784e+02  9.966048219219208022e+02  9.970768734696757747e+02
489 9781 5.359346e-01 2.836014e+01  9.925517057534290188e+02  9.955975571138652640e+02  9.965055590190680732e+02  9.970413899018857364e+02
490 9801 5.384947e-01 2.838187e+01  9.925517057534290188e+02  9.953821769455331605e+02  9.964967564966227656e+02  9.967847889882534673e+02
491 9821 5.403596e-01 2.839868e+01  9.925517057534290188e+02  9.954364843459024996e+02  9.967068512018844331e+02  9.970264493939075692e+02
492 9841 5.436445e-01 2.840336e+01  9.925517057534290188e+02  9.960443110379485461e+02  9.966201412696154875e+02  9.969875817382539935e+02
493 9861 5.461955e-01 2.840938e+01  9.925517057534290188e+02  9.952699999999999818e+02  9.965096797352202884e+02  9.975157286399751229e+02
494 9881 5.493739e-01 2.843798e+01  9.925517057534290188e+02  9.954743348388606137e+02  9.965123434889330838e+02  9.968803035983848986e+02
495 9901 5.508643e-01 2.844158e+01  9.925517057534290188e+02  9.952256312394900988e+02  9.965996733339097773e+02  9.981087081239141980e+02
496 9921 5.517331e-01 2.844825e+01  9.925517057534290188e+02  9.953392127479282863e+02  9.965193462911162214e+02  9.971324297475857747e+02
497 9941 5.509289e-01 2.846576e+01  9.925517057534290188e+02  9.959600000000000364e+02  9.964998033825081620e+02  9.979312765368337068e+02
498 9961 5.520949e-01 2.847364e+01  9.925517057534290188e+02  9.960139165918939170e+02  9.967064151970280363e+02  9.970283062724774936e+02
499 9981 5.563452e-01 2.848527e+01  9.925517057534290188e+02  9.955962475817455015e+02  9.964657481813073900e+02  9.979609312072431067e+02
500 10001 5.603394e-01 2.849796e+01  9.925517057534290188e+02  9.957275709318112149e+02  9.965788207023723544e+02  9.984465760471384783e+02
501 10021 5.619331e-01 2.852721e+01  9.925517057534290188e+02  9.954951479903462541e+02  9.966353080024566680e+02  9.983083161523680928e+02
502 10041 5.627583e-01 2.856084e+01  9.925517057534290188e+02  9.950131871246720721e+02  9.964850748924311574e+02  9.979862116069638205e+02
503 10061 5.622371e-01 2.857509e+01  9.925517057534290188e+02  9.952763587274616839e+02  9.967923501119779530e+02  9.984299999999999500e+02
504 10081 5.609514e-01 2.859577e+01  9.925517057534290188e+02  9.956794386159136820e+02  9.964842069593856877e+02  9.970199999999999818e+02
505 10101 5.607184e-01 2.862323e+01  9.925517057534290188e+02  9.956667113449250337e+02  9.965351094538573307e+02  9.979023118110379755e+02
506 10121 5.603190e-01 2.864192e+01  9.925517057534290188e+02  9.957874655710940033e+02  9.964431383590550695e+02  9.983700000000000045e+02
507 10141 5.617122e-01 2.865951e+01  9.925517057534290188e+02  9.957799999999999727e+02  9.966546720701747972e+02  9.982300000000000182e+02
508 10161 5.613329e-01 2.868030e+01  9.925517057534290188e+02  9.952500000000000000e+02  9.965669361010028524e+02  9.971896632801285705e+02
509 10181 5.578184e-01 2.869453e+01  9.925517057534290188e+02  9.951210842456986256e+02  9.965929464669153504e+02  9.970789054078287563e+02
510 10201 5.564127e-01 2.870278e+01  9.925517057534290188e+02  9.958799999999999955e+02  9.965306118058035736e+02  9.970790513888632631e+02
511 10221 5.547724e-01 2.871408e+01  9.925517057534290188e+02  9.958168208601417746e+02  9.963746003738522177e+02  9.969294364607922034e+02
512 10241 5.546381e-01 2.872493e+01  9.925517057534290188e+02  9.962880809605978811e+02  9.965949289716966177e+02  9.970581424216488813e+02
513 10261 5.573496e-01 2.873718e+01  9.925517057534290188e+02  9.956995044069979031e+02  9.966434667333849120e+02  9.970299999999999727e+02
514 10281 5.602643e-01 2.874204e+01  9.925517057534290188e+02  9.956285385572707582e+02  9.964897474303036233e+02  9.972015830326328114e+02
515 10301 5.612089e-01 2.875074e+01  9.925517057534290188e+02  9.957217572876277245e+02  9.964333733233124804e+02  9.981942566956203109e+02
516 10321 5.613897e-01 2.876899e+01  9.925517057534290188e+02  9.953571044850535827e+02  9.966718473406390331e+02  9.981729205419522941e+02
517 10341 5.606280e-01 2.877781e+01  9.925517057534290188e+02  9.951915031405604850e+02  9.965432314549352668e+02  9.969299999999999500e+02
518 10361 5.603021e-01 2.879358e+01  9.925517057534290188e+02  9.952522947349632432e+02  9.965900000000000318e+02  9.970084354251716832e+02
519 10381 5.593511e-01 2.880988e+01  9.925517057534290188e+02  9.958926048275378662e+02  9.966143831648678315e+02  9.973434916690006276e+02
520 10401 5.574208e-01 2.882788e+01  9.925517057534290188e+02  9.956602328976885019e+02  9.965568917430812235e+02  9.970196524083844452e+02
521 10421 5.539132e-01 2.885728e+01  9.925517057534290188e+02  9.956857654390588550e+02  9.966769759601484111e+02  9.979092540102332123e+02
522 10441 5.504879e-01 2.887133e+01  9.925517057534290188e+02  9.953974033790775593e+02  9.967982678289886280e+02  9.973880374408079206e+02
523 10461 5.475905e-01 2.889423e+01  9.925517057534290188e+02  9.956171517502457391e+02  9.967125330195738115e+02  9.970617775157550113e+02
524 10481 5.464129e-01 2.890960e+01  9.925517057534290188e+02  9.956239713464226497e+02  9.966862394785905508e+02  9.970403463785363556e+02
525 10501 5.453411e-01 2.894404e+01  9.925517057534290188e+02  9.953993108352021864e+02  9.964571487745834020e+02  9.970045257291498046e+02
526 10521 5.458056e-01 2.895827e+01  9.925517057534290188e+02  9.947547138848997292e+02  9.962853972103705473e+02  9.971619970252577332e+02
527 10541 5.466443e-01 2.896331e+01  9.925517057534290188e+02  9.960988726319030775e+02  9.965690522663428510e+02  9.972031417786755583e+02
528 10561 5.479095e-01 2.897936e+01  9.925517057534290188e+02  9.953351458190408039e+02  9.963632683780092520e+02  9.969301841557032731e+02
529 10581 5.481404e-01 2.899010e+01  9.925517057534290188e+02  9.958057968966808176e+02  9.966078503317778541e+02  9.970854079179525797e+02
530 10601 5.477424e-01 2.900308e+01  9.925517057534290188e+02  9.954582059229787774e+02  9.965212194173748230e+02  9.971407088887540340e+02
531 10621 5.474853e-01 2.901106e+01  9.925517057534290188e+02  9.952463703268491599e+02  9.966535549250004351e+02  9.971499999999999773e+02
532 10641 5.505918e-01 2.901483e+01  9.925517057534290188e+02  9.960346917060693386e+02  9.967595172126875696e+02  9.971500933638905053e+02
533 10661 5.521576e-01 2.903077e+01  9.925517057534290188e+02  9.957320477442597166e+02  9.967419592419655601e+02  9.975264031886458724e+02
534 10681 5.521624e-01 2.904044e+01  9.925517057534290188e+02  9.956853308648552456e+02  9.966602365937683317e+02  9.973288376301329663e+02
535 10701 5.540332e-01 2.904596e+01  9.925517057534290188e+02  9.954800000000000182e+02  9.966188178050655324e+02  9.973454188314567546e+02
536 10721 5.562467e-01 2.905770e+01  9.925517057534290188e+02  9.956233577776800985e+02  9.965844597878383411e+02  9.972664436257014131e+02
537 10741 5.587934e-01 2.906732e+01  9.925517057534290188e+02  9.954186850129525510e+02  9.964630275386891753e+02  9.968822348865237473e+02
538 10761 5.636420e-01 2.908031e+01  9.925517057534290188e+02  9.953774928428141493e+02  9.966859546441818338e+02  9.972599999999999909e+02
539 10781 5.663176e-01 2.908870e+01  9.925517057534290188e+02  9.954116119940102863e+02  9.965030778580140804e+02  9.971799999999999500e+02
540 10801 5.686215e-01 2.911583e+01  9.925517057534290188e+02  9.957915214396141437e+02  9.965230353113020101e+02  9.969541675190779415e+02
541 10821 5.688739e-01 2.912645e+01  9.925517057534290188e+02  9.956498088698020865e+02  9.967299239137596487e+02  9.999972647163352804e+02
542 10841 5.682915e-01 2.913697e+01  9.925517057534290188e+02  9.957734357424424161e+02  9.966437673473251380e+02  9.972164183748734558e+02
543 10861 5.680136e-01 2.914432e+01  9.925517057534290188e+02  9.955305285425216653e+02  9.966406311595310399e+02  9.969771242236058697e+02
544 10881 5.659538e-01 2.915673e+01  9.925517057534290188e+02  9.952021980414787095e+02  9.966795071331334839e+02  9.970626995652994538e+02
545 10901 5.656170e-01 2.916610e+01  9.925517057534290188e+02  9.953124842298628892e+02  9.966973135204192431e+02  9.970213276906382589e+02
546 10921 5.655084e-01 2.917913e+01  9.925517057534290188e+02  9.957599999999999909e+02  9.966176697349771985e+02  9.970687283475408549e+02
547 10941 5.655656e-01 2.918907e+01  9.925517057534290188e+02  9.956900000000000546e+02  9.967268195602873675e+02  9.970601057246025221e+02
548 10961 5.644139e-01 2.920274e+01  9.925517057534290188e+02  9.956970151385015697e+02  9.965851403032794451e+02  9.973400000000000318e+02
549 10981 5.628538e-01 2.923100e+01  9.925517057534290188e+02  9.954500000000000455e+02  9.964291532253805599e+02  9.971210598066488728e+02
550 11001 5.588603e-01 2.923697e+01  9.925517057534290188e+02  9.956557093820774753e+02  9.965089910753683853e+02  9.969670770204355676e+02
551 11021 5.579808e-01 2.924616e+01  9.925517057534290188e+02  9.957972575507952797e+02  9.966159293700143280e+02  9.969099999999999682e+02
552 11041 5.589148e-01 2.925179e+01  9.925517057534290188e+02  9.959608792791744918e+02  9.966217061034346898e+02  9.968903532572799122e+02
553 11061 5.593773e-01 2.926493e+01  9.925517057534290188e+02  9.960780260878210584e+02  9.965819508249593355e+02  9.970524929172429438e+02
554 11081 5.581046e-01 2.928154e+01  9.925517057534290188e+02  9.956629230090230749e+02  9.964781218855712268e+02  9.980411730372105694e+02
555 11101 5.575721e-01 2.929854e+01  9.925517057534290188e+02  9.958829168389215738e+02  9.965610367779828493e+02  9.969152132728763718e+02
556 11121 5.559345e-01 2.933181e+01  9.925517057534290188e+02  9.955171230326772047e+02  9.965927733397591055e+02  9.968939763540073500e+02
557 11141 5.544700e-01 2.934227e+01  9.925517057534290188e+02  9.962135991674650768e+02  9.967467176266238766e+02  9.972423658444500916e+02
558 11161 5.534749e-01 2.935448e+01  9.925517057534290188e+02  9.957100000000000364e+02  9.966139713005998146e+02  9.969953644889063753e+02
559 11181 5.526054e-01 2.936118e+01  9.925517057534290188e+02  9.953726502527692901e+02  9.966118313242920976e+02  9.973278763234111466e+02
560 11201 5.494975e-01 2.936099e+01  9.925517057534290188e+02  9.959229797126646417e+02  9.966941567025749009e+02  9.969482195384852048e+02
561 11221 5.489359e-01 2.936885e+01  9.925517057534290188e+02  9.959600000000000364e+02  9.967097927870356671e+02  9.969725018464844197e+02
562 11241 5.491223e-01 2.937681e+01  9.925517057534290188e+02  9.956645718925491337e+02  9.964753136695705962e+02  9.969900000000000091e+02
563 11261 5.501330e-01 2.939005e+01  9.925517057534290188e+02  9.960228306213939504e+02  9.965045702554293712e+02  9.969600000000000364e+02
564 11281 5.512843e-01 2.939437e+01  9.925517057534290188e+02  9.953775114909011563e+02  9.963205104734233828e+02  9.967534821258991542e+02
565 11301 5.495156e-01 2.941277e+01  9.925517057534290188e+02  9.959872137759498401e+02  9.965127349313979721e+02  9.970249431439892760e+02
566 11321 5.495505e-01 2.942383e+01  9.925517057534290188e+02  9.956867796647702562e+02  9.964832728683161349e+02  9.969900000000000091e+02
567 11341 5.499583e-01 2.942743e+01  9.925517057534290188e+02  9.953729678463274695e+02  9.966436037803678119e+02  9.971236947455930704e+02
568 11361 5.511628e-01 2.945544e+01  9.925517057534290188e+02  9.951499999999999773e+02  9.964786771649703496e+02  9.970599999999999454e+02
569 11381 5.523409e-01 2.946684e+01  9.925517057534290188e+02  9.957625358272663334e+02  9.965506978016334187e+02  9.969821335660301429e+02
570 11401 5.546484e-01 2.947338e+01  9.925517057534290188e+02  9.953849436062408813e+02  9.964650000000000318e+02  9.967812016628536185e+02
571 11421 5.560100e-01 2.948013e+01  9.925517057534290188e+02  9.952261552842918491e+02  9.966608959095548244e+02  9.984410063122024894e+02
572 11441 5.585374e-01 2.948304e+01  9.925517057534290188e+02  9.952837027148830202e+02  9.967229227130893605e+02  9.980959482183709497e+02
573 11461 5.595866e-01 2.949470e+01  9.925517057534290188e+02  9.951825028610267054e+02  9.965309661820660949e+02  9.970036525629650441e+02
574 11481 5.614868e-01 2.951602e+01  9.925517057534290188e+02  9.954642231181874195e+02  9.965350882497821203e+02  9.971225561375928237e+02
575 11501 5.646152e-01 2.952587e+01  9.925517057534290188e+02  9.954276944994172709e+02  9.965504439943595116e+02  9.972037409399458738e+02
576 11521 5.663338e-01 2.953860e+01  9.925517057534290188e+02  9.950519410050841316e+02  9.964961198689247794e+02  9.973687780681569848e+02
577 11541 5.688956e-01 2.955677e+01  9.925517057534290188e+02  9.956450904365590304e+02  9.964831899133039315e+02  9.968980030714620852e+02
578 11561 5.718716e-01 2.956871e+01  9.925517057534290188e+02  9.954875092374147698e+02  9.965792361048057728e+02  9.972500000000000000e+02
579 11581 5.720566e-01 2.958306e+01  9.925517057534290188e+02  9.960058946696331077e+02  9.965798877086888297e+02  9.970254943129394860e+02
580 11601 5.714932e-01 2.959067e+01  9.925517057534290188e+02  9.958364357804441624e+02  9.965919208191328380e+02  9.971003104499295659e+02
581 11621 5.691887e-01 2.960621e+01  9.925517057534290188e+02  9.953105837837906620e+02  9.963980131873810251e+02  9.970492251889825184e+02
582 11641 5.642086e-01 2.960913e+01  9.925517057534290188e+02  9.950542541575355244e+02  9.966500313212849278e+02  9.970525788496056521e+02
583 11661 5.600009e-01 2.962175e+01  9.925517057534290188e+02  9.954726853976615075e+02  9.967497362581259495e+02  9.972117341993867967e+02
584 11681 5.565013e-01 2.963394e+01  9.925517057534290188e+02  9.949019105438395627e+02  9.966221245662096635e+02  9.969518688092247203e+02
585 11701 5.536912e-01 2.966475e+01  9.925517057534290188e+02  9.958461511767214915e+02  9.965818246908069113e+02  9.970171092716934709e+02
586 11721 5.513823e-01 2.967508e+01  9.925517057534290188e+02  9.953869068247543055e+02  9.965508728877373414e+02  9.969839404627617796e+02
587 11741 5.480619e-01 2.968548e+01  9.925517057534290188e+02  9.958328890844363741e+02  9.963979900887266012e+02  9.970240040760553484e+02
588 11761 5.448196e-01 2.970601e+01  9.925517057534290188e+02  9.958622550211507587e+02  9.965968179180372317e+02  9.969175802297077098e+02
589 11781 5.396156e-01 2.975964e+01  9.925517057534290188e+02  9.960337776241357233e+02  9.965176499644223895e+02  9.969419132260665037e+02
590 11801 5.348867e-01 2.976615e+01  9.925517057534290188e+02  9.955599999999999454e+02  9.965589461339452555e+02  9.969068052277864354e+02
591 11821 5.321973e-01 2.977317e+01  9.925517057534290188e+02  9.946447936545496304e+02  9.965310749854992309e+02  9.969500000000000455e+02
592 11841 5.284345e-01 2.979580e+01  9.925517057534290188e+02  9.954239431412870545e+02  9.965403155900064576e+02  9.970859334161837069e+02
593 11861 5.248822e-01 2.982402e+01  9.925517057534290188e+02  9.950127594727707674e+02  9.964335790151229730e+02  9.969355474439172440e+02
594 11881 5.224969e-01 2.983902e+01  9.925517057534290188e+02  9.958942842148343288e+02  9.964727464648742625e+02  9.969510818582564298e+02
595 11901 5.185316e-01 2.985762e+01  9.925517057534290188e+02  9.955599999999999454e+02  9.964183373162697990e+02  9.970527212156272299e+02
596 11921 5.163071e-01 2.987567e+01  9.925517057534290188e+02  9.946799999999999500e+02  9.965236593976551376e+02  9.969713056196601428e+02
597 11941 5.142219e-01 2.989916e+01  9.925517057534290188e+02  9.958300000000000409e+02  9.964546786430487373e+02  9.969199999999999591e+02
598 11961 5.114282e-01 2.990565e+01  9.925517057534290188e+02  9.957095553073128258e+02  9.964670833183558898e+02  9.968732284079321744e+02
599 11981 5.073614e-01 2.992658e+01  9.925517057534290188e+02  9.959169902731399588e+02  9.966849936175772200e+02  9.970038743046007994e+02
600 12001 5.030149e-01 2.993832e+01  9.925517057534290188e+02  9.953855354340403210e+02  9.964841961693061876e+02  9.969978027941100436e+02
