%  columns="iteration, evaluation, sigma, axis ratio, bestever, best, median, worst fitness function value, further objective values of best" (startseed=207944, 2017/09/23 9:2:19.45)
1 21 1.068027e+00 2.240974e+01  2.628159771319154743e+02  1.967655952433579841e+03  1.000266112570160112e+04  1.000324452523195214e+04
2 41 1.028129e+00 2.241672e+01  2.628159771319154743e+02  1.246050508471721969e+03  1.000253656563233744e+04  1.000282327741313384e+04
3 61 9.941697e-01 2.246154e+01  2.628159771319154743e+02  1.968680578673441232e+03  1.999804038139609929e+03  1.000264206824715257e+04
4 81 9.659257e-01 2.246631e+01  2.628159771319154743e+02  1.963827455841154006e+03  1.997118480195147185e+03  1.000272122692525954e+04
5 101 9.482782e-01 2.247186e+01  2.628159771319154743e+02  1.974876309774470883e+03  1.996573381638094816e+03  1.000275308394081003e+04
6 121 9.279112e-01 2.248643e+01  2.628159771319154743e+02  1.970661977341984084e+03  1.996275624798632862e+03  1.000477737485738908e+04
7 141 9.104778e-01 2.250679e+01  2.628159771319154743e+02  1.980436135568450254e+03  2.000338867639633463e+03  1.000282668468056181e+04
8 161 8.962063e-01 2.251313e+01  2.628159771319154743e+02  1.944144451311221019e+03  1.000250780392314846e+04  1.000276500289523210e+04
9 181 8.828296e-01 2.252468e+01  2.628159771319154743e+02  1.946604189553219385e+03  2.000296973248898212e+03  1.000266815838852926e+04
10 201 8.740342e-01 2.253140e+01  2.628159771319154743e+02  1.985417836977991556e+03  1.999756346170156121e+03  1.000271990503087545e+04
11 221 8.668602e-01 2.254075e+01  2.628159771319154743e+02  1.987558968424037403e+03  1.000251474478338969e+04  1.000280039057684917e+04
12 241 8.560626e-01 2.255127e+01  2.628159771319154743e+02  1.988221269969857985e+03  1.996595718345141222e+03  1.000301839160535201e+04
13 261 8.431676e-01 2.256745e+01  2.628159771319154743e+02  1.990209483737295159e+03  1.997188350312119837e+03  1.000270002460869000e+04
14 281 8.330122e-01 2.257190e+01  2.628159771319154743e+02  1.983878663191945407e+03  1.994181915673564163e+03  1.000259808586153486e+04
15 301 8.251400e-01 2.258643e+01  2.628159771319154743e+02  1.987552416615192215e+03  1.996960333477163658e+03  1.000263978466897424e+04
16 321 8.209646e-01 2.259004e+01  2.628159771319154743e+02  1.978948378935372830e+03  2.000324236489869463e+03  1.000271436322486625e+04
17 341 8.171738e-01 2.259919e+01  2.628159771319154743e+02  1.985166817286939931e+03  2.000077653538790855e+03  1.000268426316753539e+04
18 361 8.117916e-01 2.259992e+01  2.628159771319154743e+02  1.959291532583523576e+03  1.995983068524993087e+03  1.000286193321347309e+04
19 381 8.081888e-01 2.260885e+01  2.628159771319154743e+02  1.978976886906016716e+03  6.000964914182794928e+03  1.000278911749797953e+04
20 401 8.052878e-01 2.261870e+01  2.628159771319154743e+02  1.962536054393228824e+03  1.997148856262026584e+03  1.000278169436173266e+04
21 421 8.037105e-01 2.262503e+01  2.628159771319154743e+02  1.984148625429394315e+03  1.999846935977740486e+03  1.000263140750956336e+04
22 441 8.020483e-01 2.263996e+01  2.628159771319154743e+02  1.986019077276560211e+03  1.993698843201070758e+03  1.000263119776551866e+04
23 461 8.007538e-01 2.264684e+01  2.628159771319154743e+02  1.986494493905111312e+03  1.000251562413851207e+04  1.000269600304153209e+04
24 481 7.952879e-01 2.264833e+01  2.628159771319154743e+02  1.988590046986752895e+03  1.993682075424303093e+03  1.000259404863819873e+04
25 501 7.930175e-01 2.265636e+01  2.628159771319154743e+02  1.983297297493291580e+03  1.993512937806166065e+03  1.000265435474830520e+04
26 521 7.902323e-01 2.266466e+01  2.628159771319154743e+02  1.979500240004240595e+03  1.992107584712066910e+03  1.000271174888387577e+04
27 541 7.883566e-01 2.267059e+01  2.628159771319154743e+02  1.977775589978726885e+03  1.992929834498194850e+03  1.000267681568528860e+04
28 561 7.848849e-01 2.267439e+01  2.628159771319154743e+02  1.979438178173701317e+03  1.992057140897393310e+03  1.000265423709530114e+04
29 581 7.826219e-01 2.268516e+01  2.628159771319154743e+02  1.977328231429084553e+03  1.000251908107820600e+04  1.000273551547043280e+04
30 601 7.767708e-01 2.269308e+01  2.628159771319154743e+02  1.979871098935641385e+03  1.990727507680570625e+03  1.000486122888887621e+04
31 621 7.698207e-01 2.269843e+01  2.628159771319154743e+02  1.976702386398437966e+03  1.991428333128855684e+03  1.000489678157033813e+04
32 641 7.631287e-01 2.270506e+01  2.628159771319154743e+02  1.984883426232931015e+03  1.990720100980599000e+03  1.000251583059875156e+04
33 661 7.565833e-01 2.270385e+01  2.628159771319154743e+02  1.977810539561071892e+03  1.990074908671895855e+03  1.000264430745590289e+04
34 681 7.490477e-01 2.269855e+01  2.628159771319154743e+02  1.980832337762632960e+03  1.991687040078995096e+03  1.000280215088760633e+04
35 701 7.431771e-01 2.270772e+01  2.628159771319154743e+02  1.980330857792959705e+03  1.996208816837078075e+03  1.000273535770261515e+04
36 721 7.406309e-01 2.271802e+01  2.628159771319154743e+02  1.977063002678882413e+03  1.989000239699146732e+03  1.000262735454720132e+04
37 741 7.413739e-01 2.272244e+01  2.628159771319154743e+02  1.984323864167518650e+03  1.991375996809764501e+03  1.000269128543259103e+04
38 761 7.408590e-01 2.271844e+01  2.628159771319154743e+02  1.981956485833841271e+03  1.988369813450294487e+03  1.000286513742678471e+04
39 781 7.419441e-01 2.271692e+01  2.628159771319154743e+02  1.980516927687448515e+03  1.990057347439168325e+03  1.000273826835668478e+04
40 801 7.446879e-01 2.272318e+01  2.628159771319154743e+02  1.977111266097046610e+03  1.995639603556580141e+03  1.000282114622129666e+04
41 821 7.442580e-01 2.272735e+01  2.628159771319154743e+02  4.669817895291531613e+02  1.987445068471242166e+03  1.000266221470867094e+04
42 841 7.458449e-01 2.274034e+01  2.628159771319154743e+02  1.980533545240059539e+03  1.988230963052591505e+03  1.000342772090189646e+04
43 861 7.455631e-01 2.274226e+01  2.628159771319154743e+02  1.977300630333746994e+03  1.985564266975721466e+03  1.000263764746489142e+04
44 881 7.478431e-01 2.275204e+01  2.628159771319154743e+02  1.961443808943587328e+03  1.994209347164098290e+03  1.000311895644680590e+04
45 901 7.461494e-01 2.275990e+01  2.628159771319154743e+02  1.968575625325998772e+03  1.988735988154090592e+03  1.000251526200315675e+04
46 921 7.449646e-01 2.276717e+01  2.628159771319154743e+02  1.934435633382520791e+03  1.984624444793412749e+03  1.000256641612508793e+04
47 941 7.430244e-01 2.277007e+01  2.628159771319154743e+02  4.930378676347812643e+02  1.983769145444864989e+03  1.000255424634866358e+04
48 961 7.433797e-01 2.279638e+01  2.628159771319154743e+02  1.961624626038144015e+03  1.987161387407104485e+03  1.000257824000995060e+04
49 981 7.449910e-01 2.280012e+01  2.628159771319154743e+02  1.974455503656995916e+03  1.992902652040223529e+03  1.000263985352107738e+04
50 1001 7.448252e-01 2.280503e+01  2.628159771319154743e+02  1.974101928677752312e+03  1.985774622493313473e+03  1.000270256975618759e+04
51 1021 7.416710e-01 2.280945e+01  2.628159771319154743e+02  1.209986905708313316e+03  1.986077129616714501e+03  1.000280018081878916e+04
52 1041 7.399661e-01 2.280731e+01  2.628159771319154743e+02  1.970540396976994998e+03  1.987480552612075371e+03  1.000263976381029897e+04
53 1061 7.381276e-01 2.281509e+01  2.628159771319154743e+02  1.977185448789688962e+03  1.988164885048573979e+03  1.000379153669919833e+04
54 1081 7.375441e-01 2.281689e+01  2.628159771319154743e+02  1.979198661417418180e+03  1.987193004598114385e+03  1.000266185815581593e+04
55 1101 7.355630e-01 2.281958e+01  2.628159771319154743e+02  1.973578507194234589e+03  1.986754842878466661e+03  1.000268283312320091e+04
56 1121 7.373634e-01 2.281919e+01  2.628159771319154743e+02  1.978036237419151348e+03  1.997197614530355168e+03  1.000276877837236862e+04
57 1141 7.394672e-01 2.282660e+01  2.628159771319154743e+02  1.976484314519897225e+03  1.995576135162668606e+03  1.000282953724237814e+04
58 1161 7.417539e-01 2.283090e+01  2.628159771319154743e+02  1.961951442384227448e+03  1.992304984311780800e+03  1.000478515701416291e+04
59 1181 7.436010e-01 2.283311e+01  2.628159771319154743e+02  1.968911533025374410e+03  1.995276221239024380e+03  1.000341244607989574e+04
60 1201 7.467652e-01 2.283078e+01  2.628159771319154743e+02  1.979798500881146992e+03  1.988670158013571836e+03  1.000294293802630273e+04
61 1221 7.494017e-01 2.283105e+01  2.628159771319154743e+02  1.973233687118475927e+03  1.988870501867732401e+03  1.000298655365326704e+04
62 1241 7.547676e-01 2.283285e+01  2.628159771319154743e+02  1.200325552520034989e+03  1.987375523819079945e+03  1.000273845280358728e+04
63 1261 7.576201e-01 2.283305e+01  2.628159771319154743e+02  1.975784690031164928e+03  1.993767292268473284e+03  1.000281245089853292e+04
64 1281 7.591571e-01 2.284114e+01  2.628159771319154743e+02  1.172779566324721145e+03  1.987352096284465460e+03  1.000279622256008406e+04
65 1301 7.574634e-01 2.284656e+01  2.628159771319154743e+02  1.980436604407356299e+03  1.989022870507171092e+03  1.000277872661274159e+04
66 1321 7.542851e-01 2.284116e+01  2.628159771319154743e+02  1.976210054668281600e+03  1.987495521129136250e+03  1.000275229446135745e+04
67 1341 7.473463e-01 2.284527e+01  2.628159771319154743e+02  1.967259515066015410e+03  1.988973473493288111e+03  1.000279407997154522e+04
68 1361 7.418983e-01 2.284408e+01  2.628159771319154743e+02  1.969913734199142482e+03  1.991516090219699890e+03  1.000272509408862788e+04
69 1381 7.361410e-01 2.285551e+01  2.628159771319154743e+02  1.975803871059437597e+03  1.986946228204751833e+03  1.000250497899254333e+04
70 1401 7.306043e-01 2.285816e+01  2.628159771319154743e+02  1.950846155020188462e+03  1.993024951269211670e+03  1.000267407914339128e+04
71 1421 7.259549e-01 2.286099e+01  2.628159771319154743e+02  1.963044365184121489e+03  1.994788080265035660e+03  1.000255999859004260e+04
72 1441 7.199400e-01 2.286090e+01  2.628159771319154743e+02  1.966356357351261749e+03  1.987736993945525228e+03  1.000255381373463933e+04
73 1461 7.146834e-01 2.286568e+01  2.628159771319154743e+02  1.971914032443823089e+03  1.992665363762287143e+03  1.000262094103764503e+04
74 1481 7.110916e-01 2.286370e+01  2.628159771319154743e+02  1.960638553284293266e+03  1.988427206969501185e+03  1.000264253229164751e+04
75 1501 7.095680e-01 2.287666e+01  2.628159771319154743e+02  1.970717238144080738e+03  1.997300634983985674e+03  1.000379926308918402e+04
76 1521 7.051568e-01 2.287708e+01  2.628159771319154743e+02  1.963146785313176224e+03  6.001726214547077689e+03  1.000271267236159474e+04
77 1541 6.995667e-01 2.287636e+01  2.628159771319154743e+02  1.962012567670252110e+03  1.989716160634909556e+03  1.000264431945438082e+04
78 1561 6.958978e-01 2.287857e+01  2.628159771319154743e+02  1.238558683113665211e+03  1.987962134526756472e+03  1.000302559210551408e+04
79 1581 6.931647e-01 2.288214e+01  2.628159771319154743e+02  1.963080039211751455e+03  1.994124638344186678e+03  1.000264476142577587e+04
80 1601 6.905932e-01 2.288184e+01  2.628159771319154743e+02  4.221523518732866478e+02  1.986847852741256247e+03  1.000262142793917337e+04
81 1621 6.837744e-01 2.288280e+01  2.628159771319154743e+02  1.970364310365187976e+03  1.991636335224273125e+03  1.000265203030755038e+04
82 1641 6.792862e-01 2.288460e+01  2.628159771319154743e+02  1.969459447510054133e+03  1.985913870564030276e+03  1.000262309839605769e+04
83 1661 6.759114e-01 2.288676e+01  2.628159771319154743e+02  1.963148916584428434e+03  1.992780560655434329e+03  1.000271753274895855e+04
84 1681 6.745531e-01 2.288786e+01  2.628159771319154743e+02  1.979045480380840218e+03  1.989091587463871065e+03  1.000255629306910669e+04
85 1701 6.749485e-01 2.289297e+01  2.628159771319154743e+02  1.949014280396472259e+03  1.983787812567170931e+03  1.000251862253930631e+04
86 1721 6.755422e-01 2.289744e+01  2.628159771319154743e+02  1.962094379276212749e+03  1.984968810776941154e+03  1.000254612797937079e+04
87 1741 6.761300e-01 2.290650e+01  2.628159771319154743e+02  1.181667531066025276e+03  1.991529298364914212e+03  1.000264589110251654e+04
88 1761 6.752172e-01 2.290971e+01  2.628159771319154743e+02  1.974574179960353604e+03  1.988061092842371181e+03  1.000252967198638544e+04
89 1781 6.740275e-01 2.291394e+01  2.628159771319154743e+02  1.203149449080887507e+03  1.988340407008369539e+03  1.000252614466743762e+04
90 1801 6.725275e-01 2.293744e+01  2.628159771319154743e+02  1.975787594204996140e+03  1.987629033219850044e+03  1.000254595591291763e+04
91 1821 6.668934e-01 2.293540e+01  2.628159771319154743e+02  1.197481718617227898e+03  1.986491573883405863e+03  1.000262959845833939e+04
92 1841 6.624773e-01 2.293722e+01  2.628159771319154743e+02  1.165875585535546179e+03  1.985109653163085568e+03  1.000257438240011106e+04
93 1861 6.572248e-01 2.293469e+01  2.628159771319154743e+02  1.970766164421716212e+03  1.986393360828168170e+03  1.000266017817846478e+04
94 1881 6.528006e-01 2.296554e+01  2.628159771319154743e+02  1.965715278439690110e+03  1.985934704024062285e+03  1.000282651216731028e+04
95 1901 6.464273e-01 2.297284e+01  2.628159771319154743e+02  1.973223195685396604e+03  1.985526277267620344e+03  1.000262909995207519e+04
96 1921 6.421445e-01 2.296445e+01  2.628159771319154743e+02  4.461057326434984134e+02  1.988179412049879829e+03  1.998375498507332622e+03
97 1941 6.387315e-01 2.297068e+01  2.628159771319154743e+02  1.153453100612543039e+03  1.988895103816086930e+03  1.000277450702838360e+04
98 1961 6.359759e-01 2.297094e+01  2.628159771319154743e+02  1.195371965979768675e+03  1.994036238352824967e+03  1.000251279472070564e+04
99 1981 6.333535e-01 2.297098e+01  2.628159771319154743e+02  1.967413271263201295e+03  1.991791424754582295e+03  1.000272724614473555e+04
100 2001 6.321854e-01 2.298069e+01  2.628159771319154743e+02  1.223449116336867291e+03  1.000251931606382095e+04  1.000281097872248210e+04
101 2021 6.310414e-01 2.298207e+01  2.628159771319154743e+02  1.236299305078803400e+03  1.987611275671453313e+03  1.000298111459104621e+04
102 2041 6.292365e-01 2.298442e+01  2.628159771319154743e+02  4.565418937061411384e+02  1.989370731946397655e+03  1.000271372777146462e+04
103 2061 6.267558e-01 2.298057e+01  2.628159771319154743e+02  1.205287136279776405e+03  1.987769608761783729e+03  1.000354323154992926e+04
104 2081 6.245447e-01 2.298591e+01  2.628159771319154743e+02  1.966745397968799580e+03  1.982608592230076283e+03  1.000284235945837645e+04
105 2101 6.182815e-01 2.298509e+01  2.628159771319154743e+02  1.963967641117915264e+03  1.984660727690802332e+03  2.000333171058656717e+03
106 2121 6.115704e-01 2.299681e+01  2.628159771319154743e+02  1.966064109801573295e+03  1.985084996356829151e+03  1.000256169385078465e+04
107 2141 6.038009e-01 2.299754e+01  2.628159771319154743e+02  1.958986184578793200e+03  1.981405243085112033e+03  1.000263907700022719e+04
108 2161 6.007089e-01 2.298703e+01  2.628159771319154743e+02  1.941276851942268422e+03  1.981630534371419799e+03  1.000250873726722784e+04
109 2181 5.973240e-01 2.300014e+01  2.628159771319154743e+02  1.938043956006613826e+03  1.983671364372910830e+03  2.001370733871603761e+03
110 2201 5.919035e-01 2.300281e+01  2.628159771319154743e+02  1.232267890739332188e+03  1.981369730649841358e+03  1.000263678554253238e+04
111 2221 5.858196e-01 2.301622e+01  2.628159771319154743e+02  1.958221475079551965e+03  1.981983821500967224e+03  1.000251197771393709e+04
112 2241 5.807388e-01 2.302275e+01  2.628159771319154743e+02  4.841080022257708606e+02  1.985878325972959829e+03  1.000259164522467108e+04
113 2261 5.782794e-01 2.303362e+01  2.628159771319154743e+02  1.211372084535860495e+03  1.985715582102137432e+03  1.000258540271918355e+04
114 2281 5.758772e-01 2.305502e+01  2.628159771319154743e+02  1.197487581202057981e+03  1.992049129973819618e+03  1.000259133939639651e+04
115 2301 5.707337e-01 2.306387e+01  2.628159771319154743e+02  1.946213584826460874e+03  1.984635059529089631e+03  1.000265681465496709e+04
116 2321 5.671608e-01 2.307274e+01  2.628159771319154743e+02  1.941973120025952767e+03  1.988973928734550555e+03  1.000266778956249800e+04
117 2341 5.645265e-01 2.308392e+01  2.628159771319154743e+02  1.963208740131030481e+03  1.982159904560525320e+03  1.000258494734479791e+04
118 2361 5.659316e-01 2.309279e+01  2.628159771319154743e+02  1.951564175319492733e+03  1.984783033031616469e+03  1.000261362792824184e+04
119 2381 5.658217e-01 2.309597e+01  2.628159771319154743e+02  1.198205990443962037e+03  1.986061763623848492e+03  1.000257231819850676e+04
120 2401 5.670872e-01 2.310857e+01  2.628159771319154743e+02  1.085800959346072887e+03  1.992552985406279277e+03  1.000257931232542069e+04
121 2421 5.694746e-01 2.310712e+01  2.628159771319154743e+02  1.945754369914503968e+03  1.985026162793372805e+03  1.000263831443202980e+04
122 2441 5.703440e-01 2.311990e+01  2.628159771319154743e+02  2.901986454589144842e+02  1.987622327834327280e+03  1.000260331670719643e+04
123 2461 5.698881e-01 2.312548e+01  2.628159771319154743e+02  1.961533250211043196e+03  1.991481735016175662e+03  1.000276226839241281e+04
124 2481 5.684118e-01 2.312130e+01  2.628159771319154743e+02  1.959628133585798878e+03  1.995162244759339956e+03  1.000269624114884755e+04
125 2501 5.683954e-01 2.313332e+01  2.628159771319154743e+02  1.965358360839521083e+03  1.991838815216872717e+03  1.000256519813186969e+04
126 2521 5.657761e-01 2.315572e+01  2.628159771319154743e+02  1.969320309910606966e+03  1.990566068565492287e+03  1.000263464176629714e+04
127 2541 5.606596e-01 2.315912e+01  2.628159771319154743e+02  1.950607797288457505e+03  1.988131933257831406e+03  1.000257126101129325e+04
128 2561 5.570299e-01 2.317062e+01  2.628159771319154743e+02  1.220519296327204074e+03  1.985387328404768823e+03  1.000260510166750828e+04
129 2581 5.549923e-01 2.317351e+01  2.628159771319154743e+02  1.962009831344664917e+03  1.992443031946758538e+03  1.000266386683316705e+04
130 2601 5.521728e-01 2.317798e+01  2.628159771319154743e+02  1.090607162951577948e+03  1.982847395991727353e+03  1.000276328728211229e+04
131 2621 5.459641e-01 2.317742e+01  2.628159771319154743e+02  1.201298344938165656e+03  1.985955400249502418e+03  1.000254666519096827e+04
132 2641 5.418457e-01 2.317801e+01  2.628159771319154743e+02  4.467399322393012540e+02  1.982802530421513666e+03  1.000275471035438750e+04
133 2661 5.371563e-01 2.318531e+01  2.628159771319154743e+02  4.930924990726770716e+02  1.986519324021078546e+03  1.000264985546196294e+04
134 2681 5.363615e-01 2.318538e+01  2.628159771319154743e+02  1.949841903189788127e+03  1.982903032219302759e+03  1.000289792714045507e+04
135 2701 5.341769e-01 2.318104e+01  2.628159771319154743e+02  1.178030295847237085e+03  1.984068445389979388e+03  1.000259721953438566e+04
136 2721 5.340861e-01 2.318122e+01  2.628159771319154743e+02  1.958456055807028861e+03  1.985248716140906254e+03  1.000250995813999725e+04
137 2741 5.341454e-01 2.317648e+01  2.628159771319154743e+02  1.242909776399615566e+03  1.987789643197914756e+03  1.000280188286107659e+04
138 2761 5.332806e-01 2.317842e+01  2.628159771319154743e+02  1.951324543865598116e+03  1.983545583911296944e+03  1.000257135242211370e+04
139 2781 5.335736e-01 2.318150e+01  2.628159771319154743e+02  5.160561331775882081e+02  1.982670659423411280e+03  1.000255684826645302e+04
140 2801 5.361690e-01 2.318888e+01  2.628159771319154743e+02  1.953592624744949717e+03  1.981185464218190646e+03  1.000251275866167634e+04
141 2821 5.381616e-01 2.319075e+01  2.628159771319154743e+02  5.108082924047753863e+02  1.982747825010246970e+03  1.000258863303796898e+04
142 2841 5.379763e-01 2.319921e+01  2.628159771319154743e+02  1.959851383680367235e+03  1.984196101845852354e+03  1.000275448938700538e+04
143 2861 5.380159e-01 2.319436e+01  2.628159771319154743e+02  3.819680669654378562e+02  1.986389644000342969e+03  1.000253163931283962e+04
144 2881 5.397935e-01 2.321465e+01  2.628159771319154743e+02  3.849784856527826378e+02  1.981624716175955200e+03  1.000255965385488707e+04
145 2901 5.436944e-01 2.322776e+01  2.628159771319154743e+02  4.197845319984319872e+02  1.985367600933815993e+03  1.000257865113889420e+04
146 2921 5.468819e-01 2.322945e+01  2.628159771319154743e+02  3.594999875230575981e+02  1.985197980685235052e+03  1.000260730530822184e+04
147 2941 5.493877e-01 2.323724e+01  2.628159771319154743e+02  4.552656908522268395e+02  1.989584459807316534e+03  1.000268887307263685e+04
148 2961 5.505341e-01 2.323723e+01  2.628159771319154743e+02  1.943266725697264292e+03  1.989133122237064526e+03  1.000284622364881761e+04
149 2981 5.471252e-01 2.324080e+01  2.628159771319154743e+02  2.984436463480875545e+02  1.980345676508472934e+03  1.000270052196700999e+04
150 3001 5.426528e-01 2.324506e+01  2.628159771319154743e+02  4.026191503011891655e+02  1.983277600727828940e+03  1.000263590784410007e+04
151 3021 5.372573e-01 2.324527e+01  2.628159771319154743e+02  4.262165584130890466e+02  1.985399318633046278e+03  1.000257860956699005e+04
152 3041 5.330897e-01 2.325576e+01  2.628159771319154743e+02  4.336409004701662866e+02  5.995115497887074525e+03  1.000264650035158411e+04
153 3061 5.292464e-01 2.326544e+01  2.628159771319154743e+02  4.434799333237473320e+02  1.984273878123239228e+03  1.000277342646482248e+04
154 3081 5.229211e-01 2.326351e+01  2.628159771319154743e+02  1.939784678860075246e+03  1.986282632136202210e+03  1.000255419929263553e+04
155 3101 5.158278e-01 2.326024e+01  2.628159771319154743e+02  1.218380806126218658e+03  1.983396062359574898e+03  1.000259506558869907e+04
156 3121 5.141869e-01 2.326835e+01  2.628159771319154743e+02  1.216180644503078838e+03  1.981958876272396083e+03  1.000257226912171973e+04
157 3141 5.120902e-01 2.327175e+01  2.628159771319154743e+02  3.910634955090312701e+02  1.986142628159798278e+03  1.000263987690868817e+04
158 3161 5.092185e-01 2.328327e+01  2.628159771319154743e+02  4.507322502164510070e+02  1.998577368216644572e+03  1.000258571160967404e+04
159 3181 5.053934e-01 2.329615e+01  2.628159771319154743e+02  4.198438780268575101e+02  1.985031269454572794e+03  1.000259531665160830e+04
160 3201 5.013264e-01 2.330552e+01  2.628159771319154743e+02  1.201346468917719903e+03  1.985850690759905319e+03  1.000267729519054592e+04
161 3221 4.975109e-01 2.329381e+01  2.628159771319154743e+02  1.203437268309035744e+03  1.986198149458922671e+03  1.000261247401584478e+04
162 3241 4.949091e-01 2.329049e+01  2.628159771319154743e+02  4.394873415825674101e+02  1.985760765861090022e+03  1.000261986058639741e+04
163 3261 4.923482e-01 2.328597e+01  2.628159771319154743e+02  4.091109413742412926e+02  1.982571858821132992e+03  1.000250541830159818e+04
164 3281 4.924663e-01 2.328831e+01  2.628159771319154743e+02  1.944517784676820384e+03  1.981095603051835496e+03  1.000254374499398000e+04
165 3301 4.918125e-01 2.328091e+01  2.628159771319154743e+02  1.965378887985516258e+03  1.985683601411145446e+03  1.000316156638953362e+04
166 3321 4.923170e-01 2.328245e+01  2.628159771319154743e+02  3.051091100278615613e+02  1.982333923994468933e+03  1.000278549599017060e+04
167 3341 4.914884e-01 2.327081e+01  2.628159771319154743e+02  1.978102314112651129e+03  1.986356134918727548e+03  1.000269595821169605e+04
168 3361 4.921001e-01 2.326840e+01  2.628159771319154743e+02  1.950800122663778438e+03  1.981034235052775784e+03  1.000259294522307573e+04
169 3381 4.926850e-01 2.326641e+01  2.628159771319154743e+02  3.176339250034758948e+02  1.981083963874454184e+03  1.000251055860335146e+04
170 3401 4.926012e-01 2.326236e+01  2.628159771319154743e+02  1.956217038614144258e+03  1.984906742067227242e+03  1.000266429137222076e+04
171 3421 4.900279e-01 2.326946e+01  2.628159771319154743e+02  1.187015216941593053e+03  1.984927951224453409e+03  1.000267061687530622e+04
172 3441 4.883044e-01 2.328924e+01  2.628159771319154743e+02  3.886026374770634675e+02  1.986195690512594410e+03  1.000253916889723587e+04
173 3461 4.889881e-01 2.328896e+01  2.628159771319154743e+02  1.943032505346604466e+03  1.989566580875859245e+03  1.000272006368537950e+04
174 3481 4.888202e-01 2.328844e+01  2.628159771319154743e+02  1.957409570652886941e+03  1.986724574204350347e+03  1.000317350390616593e+04
175 3501 4.896407e-01 2.329207e+01  2.628159771319154743e+02  1.203989843806662066e+03  1.984988084732247444e+03  1.000253177226102525e+04
176 3521 4.900022e-01 2.329105e+01  2.628159771319154743e+02  4.802634585042364392e+02  1.985564775543692122e+03  1.000259562608185297e+04
177 3541 4.885527e-01 2.328943e+01  2.580604610643025012e+02  2.580604610643025012e+02  1.983901732743038338e+03  1.000259388191848120e+04
178 3561 4.885775e-01 2.329240e+01  2.580604610643025012e+02  1.948262296066828867e+03  1.981119575810811966e+03  1.000261658872056250e+04
179 3581 4.872843e-01 2.328847e+01  2.580604610643025012e+02  4.337904626287810288e+02  1.983336191083211361e+03  1.000510448289737542e+04
180 3601 4.894772e-01 2.329136e+01  2.580604610643025012e+02  4.058303401247609941e+02  1.999377238840396330e+03  1.000259330397165832e+04
181 3621 4.907759e-01 2.330439e+01  2.580604610643025012e+02  3.283423911662563341e+02  1.985620232842950827e+03  1.000254933796113983e+04
182 3641 4.933330e-01 2.330748e+01  2.580604610643025012e+02  3.893402658851281899e+02  1.985863872177288840e+03  1.000265943448229700e+04
183 3661 4.978172e-01 2.330818e+01  2.580604610643025012e+02  1.965771494229282553e+03  1.995880457645009756e+03  1.000261464395784606e+04
184 3681 5.032293e-01 2.331879e+01  2.580604610643025012e+02  1.967820000227139417e+03  1.998779462640402016e+03  1.000262650697205208e+04
185 3701 5.075830e-01 2.331991e+01  2.580604610643025012e+02  3.585557211949360408e+02  1.982274407132685155e+03  1.000265856133209672e+04
186 3721 5.109548e-01 2.333255e+01  2.580604610643025012e+02  3.587279454372787768e+02  1.986140458558140153e+03  1.000275341653497162e+04
187 3741 5.136759e-01 2.334618e+01  2.580604610643025012e+02  1.161612764371840512e+03  1.984028584200496880e+03  1.000265191545964262e+04
188 3761 5.124097e-01 2.336005e+01  2.580604610643025012e+02  4.554403507263760389e+02  1.984760975529485677e+03  1.000505912191345305e+04
189 3781 5.127551e-01 2.336021e+01  2.580604610643025012e+02  1.166338058685338410e+03  1.983759235207884558e+03  1.000256688105246030e+04
190 3801 5.127430e-01 2.336554e+01  2.580604610643025012e+02  2.974060668519872479e+02  1.986656070515647116e+03  1.000323523584865143e+04
191 3821 5.132439e-01 2.336809e+01  2.580604610643025012e+02  3.858931007180588040e+02  1.988208174054273741e+03  1.000270745606406490e+04
192 3841 5.158425e-01 2.337379e+01  2.580604610643025012e+02  3.981140191328886431e+02  1.985780811863965937e+03  1.000259709016067063e+04
193 3861 5.198647e-01 2.337731e+01  2.580604610643025012e+02  1.940938556980932390e+03  1.991413707530949523e+03  1.000266097509601241e+04
194 3881 5.244021e-01 2.338518e+01  2.580604610643025012e+02  4.043225919796949483e+02  1.984939611195798534e+03  1.000273067468641784e+04
195 3901 5.276554e-01 2.339107e+01  2.580604610643025012e+02  2.700234416352568019e+02  1.986090457720624272e+03  1.000253320201874521e+04
196 3921 5.299673e-01 2.339373e+01  2.580604610643025012e+02  1.948887953636100974e+03  1.985437930831395079e+03  1.000265297866047331e+04
197 3941 5.317071e-01 2.340536e+01  2.580604610643025012e+02  3.749040488956916306e+02  1.983407444980761511e+03  1.000256946912662897e+04
198 3961 5.314051e-01 2.339820e+01  2.580604610643025012e+02  3.956879636599164201e+02  1.985044277245310013e+03  1.000251080026509590e+04
199 3981 5.336554e-01 2.339897e+01  2.580604610643025012e+02  1.941024228811914782e+03  1.983744689326413663e+03  2.000260185998648694e+03
200 4001 5.365243e-01 2.339601e+01  2.580604610643025012e+02  2.821325855368455109e+02  1.991718870958319258e+03  2.000821221526345425e+03
201 4021 5.399802e-01 2.339230e+01  2.580604610643025012e+02  4.385606318189301192e+02  1.996243968067860123e+03  1.000275130473062018e+04
202 4041 5.421739e-01 2.339790e+01  2.580604610643025012e+02  3.681297367199450719e+02  1.983460569982185007e+03  1.000256474698396414e+04
203 4061 5.461290e-01 2.338749e+01  2.580604610643025012e+02  3.701316507132904690e+02  1.984389393500379811e+03  1.000253024055759124e+04
204 4081 5.511597e-01 2.340567e+01  2.580604610643025012e+02  3.532390389500381502e+02  1.997884886427781339e+03  1.000253573147169118e+04
205 4101 5.561616e-01 2.341532e+01  2.580604610643025012e+02  1.148240204883533352e+03  1.982710066752772036e+03  1.000261313048341435e+04
206 4121 5.586182e-01 2.340719e+01  2.580604610643025012e+02  2.889536201010843683e+02  1.986950802200199405e+03  1.000252618822548538e+04
207 4141 5.598104e-01 2.340888e+01  2.580604610643025012e+02  1.105050838353892232e+03  1.980767801145392923e+03  1.000258516893400156e+04
208 4161 5.612684e-01 2.340325e+01  2.580604610643025012e+02  1.972415676692843590e+03  1.989393678116357023e+03  2.000612219733623533e+03
209 4181 5.634464e-01 2.341375e+01  2.580604610643025012e+02  1.133750363367873661e+03  1.988052290062975999e+03  1.000255014707865666e+04
210 4201 5.628834e-01 2.341949e+01  2.580604610643025012e+02  3.763799351085071407e+02  1.986841795590255515e+03  1.000257525912384517e+04
211 4221 5.635486e-01 2.341834e+01  2.580604610643025012e+02  1.153056298553876331e+03  1.983174856863599189e+03  1.000251535912544023e+04
212 4241 5.654918e-01 2.341634e+01  2.580604610643025012e+02  1.958811478892323294e+03  1.993008601991271917e+03  1.000256561849036189e+04
213 4261 5.622491e-01 2.341151e+01  2.580604610643025012e+02  3.528945085310776903e+02  1.998409486574691755e+03  1.000264553691511173e+04
214 4281 5.576810e-01 2.341354e+01  2.580604610643025012e+02  1.194503668714578907e+03  1.997751801772994895e+03  1.000266393345398683e+04
215 4301 5.531303e-01 2.340676e+01  2.580604610643025012e+02  1.954050581780903940e+03  1.993596028538002884e+03  1.000258342759471816e+04
216 4321 5.499737e-01 2.340057e+01  2.580604610643025012e+02  1.978922840704205555e+03  1.989333819926772776e+03  1.000272809450956993e+04
217 4341 5.461516e-01 2.340376e+01  2.580604610643025012e+02  1.198755076286988697e+03  1.986861770032288860e+03  2.000652741165647512e+03
218 4361 5.432844e-01 2.341789e+01  2.580604610643025012e+02  1.954521476610108948e+03  1.985699625839383316e+03  1.000258130899868593e+04
219 4381 5.395118e-01 2.342590e+01  2.580604610643025012e+02  1.969201326385886432e+03  1.984689922993671871e+03  1.000255794768073065e+04
220 4401 5.354418e-01 2.342796e+01  2.580604610643025012e+02  1.977401629642889247e+03  1.986817958633254420e+03  1.000262054067009740e+04
221 4421 5.331048e-01 2.342989e+01  2.580604610643025012e+02  1.976770210703428575e+03  1.986430499812660400e+03  1.000262920535504963e+04
222 4441 5.303243e-01 2.342818e+01  2.580604610643025012e+02  1.186733487552008228e+03  1.984763905784647932e+03  1.000270265250367993e+04
223 4461 5.268135e-01 2.343100e+01  2.580604610643025012e+02  1.190095939584501139e+03  1.986812807638863887e+03  1.000257183610326138e+04
224 4481 5.245188e-01 2.343072e+01  2.580604610643025012e+02  1.975727233758408147e+03  1.996869473132851681e+03  1.000252637989169125e+04
225 4501 5.256813e-01 2.343881e+01  2.436788792335934772e+02  2.436788792335934772e+02  1.983901908510753856e+03  1.000252049532971614e+04
226 4521 5.232582e-01 2.344949e+01  2.436788792335934772e+02  1.205420369766960448e+03  1.984067658846989616e+03  1.000253815115170801e+04
227 4541 5.219576e-01 2.344956e+01  2.436788792335934772e+02  4.767794443303953926e+02  1.984174508955014971e+03  1.000254724437362711e+04
228 4561 5.194413e-01 2.344779e+01  2.436788792335934772e+02  4.166097572763918606e+02  1.981459257859073659e+03  1.000255431277167736e+04
229 4581 5.172201e-01 2.344257e+01  2.436788792335934772e+02  4.612929325743874642e+02  1.985495249910893790e+03  1.000254459346194926e+04
230 4601 5.123174e-01 2.344869e+01  2.436788792335934772e+02  4.609960099407987286e+02  1.983240260013716579e+03  1.000259253859480850e+04
231 4621 5.065872e-01 2.344664e+01  2.436788792335934772e+02  1.963468290113043395e+03  1.983802453240223713e+03  1.000254036595914295e+04
232 4641 5.031981e-01 2.346877e+01  2.436788792335934772e+02  4.360128147143350930e+02  1.985087276290646059e+03  1.000272464253182443e+04
233 4661 5.013654e-01 2.348527e+01  2.436788792335934772e+02  1.236843023274161624e+03  1.982220384296359498e+03  1.000250204176727857e+04
234 4681 4.993924e-01 2.348246e+01  2.436788792335934772e+02  1.197516959711517757e+03  1.983176668355391257e+03  1.000251198919186572e+04
235 4701 4.964571e-01 2.348323e+01  2.436788792335934772e+02  4.589098475935482497e+02  1.989560296395386104e+03  1.000256320410624176e+04
236 4721 4.948960e-01 2.347965e+01  2.436788792335934772e+02  4.159324200719188411e+02  1.981766120960048966e+03  1.000260280002595573e+04
237 4741 4.924653e-01 2.347667e+01  2.436788792335934772e+02  3.944070515793607683e+02  1.981298818436092461e+03  1.000253065337334738e+04
238 4761 4.906269e-01 2.349213e+01  2.436788792335934772e+02  4.530584123697161090e+02  1.980205967950852937e+03  1.000256093812605832e+04
239 4781 4.884005e-01 2.349038e+01  2.436788792335934772e+02  4.221828008591855905e+02  1.981484891661415304e+03  1.000253719686863406e+04
240 4801 4.843547e-01 2.348711e+01  2.436788792335934772e+02  4.459317145590585483e+02  1.983655779894811985e+03  1.000257129412264112e+04
241 4821 4.797340e-01 2.349576e+01  2.436788792335934772e+02  3.672177741090788459e+02  1.982086238370447973e+03  1.000254938750785186e+04
242 4841 4.737320e-01 2.349602e+01  2.436788792335934772e+02  3.771021709491922138e+02  1.985212335575570023e+03  1.000253181899327137e+04
243 4861 4.694022e-01 2.349648e+01  2.436788792335934772e+02  3.757389679890243883e+02  1.218102919608844331e+03  1.000259196346404860e+04
244 4881 4.654494e-01 2.350263e+01  2.436788792335934772e+02  3.632877208053838558e+02  1.232582910672637354e+03  1.000255572456663867e+04
245 4901 4.638143e-01 2.350310e+01  2.436788792335934772e+02  4.149753328635366643e+02  1.982860830469823213e+03  1.000251762775303359e+04
246 4921 4.617216e-01 2.351639e+01  2.436788792335934772e+02  4.669645923126363414e+02  1.000251710087179163e+04  1.000259260477734460e+04
247 4941 4.581761e-01 2.351726e+01  2.436788792335934772e+02  3.523081904942091569e+02  1.985120696860283715e+03  1.000264152581842427e+04
248 4961 4.559161e-01 2.352617e+01  2.436788792335934772e+02  3.629157773292131992e+02  1.984735934066635082e+03  1.997066209103870051e+03
249 4981 4.549285e-01 2.353522e+01  2.436788792335934772e+02  4.075342428407788020e+02  1.983705990585828658e+03  1.000279085723932803e+04
250 5001 4.521676e-01 2.354511e+01  2.436788792335934772e+02  3.727983247001453719e+02  1.985213936971901603e+03  1.000256140028179652e+04
251 5021 4.498460e-01 2.356032e+01  2.436788792335934772e+02  3.413047531887567629e+02  1.988598396697258522e+03  1.000257449256834298e+04
252 5041 4.472780e-01 2.356955e+01  2.436788792335934772e+02  3.386582266583133105e+02  1.979146491929094282e+03  1.000256228234628725e+04
253 5061 4.434447e-01 2.356578e+01  2.436788792335934772e+02  3.855043853888265062e+02  1.982914261427340080e+03  1.000265301152245956e+04
254 5081 4.401547e-01 2.357450e+01  2.436788792335934772e+02  3.156303454193161997e+02  1.983969532610520218e+03  1.000251993239495641e+04
255 5101 4.388985e-01 2.357812e+01  2.436788792335934772e+02  3.238649531824961514e+02  1.980270633470165649e+03  1.000512921407646900e+04
256 5121 4.337960e-01 2.357113e+01  2.436788792335934772e+02  3.859733929509638983e+02  1.591286794588610974e+03  1.000250914715767249e+04
257 5141 4.295076e-01 2.357292e+01  2.436788792335934772e+02  3.905336732716356778e+02  1.967257320669720684e+03  1.000252802867492028e+04
258 5161 4.255497e-01 2.357177e+01  2.436788792335934772e+02  4.006645321605377603e+02  1.981514260234163203e+03  1.000264749916460642e+04
259 5181 4.231185e-01 2.357251e+01  2.436788792335934772e+02  3.704480044267545509e+02  1.587615609686288963e+03  1.993823572471933403e+03
260 5201 4.222970e-01 2.358093e+01  2.436788792335934772e+02  2.893819138407752121e+02  1.580095901684848741e+03  1.000521201518784437e+04
261 5221 4.209529e-01 2.358307e+01  2.436788792335934772e+02  3.112778217929867424e+02  1.545319245358312401e+03  1.000257051840738495e+04
262 5241 4.192816e-01 2.359430e+01  2.436788792335934772e+02  3.586165290204257872e+02  1.980966419997431331e+03  1.000265982999719199e+04
263 5261 4.179851e-01 2.358906e+01  2.436788792335934772e+02  2.961484956273219495e+02  1.583578865588149483e+03  1.000252297366224229e+04
264 5281 4.150812e-01 2.358730e+01  2.436788792335934772e+02  3.295346604491236917e+02  1.975933610922688104e+03  1.994169094565920659e+03
265 5301 4.120393e-01 2.360890e+01  2.436788792335934772e+02  2.917512799249707314e+02  1.982351666879607137e+03  1.000257984186887734e+04
266 5321 4.103891e-01 2.361486e+01  2.436788792335934772e+02  3.276131914719290990e+02  1.970331905932996960e+03  1.000250992025195410e+04
267 5341 4.082416e-01 2.360124e+01  2.436788792335934772e+02  2.988858882341401113e+02  1.970033263979814365e+03  1.000253048980707172e+04
268 5361 4.067902e-01 2.360883e+01  2.436788792335934772e+02  2.965797518463306801e+02  1.980751817638081775e+03  1.000254373909050810e+04
269 5381 4.065115e-01 2.360212e+01  2.436788792335934772e+02  3.569740997616696632e+02  1.155414582015402857e+03  1.000250616406068002e+04
270 5401 4.058307e-01 2.360625e+01  2.436788792335934772e+02  4.140359259971806978e+02  1.986140626027880899e+03  1.000255600740345653e+04
271 5421 4.045742e-01 2.361803e+01  2.436788792335934772e+02  4.279394833985024889e+02  1.970399013102287427e+03  1.000258169055337748e+04
272 5441 4.039157e-01 2.361919e+01  2.436788792335934772e+02  3.663960540485674642e+02  1.588531154419377344e+03  1.000253047191198675e+04
273 5461 4.037395e-01 2.363528e+01  2.436788792335934772e+02  3.148085865741770704e+02  1.198529094741578319e+03  1.000254557628634211e+04
274 5481 4.036881e-01 2.363543e+01  2.436788792335934772e+02  3.883255346948612896e+02  1.204217203890928431e+03  1.000499761368764121e+04
275 5501 4.032935e-01 2.363648e+01  2.436788792335934772e+02  2.842661899542660535e+02  1.597071585083263471e+03  1.000256254140457349e+04
276 5521 4.039267e-01 2.364525e+01  2.436788792335934772e+02  4.239183658370812964e+02  1.174827433016526129e+03  1.000250214507208148e+04
277 5541 4.032441e-01 2.364494e+01  2.436788792335934772e+02  2.732269161588280326e+02  1.970714146034216128e+03  2.000163384983084370e+03
278 5561 4.028870e-01 2.364728e+01  2.436788792335934772e+02  3.171218525155978227e+02  1.982561052115660004e+03  1.000258012610247533e+04
279 5581 4.036091e-01 2.364830e+01  2.436788792335934772e+02  3.267199100921796457e+02  1.971838984330816174e+03  1.000512586598024791e+04
280 5601 4.040492e-01 2.365140e+01  2.436788792335934772e+02  3.262610178041202289e+02  1.967735376867452942e+03  1.992222650805141029e+03
281 5621 4.034346e-01 2.365456e+01  2.436788792335934772e+02  3.355469920260195522e+02  1.197347685570066460e+03  1.000251116721675135e+04
282 5641 4.031329e-01 2.366626e+01  2.436788792335934772e+02  3.104950102217316044e+02  1.157529618784581544e+03  1.000256310006725289e+04
283 5661 4.009006e-01 2.367825e+01  2.436788792335934772e+02  3.078354003878723688e+02  1.981203991272765961e+03  1.000254004916638041e+04
284 5681 3.981163e-01 2.368013e+01  2.436788792335934772e+02  4.004618875892892902e+02  1.971637173051627997e+03  1.999413519905700241e+03
285 5701 3.952972e-01 2.367750e+01  2.436788792335934772e+02  3.806600822606462771e+02  1.583015329553978290e+03  1.000252864539998700e+04
286 5721 3.926507e-01 2.367248e+01  2.436788792335934772e+02  3.271101396540443602e+02  1.593230469543698291e+03  1.000250357967499076e+04
287 5741 3.895724e-01 2.366897e+01  2.436788792335934772e+02  3.863437317350428657e+02  8.372421773651764170e+02  1.000257827507139882e+04
288 5761 3.867225e-01 2.369287e+01  2.436788792335934772e+02  3.179318419806230622e+02  1.169730504115940448e+03  1.000262468700593672e+04
289 5781 3.846622e-01 2.368452e+01  2.436788792335934772e+02  3.082372984911935418e+02  8.042701334882190167e+02  1.993261031003456083e+03
290 5801 3.823535e-01 2.368243e+01  2.436788792335934772e+02  3.594035688743531978e+02  1.209928431256294516e+03  1.000255795182616021e+04
291 5821 3.799318e-01 2.368015e+01  2.436788792335934772e+02  3.016381010942237708e+02  8.409125764960348306e+02  1.000251850606264270e+04
292 5841 3.779635e-01 2.367462e+01  2.436788792335934772e+02  3.509601345017935046e+02  1.970032223283382336e+03  1.000262152910172153e+04
293 5861 3.770845e-01 2.368339e+01  2.436788792335934772e+02  3.713311925434381919e+02  1.192113935459587083e+03  1.000257237380650440e+04
294 5881 3.742542e-01 2.369092e+01  2.436788792335934772e+02  2.796877499964523395e+02  1.226193049863587930e+03  1.000253667545373355e+04
295 5901 3.736487e-01 2.369420e+01  2.436788792335934772e+02  3.229947320316454693e+02  1.136071975209121774e+03  1.999922322916788289e+03
296 5921 3.748362e-01 2.368833e+01  2.436788792335934772e+02  4.359661518829647093e+02  1.191625034101160509e+03  1.000252185710079721e+04
297 5941 3.757375e-01 2.368589e+01  2.436788792335934772e+02  3.253328101898904947e+02  1.212354465878975589e+03  1.985911118598988423e+03
298 5961 3.761522e-01 2.368968e+01  2.436788792335934772e+02  3.363246902759492514e+02  8.802236468306999768e+02  1.990455909612128835e+03
299 5981 3.749475e-01 2.369180e+01  2.436788792335934772e+02  4.139948232878209637e+02  1.976833965273805234e+03  1.000257944396746825e+04
300 6001 3.755325e-01 2.369849e+01  2.436788792335934772e+02  3.728195595429072000e+02  5.126368840010052281e+02  1.000250350067555519e+04
301 6021 3.770324e-01 2.370094e+01  2.436788792335934772e+02  3.534152005781941170e+02  5.149344156337223239e+02  1.000252088971304693e+04
302 6041 3.784517e-01 2.370289e+01  2.436788792335934772e+02  3.638556797711197532e+02  4.790105115137577059e+02  1.000257569116496416e+04
303 6061 3.816589e-01 2.371853e+01  2.436788792335934772e+02  3.145406713158149046e+02  1.128302009996122706e+03  1.000252308433384860e+04
304 6081 3.827588e-01 2.371948e+01  2.436788792335934772e+02  2.963933480069490543e+02  1.966088611424625014e+03  1.000253871583093860e+04
305 6101 3.833489e-01 2.372141e+01  2.436788792335934772e+02  3.208299283301471405e+02  1.190214396371300836e+03  2.000738909931737908e+03
306 6121 3.843512e-01 2.372215e+01  2.436788792335934772e+02  2.908163748182656150e+02  1.975122679897251146e+03  1.000253400032859645e+04
307 6141 3.852995e-01 2.373086e+01  2.436788792335934772e+02  3.070241532270598555e+02  1.964933982122531461e+03  1.000250632819462044e+04
308 6161 3.851401e-01 2.373249e+01  2.436788792335934772e+02  2.841336098638237218e+02  1.160323583920632700e+03  1.000250335775873464e+04
309 6181 3.829776e-01 2.374011e+01  2.436788792335934772e+02  3.490641103046748981e+02  4.654979490674140834e+02  1.000518214267644180e+04
310 6201 3.814812e-01 2.374073e+01  2.436788792335934772e+02  3.249598421427348285e+02  4.318545215235988053e+02  1.000252384601441190e+04
311 6221 3.811809e-01 2.374773e+01  2.436788792335934772e+02  3.027996456681557902e+02  1.975183559685240652e+03  1.000250862096602941e+04
312 6241 3.806702e-01 2.376084e+01  2.436788792335934772e+02  3.672328819211566042e+02  1.984316239177677971e+03  1.000255943716741058e+04
313 6261 3.810473e-01 2.376405e+01  2.436788792335934772e+02  2.945710868563710392e+02  8.506726955899982840e+02  1.000261932821962000e+04
314 6281 3.814997e-01 2.379026e+01  2.436788792335934772e+02  3.469637541713593691e+02  8.038647317627562643e+02  1.000254828938624996e+04
315 6301 3.843120e-01 2.379350e+01  2.436788792335934772e+02  3.231111671021494658e+02  8.008934533185458804e+02  1.000255014849523832e+04
316 6321 3.889455e-01 2.379727e+01  2.436788792335934772e+02  3.286041521417195099e+02  1.571494252282447178e+03  1.000256952945074590e+04
317 6341 3.931882e-01 2.380082e+01  2.436788792335934772e+02  3.037644529864405172e+02  4.632189214614356843e+02  1.986104820876061922e+03
318 6361 3.967758e-01 2.380096e+01  2.436788792335934772e+02  3.083385489775297401e+02  1.208787031294858707e+03  1.000252083042803315e+04
319 6381 4.006502e-01 2.381081e+01  2.436788792335934772e+02  2.945804306475604335e+02  1.560193098960532552e+03  1.996953835655685452e+03
320 6401 4.022647e-01 2.381208e+01  2.436788792335934772e+02  3.157482848681955829e+02  1.976345622022045973e+03  1.000250905905784930e+04
321 6421 4.021469e-01 2.381834e+01  2.436788792335934772e+02  2.826930058425760990e+02  1.574976067423595396e+03  1.000252800771574221e+04
322 6441 4.007975e-01 2.382678e+01  2.436788792335934772e+02  3.131172082312340308e+02  1.165235447591068578e+03  1.987949154801020313e+03
323 6461 4.010744e-01 2.382781e+01  2.436788792335934772e+02  3.047189865182770063e+02  1.975853891205392301e+03  1.000251213200800885e+04
324 6481 4.016796e-01 2.383035e+01  2.436788792335934772e+02  3.219280256135966169e+02  1.968575222307308650e+03  1.000253983636920202e+04
325 6501 4.027531e-01 2.383695e+01  2.436788792335934772e+02  3.512795819256896266e+02  1.977985377772837410e+03  1.996613905071352519e+03
326 6521 4.020770e-01 2.384734e+01  2.436788792335934772e+02  3.759251951011470965e+02  1.969880496766693796e+03  1.000250610215902816e+04
327 6541 4.023221e-01 2.385135e+01  2.436788792335934772e+02  3.544695059333170661e+02  1.571331098230178441e+03  1.000251207284694283e+04
328 6561 4.003903e-01 2.385329e+01  2.436788792335934772e+02  3.329405538517808054e+02  4.812772615965009209e+02  1.000252942084263850e+04
329 6581 3.977414e-01 2.385282e+01  2.436788792335934772e+02  2.828073721886829617e+02  1.978274857229401732e+03  1.000255614963197513e+04
330 6601 3.947210e-01 2.385816e+01  2.436788792335934772e+02  2.991176535745057663e+02  1.993367339403896040e+03  1.000261105300154668e+04
331 6621 3.930096e-01 2.387690e+01  2.436788792335934772e+02  3.690189491931263319e+02  1.982749153640793793e+03  1.000257278630144901e+04
332 6641 3.931002e-01 2.390394e+01  2.436788792335934772e+02  3.388408193131209600e+02  1.978363417014867082e+03  1.000253533057525601e+04
333 6661 3.931946e-01 2.390965e+01  2.436788792335934772e+02  3.561812945514105877e+02  1.972885455385208388e+03  1.000255533671616104e+04
334 6681 3.923380e-01 2.391297e+01  2.436788792335934772e+02  3.491994850883312438e+02  1.971485052576590533e+03  1.000251372875928428e+04
335 6701 3.915587e-01 2.393754e+01  2.436788792335934772e+02  4.291159151791146087e+02  1.978632191069657438e+03  1.000255641151987948e+04
336 6721 3.897738e-01 2.392974e+01  2.436788792335934772e+02  3.374300571658640138e+02  1.573147281866745743e+03  1.000253037087472876e+04
337 6741 3.881607e-01 2.393473e+01  2.436788792335934772e+02  3.854649141487541897e+02  1.206372387674570518e+03  1.000252882963643606e+04
338 6761 3.862080e-01 2.394375e+01  2.436788792335934772e+02  3.686766155738419002e+02  1.984785586884481290e+03  1.000262023377211153e+04
339 6781 3.837637e-01 2.394776e+01  2.436788792335934772e+02  3.469984122931796833e+02  1.172383901555816010e+03  1.000252908625132659e+04
340 6801 3.807002e-01 2.395471e+01  2.436788792335934772e+02  3.761465769690893239e+02  1.972212447234414867e+03  1.000256066826531242e+04
341 6821 3.777461e-01 2.395917e+01  2.436788792335934772e+02  3.067875754244705604e+02  1.149134899139154186e+03  1.000257026011337075e+04
342 6841 3.747246e-01 2.397071e+01  2.436788792335934772e+02  3.780134831954492824e+02  4.782777342223224082e+02  1.000259928224835858e+04
343 6861 3.725784e-01 2.397301e+01  2.436788792335934772e+02  3.272038137256276400e+02  8.067797695351237053e+02  1.000255601325410862e+04
344 6881 3.720249e-01 2.398019e+01  2.436788792335934772e+02  3.164893259969257997e+02  4.653013065729541040e+02  1.989041724451974233e+03
345 6901 3.724446e-01 2.397129e+01  2.436788792335934772e+02  3.233616214480280178e+02  1.972025856520880097e+03  1.000255914889553605e+04
346 6921 3.713053e-01 2.397226e+01  2.436788792335934772e+02  2.756428878205084629e+02  8.294865418225240319e+02  1.000250885748954533e+04
347 6941 3.686116e-01 2.399350e+01  2.436788792335934772e+02  3.034792941194757532e+02  4.692634054795778411e+02  1.000254563812128072e+04
348 6961 3.663345e-01 2.399137e+01  2.436788792335934772e+02  3.135399399867293937e+02  1.195385938072743102e+03  1.989561437602131946e+03
349 6981 3.637993e-01 2.399435e+01  2.436788792335934772e+02  3.035804000124531967e+02  4.356303216402586713e+02  1.000253703675415818e+04
350 7001 3.615779e-01 2.400373e+01  2.436788792335934772e+02  3.003729153820952433e+02  1.159024536645098124e+03  1.000254741104491768e+04
351 7021 3.599551e-01 2.400874e+01  2.436788792335934772e+02  3.241590496165994750e+02  1.965871848146514367e+03  1.000252181161886438e+04
352 7041 3.582767e-01 2.401180e+01  2.436788792335934772e+02  3.170036414257270394e+02  1.968682327213427470e+03  1.000250568149069113e+04
353 7061 3.562771e-01 2.402860e+01  2.436788792335934772e+02  3.105840920687014659e+02  4.178063921193880788e+02  1.000252957421101928e+04
354 7081 3.541527e-01 2.402274e+01  2.436788792335934772e+02  2.768599055045126534e+02  1.972773346626908278e+03  1.000258396295942839e+04
355 7101 3.530251e-01 2.403689e+01  2.436788792335934772e+02  3.143225118937369871e+02  1.975768565531631339e+03  1.000257772987781027e+04
356 7121 3.510971e-01 2.404064e+01  2.436788792335934772e+02  2.991036853817396945e+02  1.969823808143651149e+03  1.000254055679796147e+04
357 7141 3.510041e-01 2.404863e+01  2.436788792335934772e+02  3.256207542713291900e+02  1.972606521073063504e+03  1.000253201216783600e+04
358 7161 3.501439e-01 2.405883e+01  2.436788792335934772e+02  3.088951908274378866e+02  1.158762569162564432e+03  1.985415109917867994e+03
359 7181 3.505670e-01 2.406571e+01  2.436788792335934772e+02  3.255532850504291673e+02  1.147936395964261010e+03  1.000251703433485454e+04
360 7201 3.515026e-01 2.406784e+01  2.436788792335934772e+02  3.303194106075760601e+02  4.537130887882813681e+02  1.000505724295343134e+04
361 7221 3.519622e-01 2.408009e+01  2.436788792335934772e+02  3.454643006937359360e+02  1.176306354128430030e+03  1.988667022837636296e+03
362 7241 3.520404e-01 2.406745e+01  2.436788792335934772e+02  3.439604382389832722e+02  4.878923592021440072e+02  1.986154774340533095e+03
363 7261 3.527829e-01 2.409266e+01  2.436788792335934772e+02  3.241525764275984329e+02  4.878677196968030785e+02  1.000510609346731508e+04
364 7281 3.538295e-01 2.408657e+01  2.436788792335934772e+02  2.992569228932267720e+02  4.295433755711842991e+02  1.000250432909215306e+04
365 7301 3.563539e-01 2.408311e+01  2.436788792335934772e+02  3.027964284819429395e+02  4.629540155116737878e+02  1.985636301019500479e+03
366 7321 3.580435e-01 2.410290e+01  2.436788792335934772e+02  3.300208511122323216e+02  1.969184894906393083e+03  1.987094270735101645e+03
367 7341 3.603177e-01 2.409988e+01  2.436788792335934772e+02  2.943764359852362986e+02  1.557750029932159123e+03  1.986424529306819295e+03
368 7361 3.619166e-01 2.410181e+01  2.436788792335934772e+02  3.228456451844576804e+02  4.300985762302163948e+02  1.988288743726101075e+03
369 7381 3.632885e-01 2.411106e+01  2.436788792335934772e+02  3.209288720707693301e+02  1.951487633317885866e+03  1.983162682654525270e+03
370 7401 3.642111e-01 2.412328e+01  2.436788792335934772e+02  2.997592935864938681e+02  4.028867302320278441e+02  1.985510433110610848e+03
371 7421 3.641251e-01 2.412047e+01  2.436788792335934772e+02  3.005414850867120435e+02  1.971441264741809391e+03  1.986779494152272491e+03
372 7441 3.629807e-01 2.412857e+01  2.436788792335934772e+02  3.158742252959060011e+02  1.554165294831503161e+03  1.999256956307036262e+03
373 7461 3.610683e-01 2.413424e+01  2.436788792335934772e+02  2.987826324852831021e+02  1.548478167760629276e+03  1.000250311219083778e+04
374 7481 3.574895e-01 2.414219e+01  2.436788792335934772e+02  3.153796417483654864e+02  1.961502944638578356e+03  1.985940229931567274e+03
375 7501 3.549438e-01 2.414314e+01  2.436788792335934772e+02  2.983955132063875908e+02  4.585278705953180634e+02  1.000250365600901569e+04
376 7521 3.525248e-01 2.413493e+01  2.436788792335934772e+02  3.064738757153646702e+02  8.067902354374208471e+02  1.000252603640571579e+04
377 7541 3.504467e-01 2.413783e+01  2.436788792335934772e+02  3.044222227483374468e+02  1.961347757835761058e+03  1.000260875983797450e+04
378 7561 3.470097e-01 2.413603e+01  2.436788792335934772e+02  2.730747032922763537e+02  4.385155774772063637e+02  1.000260355102907852e+04
379 7581 3.429848e-01 2.413128e+01  2.436788792335934772e+02  2.964251645529756729e+02  7.860488983787927282e+02  1.000252833275916782e+04
380 7601 3.400682e-01 2.413731e+01  2.436788792335934772e+02  2.912527631277137630e+02  8.084931866381416512e+02  1.000254807189548228e+04
381 7621 3.372626e-01 2.414001e+01  2.436788792335934772e+02  3.382656814511956327e+02  1.197676097720880080e+03  1.000264332699723309e+04
382 7641 3.329630e-01 2.414327e+01  2.436788792335934772e+02  3.067089344950672967e+02  4.554798075897979857e+02  1.000256166796577054e+04
383 7661 3.301073e-01 2.412600e+01  2.436788792335934772e+02  3.430897832730237837e+02  1.956522175856282956e+03  1.991775239382835707e+03
384 7681 3.261696e-01 2.412149e+01  2.436788792335934772e+02  3.156160994947692870e+02  4.652822664128760835e+02  1.999158565597112101e+03
385 7701 3.226549e-01 2.413751e+01  2.436788792335934772e+02  3.286690667135019339e+02  1.564884719798454626e+03  1.984866588062812752e+03
386 7721 3.215099e-01 2.413587e+01  2.436788792335934772e+02  3.025291785059902168e+02  1.185324595362310902e+03  1.000253723694385917e+04
387 7741 3.191318e-01 2.412330e+01  2.436788792335934772e+02  3.222672423064983036e+02  1.151980279965375757e+03  1.985230099434830436e+03
388 7761 3.149020e-01 2.412050e+01  2.436788792335934772e+02  3.100926406016324677e+02  1.957426531071764430e+03  1.000256115737784421e+04
389 7781 3.099556e-01 2.411517e+01  2.436788792335934772e+02  2.934007725021363058e+02  1.164820180457363449e+03  1.000256352096408955e+04
390 7801 3.068863e-01 2.412198e+01  2.436788792335934772e+02  3.272998725855705970e+02  1.976098433488795763e+03  1.000295310028920539e+04
391 7821 3.042742e-01 2.412434e+01  2.436788792335934772e+02  3.235427880382286503e+02  1.949490527223779736e+03  1.000250837698453506e+04
392 7841 3.023118e-01 2.412066e+01  2.436788792335934772e+02  3.116225926967416626e+02  1.971966027489980434e+03  1.000256301240780340e+04
393 7861 2.988234e-01 2.412513e+01  2.436788792335934772e+02  2.923958093927657274e+02  1.149434707133970733e+03  1.000252654719028942e+04
394 7881 2.953403e-01 2.412400e+01  2.436788792335934772e+02  3.236157754655692997e+02  1.558508928348092468e+03  1.000255297457183588e+04
395 7901 2.907610e-01 2.412246e+01  2.436788792335934772e+02  3.274536009097417946e+02  1.206543043782878158e+03  1.000253484982085138e+04
396 7921 2.858284e-01 2.412039e+01  2.436788792335934772e+02  3.051877585944840803e+02  1.146119038004953381e+03  1.000253904902795148e+04
397 7941 2.820970e-01 2.412872e+01  2.436788792335934772e+02  2.953068735601605681e+02  4.087076061057824745e+02  1.000254325557400443e+04
398 7961 2.787020e-01 2.412865e+01  2.436788792335934772e+02  3.162624559685519898e+02  3.829507843379441852e+02  1.000297340465520938e+04
399 7981 2.765154e-01 2.413034e+01  2.436788792335934772e+02  3.011555366527541651e+02  4.402651798344239751e+02  1.000251863297601994e+04
400 8001 2.748829e-01 2.413870e+01  2.436788792335934772e+02  2.994219842239555192e+02  3.954301919534996159e+02  1.000250798811200184e+04
401 8021 2.736444e-01 2.414148e+01  2.436788792335934772e+02  2.743899013303260972e+02  1.536832620508384707e+03  1.000253073896742717e+04
402 8041 2.742721e-01 2.414373e+01  2.436788792335934772e+02  3.036704000446081864e+02  7.740208036024644116e+02  1.000251533375757572e+04
403 8061 2.758702e-01 2.413695e+01  2.436788792335934772e+02  2.841307454416105429e+02  3.589483603627905381e+02  1.999504586026445622e+03
404 8081 2.777882e-01 2.414471e+01  2.436788792335934772e+02  2.806645654789034552e+02  1.574806369906841383e+03  1.000250691027620633e+04
405 8101 2.789076e-01 2.415097e+01  2.436788792335934772e+02  2.855778172652019862e+02  3.838467377041173449e+02  1.997463170903876517e+03
406 8121 2.802143e-01 2.415399e+01  2.436788792335934772e+02  3.013796859446490544e+02  1.120612107971179285e+03  2.000136837995646601e+03
407 8141 2.813654e-01 2.415913e+01  2.436788792335934772e+02  2.678765225491754336e+02  1.576298378996418251e+03  1.000251440825461577e+04
408 8161 2.819997e-01 2.416614e+01  2.436788792335934772e+02  2.723509867382443872e+02  8.067187728012645493e+02  1.000252494194202700e+04
409 8181 2.818720e-01 2.416784e+01  2.436788792335934772e+02  2.700249311564508616e+02  1.138381444788753925e+03  2.000554445788061912e+03
410 8201 2.823061e-01 2.416755e+01  2.436788792335934772e+02  2.653542256022459469e+02  1.969072735620381536e+03  1.998104490145732143e+03
411 8221 2.826967e-01 2.417353e+01  2.436788792335934772e+02  3.096717445709560934e+02  1.159610078943850112e+03  1.998932617092175860e+03
412 8241 2.834831e-01 2.417129e+01  2.436788792335934772e+02  3.603931725276290763e+02  1.226482807119832160e+03  1.000254609018553674e+04
413 8261 2.849824e-01 2.416948e+01  2.436788792335934772e+02  2.773845556296856785e+02  4.366520772860123998e+02  1.997349725443790476e+03
414 8281 2.853140e-01 2.417813e+01  2.436788792335934772e+02  2.955210727190179227e+02  7.792048453540841138e+02  1.996152276143761583e+03
415 8301 2.851939e-01 2.418829e+01  2.436788792335934772e+02  2.793886591885279813e+02  3.995512274183917611e+02  1.000512890556605998e+04
416 8321 2.851523e-01 2.419111e+01  2.436788792335934772e+02  2.846325953416010748e+02  3.606506825672214518e+02  1.000251159545248811e+04
417 8341 2.846158e-01 2.421123e+01  2.436788792335934772e+02  3.034985366112877045e+02  4.075328369964579451e+02  1.000252618608518969e+04
418 8361 2.835845e-01 2.421409e+01  2.436788792335934772e+02  3.218343564649146629e+02  7.864815976672020952e+02  1.000255095191270993e+04
419 8381 2.842568e-01 2.422515e+01  2.436788792335934772e+02  2.988153364386509452e+02  3.685619407111037162e+02  1.960658103787598520e+03
420 8401 2.839673e-01 2.423815e+01  2.436788792335934772e+02  2.842138919350630886e+02  3.894131443051250017e+02  1.000253488848605957e+04
421 8421 2.859610e-01 2.426256e+01  2.436788792335934772e+02  2.550583227643880946e+02  1.170012117451196900e+03  1.000255049203682756e+04
422 8441 2.894636e-01 2.428314e+01  2.436788792335934772e+02  2.971897909395211173e+02  3.525702217786655410e+02  1.000253350778382810e+04
423 8461 2.934632e-01 2.429360e+01  2.436788792335934772e+02  2.649528061636574421e+02  1.972727727185996628e+03  1.000259861608113897e+04
424 8481 2.974302e-01 2.429964e+01  2.436788792335934772e+02  3.062829574705646110e+02  1.160651753908527098e+03  1.000262541819155922e+04
425 8501 3.005479e-01 2.431754e+01  2.436788792335934772e+02  2.990268645956288651e+02  1.960225285575894759e+03  1.000253751498712518e+04
426 8521 3.024864e-01 2.431634e+01  2.436788792335934772e+02  2.999215121396532027e+02  4.239756491146202961e+02  1.000254250165255144e+04
427 8541 3.030179e-01 2.432404e+01  2.436788792335934772e+02  3.317111867474782798e+02  1.155153168019429131e+03  1.000253061138528756e+04
428 8561 3.025413e-01 2.433682e+01  2.436788792335934772e+02  3.639834052946214342e+02  1.977816288036803599e+03  1.000252776760340203e+04
429 8581 3.014625e-01 2.434339e+01  2.436788792335934772e+02  2.807644666905894724e+02  4.604771734366192959e+02  1.000256103109758442e+04
430 8601 3.000892e-01 2.436104e+01  2.436788792335934772e+02  3.345191526201405168e+02  1.970035196112784206e+03  1.000514858480759722e+04
431 8621 2.980597e-01 2.436939e+01  2.436788792335934772e+02  3.093069610663980029e+02  1.979101775594868286e+03  1.000257849171307498e+04
432 8641 2.961766e-01 2.438774e+01  2.436788792335934772e+02  2.540151037102606324e+02  1.969659750866509739e+03  1.000251123396922230e+04
433 8661 2.947860e-01 2.439251e+01  2.436788792335934772e+02  2.975847553020964256e+02  1.143068368528203109e+03  1.000250902941559252e+04
434 8681 2.926798e-01 2.440031e+01  2.436788792335934772e+02  2.548589114491778673e+02  4.597381115376189769e+02  1.000508124459179089e+04
435 8701 2.915554e-01 2.441093e+01  2.436788792335934772e+02  2.708635977388187257e+02  4.505458203632236973e+02  1.000250757982679170e+04
436 8721 2.900416e-01 2.442460e+01  2.436788792335934772e+02  2.902689006848431745e+02  3.909350192061954203e+02  1.000253203895049955e+04
437 8741 2.894920e-01 2.442637e+01  2.436788792335934772e+02  2.446516131463943111e+02  1.204958536793961684e+03  1.000254492011747243e+04
438 8761 2.889103e-01 2.442856e+01  2.436788792335934772e+02  2.673738300862708002e+02  3.847680994659423277e+02  1.986543240580853308e+03
439 8781 2.881639e-01 2.443516e+01  2.436788792335934772e+02  2.578739998518413472e+02  1.976936230131451566e+03  1.000255318767199969e+04
440 8801 2.877488e-01 2.445424e+01  2.436788792335934772e+02  2.986207263936054801e+02  1.233423366122788593e+03  1.000253786631501498e+04
441 8821 2.878077e-01 2.445779e+01  2.436788792335934772e+02  3.033568687634663661e+02  1.970136759031528072e+03  1.000252561131729999e+04
442 8841 2.873652e-01 2.445247e+01  2.436788792335934772e+02  2.783954142308801352e+02  7.990454660765898325e+02  1.000261800954097089e+04
443 8861 2.870017e-01 2.445691e+01  2.436788792335934772e+02  2.628995852913531053e+02  1.126742235553426781e+03  1.000254510182412014e+04
444 8881 2.867792e-01 2.443960e+01  2.436788792335934772e+02  3.065739306586025350e+02  1.967250074647531164e+03  1.000259349515446957e+04
445 8901 2.859140e-01 2.443814e+01  2.436788792335934772e+02  3.105178057286763078e+02  4.255409483999944769e+02  1.000252013250806158e+04
446 8921 2.850963e-01 2.444602e+01  2.436788792335934772e+02  2.599389544477579648e+02  1.139623483752993025e+03  1.000250830115889221e+04
447 8941 2.837589e-01 2.444231e+01  2.436788792335934772e+02  2.800048084354410776e+02  1.569294973881662827e+03  1.983456118406507585e+03
448 8961 2.834129e-01 2.444986e+01  2.436788792335934772e+02  2.554908817365576681e+02  4.298330216051059551e+02  1.000261431484089007e+04
449 8981 2.822243e-01 2.445831e+01  2.436788792335934772e+02  2.526308008495932427e+02  1.573682057938400021e+03  1.000252490849082278e+04
450 9001 2.800234e-01 2.446437e+01  2.436788792335934772e+02  2.692946838883357259e+02  1.973035247805924882e+03  1.000259119042197744e+04
451 9021 2.779847e-01 2.446620e+01  2.436788792335934772e+02  2.604917741306935568e+02  1.157954330994933571e+03  1.000254410925414959e+04
452 9041 2.769347e-01 2.445877e+01  2.436788792335934772e+02  2.521178448906438518e+02  4.142941662079646221e+02  1.000254394054953627e+04
453 9061 2.769897e-01 2.446693e+01  2.436788792335934772e+02  2.821888122909374488e+02  8.019254817029006972e+02  1.000251949771591353e+04
454 9081 2.757873e-01 2.447015e+01  2.431712401147302387e+02  2.431712401147302387e+02  3.399031091358649519e+02  1.984573361987002954e+03
455 9101 2.741452e-01 2.447865e+01  2.431712401147302387e+02  2.640038177914740345e+02  7.698233482642740455e+02  1.000250450971845385e+04
456 9121 2.722302e-01 2.448871e+01  2.431712401147302387e+02  2.515985212580100665e+02  3.576132044265190189e+02  1.000253674384224360e+04
457 9141 2.719274e-01 2.447645e+01  2.431712401147302387e+02  2.837554756914749987e+02  1.971788880559402060e+03  1.000255733311421136e+04
458 9161 2.714586e-01 2.449516e+01  2.431712401147302387e+02  2.573250427674229286e+02  3.660555662222153614e+02  1.000253411362179759e+04
459 9181 2.710064e-01 2.448605e+01  2.431712401147302387e+02  2.569478372647704418e+02  1.195885364729212142e+03  1.987712059817348290e+03
460 9201 2.705530e-01 2.448953e+01  2.431712401147302387e+02  2.764570103719537997e+02  1.585648504962464813e+03  1.000251757614192684e+04
