%  columns="iteration, evaluation, sigma, axis ratio, bestever, best, median, worst fitness function value, further objective values of best" (startseed=212174, 2017/08/25 10:23:38.75)
1 21 1.610164e+00 3.361012e+01  1.417236041462467622e+00  1.761802807154774220e+00  2.128333295161792371e+00  3.388460265802136995e+00
2 41 1.551491e+00 3.363173e+01  1.417236041462467622e+00  1.731018567733867641e+00  2.246557975973805021e+00  3.247224291066287627e+00
3 61 1.500523e+00 3.366084e+01  1.417236041462467622e+00  1.612464632882636639e+00  2.065393568467622565e+00  3.001361677482290435e+00
4 81 1.457925e+00 3.367465e+01  1.417236041462467622e+00  1.877730464536134791e+00  2.255123356101301546e+00  3.324680756069744447e+00
5 101 1.429443e+00 3.368161e+01  1.417236041462467622e+00  1.720298059428947646e+00  2.251970241217363444e+00  3.687724710384448823e+00
6 121 1.400845e+00 3.367863e+01  1.417236041462467622e+00  1.616241598638219701e+00  2.025986001199117315e+00  2.594878257021372647e+00
7 141 1.383321e+00 3.367797e+01  1.417236041462467622e+00  1.713831538282736267e+00  2.045898399857149386e+00  2.634540185086899911e+00
8 161 1.367518e+00 3.368046e+01  1.417236041462467622e+00  1.777931303996649781e+00  2.174943895010488237e+00  3.875474912690517026e+00
9 181 1.347532e+00 3.369824e+01  1.417236041462467622e+00  1.669005102970192223e+00  2.076864814055095376e+00  3.010533189370591778e+00
10 201 1.329219e+00 3.372586e+01  1.417236041462467622e+00  1.703236677780763708e+00  2.150260538263737864e+00  2.738072821827008063e+00
11 221 1.318253e+00 3.372701e+01  1.417236041462467622e+00  1.784330231551180201e+00  2.025731953416060271e+00  2.495400107597956829e+00
12 241 1.310434e+00 3.372796e+01  1.417236041462467622e+00  1.748712016184482909e+00  1.976607332706398434e+00  2.305126948780332086e+00
13 261 1.307310e+00 3.374501e+01  1.417236041462467622e+00  1.753323560850054363e+00  1.938036075874853381e+00  2.442546608232761596e+00
14 281 1.305276e+00 3.375824e+01  1.417236041462467622e+00  1.761667172015998650e+00  1.961149115567617507e+00  2.540954366089626770e+00
15 301 1.298852e+00 3.376861e+01  1.417236041462467622e+00  1.762734888988553017e+00  2.016146298456724217e+00  6.461572972000350745e+00
16 321 1.290061e+00 3.379950e+01  1.417236041462467622e+00  1.746725938285798474e+00  2.007420405485004444e+00  6.557829227110745229e+00
17 341 1.282114e+00 3.380606e+01  1.417236041462467622e+00  1.872543662246590968e+00  2.082115313630764408e+00  6.681850108752307449e+00
18 361 1.265630e+00 3.381232e+01  1.417236041462467622e+00  1.687329921435183122e+00  2.044888595191031833e+00  2.493664048386725618e+00
19 381 1.252492e+00 3.380673e+01  1.417236041462467622e+00  1.727276114070281920e+00  1.999708516596510499e+00  2.652061381308148391e+00
20 401 1.233319e+00 3.380005e+01  1.417236041462467622e+00  1.727033358868282686e+00  1.993602045743489981e+00  2.381704097962661582e+00
21 421 1.217103e+00 3.381693e+01  1.417236041462467622e+00  1.826641661783861892e+00  2.054076066997843508e+00  2.633340587698165258e+00
22 441 1.206393e+00 3.382293e+01  1.417236041462467622e+00  1.723239483616274548e+00  2.072406102308915976e+00  2.965702280950533343e+00
23 461 1.197887e+00 3.383848e+01  1.417236041462467622e+00  1.807196701445447307e+00  1.999921036187102041e+00  6.587423944332099879e+00
24 481 1.186659e+00 3.384941e+01  1.417236041462467622e+00  1.706283296785037873e+00  2.034467660105134357e+00  2.321800325279231636e+00
25 501 1.176606e+00 3.387115e+01  1.417236041462467622e+00  1.721302660049520483e+00  1.997792709017673252e+00  2.485017048410113283e+00
26 521 1.164607e+00 3.386272e+01  1.417236041462467622e+00  1.766733786629699932e+00  2.015055468493001545e+00  2.924924860617769351e+00
27 541 1.153376e+00 3.385934e+01  1.417236041462467622e+00  1.730196031977896398e+00  1.970314127084112243e+00  2.587153890431160619e+00
28 561 1.143787e+00 3.386491e+01  1.417236041462467622e+00  1.692973182547990341e+00  1.891420890995743509e+00  2.376500528452004879e+00
29 581 1.132613e+00 3.388332e+01  1.417236041462467622e+00  1.715560613751597741e+00  1.877638374760073781e+00  2.686698334595564397e+00
30 601 1.128819e+00 3.389661e+01  1.417236041462467622e+00  1.744259066818208082e+00  1.906143767614979057e+00  2.499415713023586783e+00
31 621 1.134743e+00 3.393117e+01  1.417236041462467622e+00  1.655387587664558291e+00  2.018469901687122370e+00  2.569262261787356838e+00
32 641 1.137544e+00 3.393615e+01  1.417236041462467622e+00  1.755777500476409347e+00  1.966749752700787779e+00  2.397151813433366474e+00
33 661 1.144355e+00 3.396126e+01  1.417236041462467622e+00  1.769318244314729949e+00  1.964679470574519859e+00  2.481609609776477043e+00
34 681 1.152162e+00 3.398285e+01  1.417236041462467622e+00  1.757931301322631645e+00  1.942887187112238401e+00  2.503976430732698155e+00
35 701 1.158721e+00 3.397301e+01  1.417236041462467622e+00  1.680181044869199392e+00  1.904487690880658279e+00  2.258803532342302578e+00
36 721 1.160769e+00 3.396584e+01  1.417236041462467622e+00  1.719009714841077230e+00  1.975285475654644518e+00  2.672049976258467296e+00
37 741 1.162436e+00 3.394858e+01  1.417236041462467622e+00  1.733379966592103250e+00  1.981147451644586166e+00  2.159091962670676601e+00
38 761 1.167481e+00 3.393453e+01  1.417236041462467622e+00  1.704864915120549274e+00  1.938118890897662538e+00  2.470947801971842495e+00
39 781 1.174007e+00 3.392087e+01  1.417236041462467622e+00  1.718900659804821096e+00  2.095462956668306731e+00  2.818850879459519732e+00
40 801 1.173861e+00 3.391912e+01  1.417236041462467622e+00  1.701524504284368966e+00  1.836233922764185067e+00  2.347656847204592001e+00
41 821 1.173076e+00 3.392688e+01  1.417236041462467622e+00  1.709105595878689154e+00  2.013771753830768230e+00  2.282254474062271221e+00
42 841 1.170684e+00 3.393402e+01  1.417236041462467622e+00  1.751235939549027343e+00  1.929168508620828115e+00  2.189278726397624109e+00
43 861 1.163948e+00 3.392670e+01  1.417236041462467622e+00  1.685896504706892118e+00  1.922405424405288166e+00  2.421700791978707468e+00
44 881 1.163085e+00 3.393237e+01  1.417236041462467622e+00  1.681227938279665990e+00  1.966211366366835689e+00  2.350884188859470925e+00
45 901 1.161475e+00 3.393053e+01  1.417236041462467622e+00  1.632822759530924595e+00  1.933907230790836262e+00  2.384946189633278202e+00
46 921 1.162322e+00 3.389995e+01  1.417236041462467622e+00  1.682513203400290314e+00  1.980747765269103233e+00  2.303444771482822784e+00
47 941 1.157346e+00 3.388781e+01  1.417236041462467622e+00  1.697561098032725146e+00  2.033825277999461001e+00  2.526606006745464761e+00
48 961 1.153332e+00 3.387819e+01  1.417236041462467622e+00  1.712221726912331210e+00  1.964315369479142870e+00  2.435725569295347892e+00
49 981 1.149365e+00 3.388375e+01  1.417236041462467622e+00  1.690091471795273748e+00  1.931220035697641890e+00  2.485514812877635649e+00
50 1001 1.148191e+00 3.388180e+01  1.417236041462467622e+00  1.683008097978845097e+00  2.090047528258802245e+00  2.375603514355357770e+00
51 1021 1.144527e+00 3.390491e+01  1.417236041462467622e+00  1.768155742304451161e+00  1.986905719575012608e+00  3.058249687043393727e+00
52 1041 1.141607e+00 3.391558e+01  1.417236041462467622e+00  1.705856016277432996e+00  1.943540809131119484e+00  2.535877679624392034e+00
53 1061 1.136444e+00 3.392720e+01  1.417236041462467622e+00  1.713265448641634103e+00  1.957397497797807917e+00  2.484932963525892102e+00
54 1081 1.137036e+00 3.391558e+01  1.417236041462467622e+00  1.614339552602892747e+00  1.907038874864431355e+00  2.214028867320077865e+00
55 1101 1.137502e+00 3.391296e+01  1.417236041462467622e+00  1.628125953007874438e+00  1.929358823081760654e+00  2.343231245362856097e+00
56 1121 1.138137e+00 3.392482e+01  1.417236041462467622e+00  1.585548199042550621e+00  1.854442493572737494e+00  2.495955862524119606e+00
57 1141 1.140636e+00 3.393242e+01  1.417236041462467622e+00  1.674585455489723040e+00  1.879288651307952307e+00  2.637840722328902654e+00
58 1161 1.133658e+00 3.397092e+01  1.417236041462467622e+00  1.682158533265650568e+00  1.897047836220873140e+00  2.354771954115497223e+00
59 1181 1.122297e+00 3.397912e+01  1.417236041462467622e+00  1.644347622027453548e+00  1.855012975561511013e+00  2.265421311220073175e+00
60 1201 1.109681e+00 3.398412e+01  1.417236041462467622e+00  1.650689400030851406e+00  1.843463002539893925e+00  2.236288625216199311e+00
61 1221 1.104408e+00 3.397917e+01  1.417236041462467622e+00  1.662140317698705516e+00  1.833943127000290829e+00  7.193625420565394890e+00
62 1241 1.100245e+00 3.397439e+01  1.417236041462467622e+00  1.648973558416982232e+00  1.863394553776026807e+00  2.154467789541341105e+00
63 1261 1.091883e+00 3.397128e+01  1.417236041462467622e+00  1.643484659851019547e+00  1.934225202020053658e+00  2.680379418454056584e+00
64 1281 1.080422e+00 3.398638e+01  1.417236041462467622e+00  1.738401385954860601e+00  1.895913314003352390e+00  2.638738976979188244e+00
65 1301 1.066313e+00 3.398798e+01  1.417236041462467622e+00  1.640593326572159061e+00  1.934466567668845283e+00  2.224763501678964861e+00
66 1321 1.054985e+00 3.398066e+01  1.417236041462467622e+00  1.607234707640000426e+00  1.804646554628903665e+00  2.066338791888754134e+00
67 1341 1.046435e+00 3.396880e+01  1.417236041462467622e+00  1.664464431681692780e+00  1.841532007728566400e+00  2.142992979112965823e+00
68 1361 1.038942e+00 3.394777e+01  1.417236041462467622e+00  1.643979250126129887e+00  1.807386351500873456e+00  2.194251032087444653e+00
69 1381 1.036786e+00 3.394946e+01  1.417236041462467622e+00  1.618827643725747167e+00  1.845653641750093055e+00  5.079997238213943334e+00
70 1401 1.033968e+00 3.394395e+01  1.417236041462467622e+00  1.652029792790826512e+00  1.852798670219510058e+00  2.725269384281483021e+00
71 1421 1.031212e+00 3.394558e+01  1.417236041462467622e+00  1.685883695224696277e+00  1.818833608084347464e+00  2.088531925012113710e+00
72 1441 1.029179e+00 3.394257e+01  1.417236041462467622e+00  1.635623256672553261e+00  1.921759012814375556e+00  7.225325034023109438e+00
73 1461 1.025119e+00 3.393832e+01  1.417236041462467622e+00  1.638542632523540377e+00  1.927798467752577682e+00  2.332101367811350467e+00
74 1481 1.017861e+00 3.393331e+01  1.417236041462467622e+00  1.648342786846827446e+00  1.944172555599546381e+00  2.301685970247670632e+00
75 1501 1.015002e+00 3.394145e+01  1.417236041462467622e+00  1.724942319690099035e+00  1.887660613095319517e+00  2.236107638061878955e+00
76 1521 1.012111e+00 3.392761e+01  1.417236041462467622e+00  1.639001440762027473e+00  1.893489412766925506e+00  2.154819080280589993e+00
77 1541 1.007324e+00 3.390571e+01  1.417236041462467622e+00  1.657018365191869735e+00  1.922613372645830765e+00  2.457549259563590827e+00
78 1561 9.994830e-01 3.390693e+01  1.417236041462467622e+00  1.651845603261258510e+00  1.835798614856261723e+00  2.206775694029010637e+00
79 1581 9.916815e-01 3.390131e+01  1.417236041462467622e+00  1.642373257334897252e+00  1.897052890066180719e+00  7.062137548399904929e+00
80 1601 9.813876e-01 3.390288e+01  1.417236041462467622e+00  1.644343237222263943e+00  1.813300507525291927e+00  2.260290419412382512e+00
81 1621 9.695931e-01 3.390160e+01  1.417236041462467622e+00  1.552126320027641837e+00  1.783340258797778910e+00  2.100593096866753662e+00
82 1641 9.596330e-01 3.392201e+01  1.417236041462467622e+00  1.619737603124356440e+00  1.777129206419842511e+00  2.013645210344056746e+00
83 1661 9.498461e-01 3.392651e+01  1.417236041462467622e+00  1.637955029938827245e+00  1.778850212477409265e+00  2.490820589629316295e+00
84 1681 9.391590e-01 3.392527e+01  1.417236041462467622e+00  1.635304613403479657e+00  1.775110149914347124e+00  2.046193318565040276e+00
85 1701 9.286657e-01 3.394347e+01  1.417236041462467622e+00  1.650963090710911851e+00  1.825183126857357951e+00  3.240035709029334132e+00
86 1721 9.199409e-01 3.393237e+01  1.417236041462467622e+00  1.629766040196307442e+00  1.803122348649266016e+00  2.073884643272256856e+00
87 1741 9.107186e-01 3.397406e+01  1.417236041462467622e+00  1.707099487283968431e+00  1.831983529410101230e+00  2.080401327166766290e+00
88 1761 9.003822e-01 3.396691e+01  1.417236041462467622e+00  1.617659686065481051e+00  1.810844420901695173e+00  2.295462526372624268e+00
89 1781 8.898021e-01 3.396398e+01  1.417236041462467622e+00  1.643150903262158291e+00  1.739908717082551348e+00  1.940170768044251481e+00
90 1801 8.794578e-01 3.396145e+01  1.417236041462467622e+00  1.618451476606055817e+00  1.801793588238789656e+00  2.193108181089737485e+00
91 1821 8.741152e-01 3.398495e+01  1.417236041462467622e+00  1.596011077990468818e+00  1.740735046219749060e+00  1.946967871431809716e+00
92 1841 8.712057e-01 3.398969e+01  1.417236041462467622e+00  1.601017159651768607e+00  1.717791238151421096e+00  2.165228418947598765e+00
93 1861 8.661458e-01 3.397444e+01  1.417236041462467622e+00  1.595727325873914193e+00  1.792693489175354982e+00  2.128069877943234101e+00
94 1881 8.632779e-01 3.396804e+01  1.417236041462467622e+00  1.594131142361177256e+00  1.692038920125323642e+00  2.063290200292950960e+00
95 1901 8.580258e-01 3.398612e+01  1.417236041462467622e+00  1.565552150962947531e+00  1.740661408361555251e+00  2.054465267220932922e+00
96 1921 8.576870e-01 3.397107e+01  1.417236041462467622e+00  1.627473598552023004e+00  1.710724480719051588e+00  1.913231869827192844e+00
97 1941 8.544053e-01 3.397668e+01  1.417236041462467622e+00  1.642365776576234060e+00  1.790343458919822606e+00  2.273743386541278610e+00
98 1961 8.473410e-01 3.397834e+01  1.417236041462467622e+00  1.603190383583416256e+00  1.759589615119535377e+00  2.318691983851158600e+00
99 1981 8.473704e-01 3.397106e+01  1.417236041462467622e+00  1.628204534110306634e+00  1.737328591563075619e+00  2.208175658360970406e+00
100 2001 8.461267e-01 3.397634e+01  1.417236041462467622e+00  1.646669742711518225e+00  1.792675720626103697e+00  2.321059289956795446e+00
101 2021 8.394683e-01 3.397511e+01  1.417236041462467622e+00  1.601719067618285530e+00  1.721751982743471077e+00  1.953079016870882034e+00
102 2041 8.324550e-01 3.399460e+01  1.417236041462467622e+00  1.572015983322729848e+00  1.787663171759630076e+00  2.090353961938725469e+00
103 2061 8.237214e-01 3.401660e+01  1.417236041462467622e+00  1.579534025899240079e+00  1.721660667351304408e+00  1.891844234259772328e+00
104 2081 8.181244e-01 3.404208e+01  1.417236041462467622e+00  1.575092044758668264e+00  1.696142808573682048e+00  1.913851983428871417e+00
105 2101 8.144320e-01 3.406789e+01  1.417236041462467622e+00  1.540911230886985228e+00  1.712212111943376636e+00  6.825135149834866688e+00
106 2121 8.096365e-01 3.407711e+01  1.417236041462467622e+00  1.554696997895672173e+00  1.678123229681319328e+00  2.065678783908814431e+00
107 2141 8.032138e-01 3.408468e+01  1.417236041462467622e+00  1.581905221428283381e+00  1.707542023035238721e+00  6.925160156488872509e+00
108 2161 7.963856e-01 3.406680e+01  1.417236041462467622e+00  1.566632572546700741e+00  1.696856437596774292e+00  2.005885916577899053e+00
109 2181 7.890069e-01 3.408217e+01  1.417236041462467622e+00  1.566889407307398230e+00  1.639191491489153218e+00  1.992822629494575226e+00
110 2201 7.844223e-01 3.408731e+01  1.417236041462467622e+00  1.558695413568130128e+00  1.670051378000473097e+00  1.788046873911568468e+00
111 2221 7.761553e-01 3.408021e+01  1.417236041462467622e+00  1.579598536878897619e+00  1.685525050521820223e+00  1.932532875699290109e+00
112 2241 7.658676e-01 3.408837e+01  1.417236041462467622e+00  1.542384783717390517e+00  1.656398792888733151e+00  6.589139844197483775e+00
113 2261 7.570234e-01 3.410180e+01  1.417236041462467622e+00  1.599472666099042817e+00  1.688149368109378212e+00  6.821379664294918044e+00
114 2281 7.508250e-01 3.409447e+01  1.417236041462467622e+00  1.538288030664690442e+00  1.676173963751828921e+00  1.937312439081736892e+00
115 2301 7.469580e-01 3.410893e+01  1.417236041462467622e+00  1.559715956374230217e+00  1.678659478761697743e+00  1.743503630827419437e+00
116 2321 7.427739e-01 3.413577e+01  1.417236041462467622e+00  1.542950341411180037e+00  1.712110369372659147e+00  1.904589794332312680e+00
117 2341 7.390733e-01 3.412888e+01  1.417236041462467622e+00  1.516494365233483688e+00  1.643324896743875829e+00  1.795394255751016965e+00
118 2361 7.363014e-01 3.412801e+01  1.417236041462467622e+00  1.507225524288723362e+00  1.636609793745432917e+00  2.012861944600146558e+00
119 2381 7.322410e-01 3.413708e+01  1.417236041462467622e+00  1.575862888094744729e+00  1.671273293280449490e+00  2.080049197758351287e+00
120 2401 7.294815e-01 3.414560e+01  1.417236041462467622e+00  1.506258236605360068e+00  1.688538171279521771e+00  1.839033342469132304e+00
121 2421 7.290196e-01 3.414181e+01  1.417236041462467622e+00  1.581478024300810414e+00  1.713375348534944553e+00  6.738155368606530971e+00
122 2441 7.275294e-01 3.414759e+01  1.417236041462467622e+00  1.567789037411073227e+00  1.650807489706123121e+00  1.919402172422679742e+00
123 2461 7.251815e-01 3.416979e+01  1.417236041462467622e+00  1.530870219322699510e+00  1.696659792137477751e+00  1.971413164740726254e+00
124 2481 7.205433e-01 3.419205e+01  1.417236041462467622e+00  1.567503321523306958e+00  1.707247446714603267e+00  1.835411340168873862e+00
125 2501 7.175411e-01 3.421125e+01  1.417236041462467622e+00  1.505326045203586816e+00  1.675148031590763864e+00  2.440673656658689961e+00
126 2521 7.178870e-01 3.423038e+01  1.417236041462467622e+00  1.542267613413179195e+00  1.665931128741277689e+00  1.870237913843895594e+00
127 2541 7.105759e-01 3.425314e+01  1.417236041462467622e+00  1.524879474025724102e+00  1.642277210220338679e+00  1.987295950038169501e+00
128 2561 7.016985e-01 3.428544e+01  1.417236041462467622e+00  1.517040424258158104e+00  1.640302415019784910e+00  1.835599929050497847e+00
129 2581 6.949114e-01 3.427553e+01  1.417236041462467622e+00  1.497454652555759713e+00  1.615919811181037336e+00  1.889984865413265158e+00
130 2601 6.876450e-01 3.429093e+01  1.417236041462467622e+00  1.532136062582513558e+00  1.678861085822389354e+00  2.046840431435473118e+00
131 2621 6.823775e-01 3.431678e+01  1.417236041462467622e+00  1.530347500788268311e+00  1.613539242841690813e+00  1.717006266494073952e+00
132 2641 6.740928e-01 3.430716e+01  1.417236041462467622e+00  1.534463076245621949e+00  1.579161054164579969e+00  6.880253294281178711e+00
133 2661 6.656414e-01 3.433557e+01  1.417236041462467622e+00  1.501361036957141071e+00  1.630840394626271728e+00  3.585957410718928706e+00
134 2681 6.595130e-01 3.430807e+01  1.417236041462467622e+00  1.519872564932474468e+00  1.613885711971336567e+00  6.689000172311191150e+00
135 2701 6.546806e-01 3.430228e+01  1.417236041462467622e+00  1.514236711001053060e+00  1.652984911501837129e+00  6.621251717740158860e+00
136 2721 6.519107e-01 3.432604e+01  1.417236041462467622e+00  1.548688917891647643e+00  1.629397865480096019e+00  6.718312760901811842e+00
137 2741 6.481124e-01 3.433819e+01  1.417236041462467622e+00  1.530455809619269969e+00  1.643299308473007425e+00  2.002524533166466281e+00
138 2761 6.454541e-01 3.438679e+01  1.417236041462467622e+00  1.534427196489777767e+00  1.607556613599406159e+00  1.797246775506615712e+00
139 2781 6.452489e-01 3.441039e+01  1.417236041462467622e+00  1.546354895056575973e+00  1.633057594714239613e+00  1.699365839694686464e+00
140 2801 6.454404e-01 3.442120e+01  1.417236041462467622e+00  1.483542373002047610e+00  1.641752825855047782e+00  6.722351098006680736e+00
141 2821 6.451488e-01 3.442891e+01  1.417236041462467622e+00  1.511834096860574350e+00  1.629056841824013446e+00  1.914965343922563124e+00
142 2841 6.445203e-01 3.443713e+01  1.417236041462467622e+00  1.514503818439714156e+00  1.672373534607197954e+00  6.608286249628998021e+00
143 2861 6.415644e-01 3.444789e+01  1.417236041462467622e+00  1.509575290989127128e+00  1.672150933694161790e+00  1.956876716080091949e+00
144 2881 6.365209e-01 3.444094e+01  1.417236041462467622e+00  1.485425408919111678e+00  1.668339372512498198e+00  6.601732510269945564e+00
145 2901 6.323120e-01 3.444297e+01  1.417236041462467622e+00  1.488838411895731184e+00  1.618663962021226865e+00  2.121353031620339724e+00
146 2921 6.269894e-01 3.445099e+01  1.417236041462467622e+00  1.495419506775155005e+00  1.595731550148987932e+00  1.785550004878771135e+00
147 2941 6.231284e-01 3.449570e+01  1.417236041462467622e+00  1.497509723896095268e+00  1.610946753789088248e+00  1.857354141547668869e+00
148 2961 6.186851e-01 3.445337e+01  1.417236041462467622e+00  1.490986334126763735e+00  1.605717226778549556e+00  6.732821876474134548e+00
149 2981 6.119128e-01 3.445423e+01  1.417236041462467622e+00  1.484653024016901135e+00  1.621441891978590011e+00  6.690809909858310256e+00
150 3001 6.060832e-01 3.447246e+01  1.417236041462467622e+00  1.497085243703649482e+00  1.604299675348054066e+00  1.846380906411273504e+00
151 3021 5.973410e-01 3.447868e+01  1.417236041462467622e+00  1.521750528630684052e+00  1.587382604368626549e+00  1.773080796162753492e+00
152 3041 5.900092e-01 3.449241e+01  1.417236041462467622e+00  1.532176265404853410e+00  1.580184904851687611e+00  1.765561982590515777e+00
153 3061 5.846536e-01 3.450210e+01  1.417236041462467622e+00  1.515287958124851730e+00  1.607621339694335072e+00  1.761137782756788006e+00
154 3081 5.768237e-01 3.448535e+01  1.417236041462467622e+00  1.525674047599725025e+00  1.637572606700085309e+00  2.353666552987579319e+00
155 3101 5.706854e-01 3.448532e+01  1.417236041462467622e+00  1.536346492674989239e+00  1.622024162696787064e+00  1.807822593675888045e+00
156 3121 5.664914e-01 3.448063e+01  1.417236041462467622e+00  1.524075773778371223e+00  1.595065956850095334e+00  1.668955644172034791e+00
157 3141 5.610183e-01 3.450691e+01  1.417236041462467622e+00  1.522852049116585116e+00  1.606424758258460761e+00  1.735406302581908866e+00
158 3161 5.567407e-01 3.450205e+01  1.417236041462467622e+00  1.514816760098684822e+00  1.592916943814238540e+00  1.765133630136609399e+00
159 3181 5.526598e-01 3.451794e+01  1.417236041462467622e+00  1.504049928314800999e+00  1.576327802498507236e+00  1.703806380875230175e+00
160 3201 5.512373e-01 3.452002e+01  1.417236041462467622e+00  1.512204218704775727e+00  1.580060016346163110e+00  1.784227923572212937e+00
161 3221 5.482403e-01 3.451080e+01  1.417236041462467622e+00  1.476951028756101403e+00  1.567871864706305907e+00  6.645926229905908755e+00
162 3241 5.448782e-01 3.450743e+01  1.417236041462467622e+00  1.511982847749230530e+00  1.573109131835378927e+00  1.819004494300973995e+00
163 3261 5.424288e-01 3.454833e+01  1.417236041462467622e+00  1.476141943392754730e+00  1.599264246150586821e+00  2.498105523129318772e+00
164 3281 5.432583e-01 3.454601e+01  1.417236041462467622e+00  1.483539356603851944e+00  1.556256752901189255e+00  1.714889375834946827e+00
165 3301 5.439351e-01 3.454310e+01  1.417236041462467622e+00  1.493904971203079857e+00  1.589866102804959880e+00  1.717554388768618656e+00
166 3321 5.431059e-01 3.457987e+01  1.417236041462467622e+00  1.499845447846368973e+00  1.560349816519626120e+00  1.702956080436698105e+00
167 3341 5.422608e-01 3.458172e+01  1.417236041462467622e+00  1.498065189976377498e+00  1.622749203137026974e+00  1.719412255545780255e+00
168 3361 5.422817e-01 3.460199e+01  1.417236041462467622e+00  1.513587516122435472e+00  1.574408236843594322e+00  1.748453504128930414e+00
169 3381 5.412430e-01 3.461613e+01  1.417236041462467622e+00  1.498458166625983523e+00  1.573268745291104498e+00  6.677400050057665126e+00
170 3401 5.424656e-01 3.461947e+01  1.417236041462467622e+00  1.500030812512434863e+00  1.609069392015566091e+00  2.376517984415746909e+00
171 3421 5.420548e-01 3.460116e+01  1.417236041462467622e+00  1.503597198850012751e+00  1.594513590056100494e+00  1.760609633456426515e+00
172 3441 5.444042e-01 3.461420e+01  1.417236041462467622e+00  1.514178512337281735e+00  1.575242614110328399e+00  4.212673449922148983e+00
173 3461 5.431640e-01 3.460753e+01  1.417236041462467622e+00  1.502717222179825729e+00  1.573530439615534293e+00  1.659636531227668632e+00
174 3481 5.404721e-01 3.458930e+01  1.417236041462467622e+00  1.521398148284392349e+00  1.600615358028004032e+00  1.718245562099671053e+00
175 3501 5.356872e-01 3.462255e+01  1.417236041462467622e+00  1.516258544131553698e+00  1.579231969331045038e+00  6.673317865838753526e+00
176 3521 5.351021e-01 3.463023e+01  1.417236041462467622e+00  1.492581835821654490e+00  1.549488927025590046e+00  6.798375312562691342e+00
177 3541 5.329464e-01 3.463284e+01  1.417236041462467622e+00  1.486876440697523671e+00  1.599765654653511948e+00  1.734087244636455249e+00
178 3561 5.319782e-01 3.465439e+01  1.417236041462467622e+00  1.508899872474242621e+00  1.563948772245107310e+00  1.687923616985650632e+00
179 3581 5.319540e-01 3.467043e+01  1.417236041462467622e+00  1.507401854301096522e+00  1.594134676459415312e+00  1.716108816678958204e+00
180 3601 5.321325e-01 3.467395e+01  1.417236041462467622e+00  1.509429100932865087e+00  1.613780810290213363e+00  1.719983053762492942e+00
181 3621 5.304623e-01 3.468546e+01  1.417236041462467622e+00  1.486749797473187362e+00  1.552246282324165616e+00  1.770727722596152187e+00
182 3641 5.273187e-01 3.469117e+01  1.417236041462467622e+00  1.485060013083567387e+00  1.547726082646221579e+00  1.688946702568413505e+00
183 3661 5.237054e-01 3.468268e+01  1.417236041462467622e+00  1.480203780863270202e+00  1.544196066346398055e+00  1.927326330502894480e+00
184 3681 5.193378e-01 3.468708e+01  1.417236041462467622e+00  1.501113045932812806e+00  1.554431079440915076e+00  1.690599392080756935e+00
185 3701 5.151913e-01 3.469852e+01  1.417236041462467622e+00  1.482018663218475529e+00  1.542099261045442260e+00  1.714548508853233288e+00
186 3721 5.103492e-01 3.471788e+01  1.417236041462467622e+00  1.480228159648292241e+00  1.579381468195544480e+00  1.644696258158646618e+00
187 3741 5.044799e-01 3.472566e+01  1.417236041462467622e+00  1.467883847250917029e+00  1.553080399630983433e+00  1.820048691857645728e+00
188 3761 5.010153e-01 3.474658e+01  1.417236041462467622e+00  1.495874853308625463e+00  1.579734216328322338e+00  1.724441408633845541e+00
189 3781 5.000579e-01 3.475847e+01  1.417236041462467622e+00  1.471715520893073226e+00  1.533184919194455542e+00  6.653751599663435101e+00
190 3801 5.007082e-01 3.474929e+01  1.417236041462467622e+00  1.475459362954316234e+00  1.542748326536350856e+00  1.824484134414801062e+00
191 3821 4.999610e-01 3.476187e+01  1.417236041462467622e+00  1.469975524620929619e+00  1.545478907833226501e+00  1.670650953635722802e+00
192 3841 4.999332e-01 3.475816e+01  1.417236041462467622e+00  1.466134098557757781e+00  1.568592217321350013e+00  1.882255124082969688e+00
193 3861 5.015888e-01 3.477215e+01  1.417236041462467622e+00  1.479985842431455367e+00  1.541783616877304475e+00  1.733575747391234989e+00
194 3881 5.004166e-01 3.476121e+01  1.417236041462467622e+00  1.492094733937448625e+00  1.535328405736690049e+00  1.755596846273921541e+00
195 3901 4.994824e-01 3.476894e+01  1.417236041462467622e+00  1.474476217267671307e+00  1.519210880712990264e+00  1.672496929603463744e+00
196 3921 4.967554e-01 3.477821e+01  1.417236041462467622e+00  1.443658647581010701e+00  1.517909178929850889e+00  1.650271640497368741e+00
197 3941 4.963958e-01 3.478535e+01  1.417236041462467622e+00  1.472356411599494264e+00  1.530189868371425232e+00  1.687377649918216260e+00
198 3961 4.947412e-01 3.482360e+01  1.417236041462467622e+00  1.459254097973342601e+00  1.532219482812670730e+00  1.805201177024481352e+00
199 3981 4.944345e-01 3.482589e+01  1.417236041462467622e+00  1.450720005027491322e+00  1.547991829503347905e+00  1.674147890352969625e+00
200 4001 4.941979e-01 3.482524e+01  1.417236041462467622e+00  1.440011615199906503e+00  1.512556688870878574e+00  6.630363826359055857e+00
201 4021 4.928704e-01 3.487613e+01  1.417236041462467622e+00  1.438036448623368990e+00  1.543031177290640432e+00  4.151813694539412403e+00
202 4041 4.922178e-01 3.488550e+01  1.417236041462467622e+00  1.438984811383026585e+00  1.530032392405318298e+00  6.705009158030418526e+00
203 4061 4.914527e-01 3.489876e+01  1.417236041462467622e+00  1.449847405821988788e+00  1.519979859429983593e+00  5.823231424986805571e+00
204 4081 4.914394e-01 3.490704e+01  1.417236041462467622e+00  1.463885312553346196e+00  1.537004653150495503e+00  1.728872951885648268e+00
205 4101 4.933722e-01 3.492529e+01  1.417236041462467622e+00  1.448209614726885031e+00  1.534993896136019442e+00  1.596431119668672682e+00
206 4121 4.976806e-01 3.492820e+01  1.417236041462467622e+00  1.456998111829402864e+00  1.500352821996817188e+00  1.689376979477213991e+00
207 4141 5.011170e-01 3.494347e+01  1.417236041462467622e+00  1.475096881927519199e+00  1.540881895219030184e+00  1.733174689033129878e+00
208 4161 5.037090e-01 3.496310e+01  1.417236041462467622e+00  1.453142741760055756e+00  1.565905572741958185e+00  1.698387100343741629e+00
209 4181 5.049587e-01 3.495779e+01  1.417236041462467622e+00  1.467448844741891190e+00  1.547191159843298802e+00  1.659713633063608196e+00
210 4201 5.060359e-01 3.494897e+01  1.417236041462467622e+00  1.452970288772949647e+00  1.520821736859417017e+00  1.658621404814062172e+00
211 4221 5.042211e-01 3.495192e+01  1.417236041462467622e+00  1.445802648521160805e+00  1.538904803953231593e+00  1.698713424366860680e+00
212 4241 4.995578e-01 3.494182e+01  1.417236041462467622e+00  1.442460391619781124e+00  1.520430395286494374e+00  6.581662090255687936e+00
213 4261 4.962275e-01 3.492878e+01  1.417236041462467622e+00  1.456544376730466883e+00  1.535279955222554893e+00  1.644456440316590440e+00
214 4281 4.902756e-01 3.492426e+01  1.417236041462467622e+00  1.463501545132778636e+00  1.561758230333618158e+00  1.678464767543274450e+00
215 4301 4.860228e-01 3.493496e+01  1.417236041462467622e+00  1.459998517661661888e+00  1.561322788329689182e+00  1.762990133333021348e+00
216 4321 4.802632e-01 3.492484e+01  1.417236041462467622e+00  1.443968405587706672e+00  1.566294303475354699e+00  1.679861595322927226e+00
217 4341 4.748435e-01 3.495000e+01  1.417236041462467622e+00  1.446687529523390303e+00  1.521099638021498723e+00  2.422902249179764045e+00
218 4361 4.700462e-01 3.496700e+01  1.417236041462467622e+00  1.456768654720489886e+00  1.552016571363455277e+00  1.812504759607917126e+00
219 4381 4.666160e-01 3.498341e+01  1.417236041462467622e+00  1.439823559605841297e+00  1.550650630400473462e+00  1.647718070794059519e+00
220 4401 4.643441e-01 3.499416e+01  1.417236041462467622e+00  1.453556439446830773e+00  1.519580209472682242e+00  6.625234854433241338e+00
221 4421 4.645742e-01 3.498921e+01  1.417236041462467622e+00  1.455456494423552849e+00  1.543858535729138115e+00  1.845028855533761281e+00
222 4441 4.629466e-01 3.501082e+01  1.417236041462467622e+00  1.465016914971005058e+00  1.504728536571534381e+00  1.649205618404484985e+00
223 4461 4.596405e-01 3.501218e+01  1.417236041462467622e+00  1.448028942109027106e+00  1.555576027072099965e+00  1.734180822967759328e+00
224 4481 4.567174e-01 3.501143e+01  1.417236041462467622e+00  1.482324801840702477e+00  1.530993559189083975e+00  1.690365446905748747e+00
225 4501 4.552693e-01 3.501066e+01  1.417236041462467622e+00  1.462977884960718677e+00  1.518713908442393734e+00  1.804731553769554964e+00
226 4521 4.536336e-01 3.500879e+01  1.417236041462467622e+00  1.453478584033282450e+00  1.507502287739567404e+00  1.634988697619308873e+00
227 4541 4.501528e-01 3.499748e+01  1.416639780013127181e+00  1.416639780013127181e+00  1.513017013197412108e+00  1.630388980734253090e+00
228 4561 4.490419e-01 3.502351e+01  1.416639780013127181e+00  1.448709584262361405e+00  1.528581418565047922e+00  1.683420942052983094e+00
229 4581 4.489096e-01 3.503588e+01  1.416639780013127181e+00  1.447801883950543322e+00  1.513335423993268813e+00  1.602120615366037448e+00
230 4601 4.490451e-01 3.505182e+01  1.416639780013127181e+00  1.449175227924186293e+00  1.535618771811576355e+00  1.625235722130148330e+00
231 4621 4.475989e-01 3.505892e+01  1.416639780013127181e+00  1.450982474099501651e+00  1.510555543755851993e+00  6.628238551775750054e+00
232 4641 4.440991e-01 3.504847e+01  1.416639780013127181e+00  1.458291305932106763e+00  1.518719248815516565e+00  1.690214226516613572e+00
233 4661 4.397104e-01 3.505719e+01  1.416639780013127181e+00  1.447294017557269719e+00  1.532058269935972827e+00  1.666702198356022846e+00
234 4681 4.369901e-01 3.506920e+01  1.416639780013127181e+00  1.440576995013474804e+00  1.500006302195551644e+00  1.676966871525290559e+00
235 4701 4.340878e-01 3.506914e+01  1.416639780013127181e+00  1.437041571261159723e+00  1.497247030348232588e+00  1.557075452166204910e+00
236 4721 4.320021e-01 3.506732e+01  1.416639780013127181e+00  1.441055033691175824e+00  1.501871602254996496e+00  1.573573891688160087e+00
237 4741 4.311507e-01 3.505808e+01  1.416639780013127181e+00  1.440112031822073257e+00  1.516423653686671980e+00  6.602741802047039421e+00
238 4761 4.300619e-01 3.506118e+01  1.416639780013127181e+00  1.459041033242552299e+00  1.518070031912884588e+00  1.719426010544420347e+00
239 4781 4.296336e-01 3.505931e+01  1.416639780013127181e+00  1.458923007696585339e+00  1.521907825176181506e+00  1.618729333604246090e+00
240 4801 4.289641e-01 3.506646e+01  1.416639780013127181e+00  1.470872924843541929e+00  1.522012649347330271e+00  1.613547427425341185e+00
241 4821 4.262074e-01 3.506471e+01  1.416639780013127181e+00  1.434624215530931446e+00  1.507845198272704357e+00  1.599022631275769601e+00
242 4841 4.247716e-01 3.506638e+01  1.416639780013127181e+00  1.459340330698901900e+00  1.494802133741776506e+00  1.669566481011775183e+00
243 4861 4.216718e-01 3.506180e+01  1.416639780013127181e+00  1.455825324612342930e+00  1.536117987483239133e+00  6.734006899875136121e+00
244 4881 4.192019e-01 3.506949e+01  1.416639780013127181e+00  1.458085100364077125e+00  1.488244584974179219e+00  1.613418351545630625e+00
245 4901 4.179713e-01 3.507245e+01  1.416639780013127181e+00  1.474467191098940422e+00  1.514253417095676291e+00  1.614253309315256457e+00
246 4921 4.167743e-01 3.509543e+01  1.416639780013127181e+00  1.474949540833501604e+00  1.512801141575128128e+00  1.696924287591317526e+00
247 4941 4.163903e-01 3.510092e+01  1.416639780013127181e+00  1.433392174922226481e+00  1.509305205635189662e+00  1.569578714743257386e+00
248 4961 4.147999e-01 3.512474e+01  1.416639780013127181e+00  1.450479024761454960e+00  1.511945191429318491e+00  1.617719256046274534e+00
249 4981 4.130710e-01 3.512878e+01  1.416639780013127181e+00  1.447919384169837453e+00  1.496637272852546108e+00  1.612306498595694748e+00
250 5001 4.140806e-01 3.513925e+01  1.416639780013127181e+00  1.438985360934122992e+00  1.507149871754641879e+00  1.650402463624478067e+00
251 5021 4.142926e-01 3.516343e+01  1.416639780013127181e+00  1.450807976858977666e+00  1.486777208746084433e+00  1.584496939924065373e+00
252 5041 4.175248e-01 3.515921e+01  1.416639780013127181e+00  1.438339768433428478e+00  1.501733060240640683e+00  1.650057845554834701e+00
253 5061 4.179901e-01 3.516769e+01  1.416639780013127181e+00  1.439178450795549402e+00  1.513454677481527622e+00  6.643185219255019369e+00
254 5081 4.171862e-01 3.515424e+01  1.416639780013127181e+00  1.459385315131245253e+00  1.503122265472613073e+00  6.518687707395430131e+00
255 5101 4.171065e-01 3.515935e+01  1.416639780013127181e+00  1.451862424680744335e+00  1.498322271117655813e+00  1.701764043688971384e+00
256 5121 4.173741e-01 3.515270e+01  1.416639780013127181e+00  1.454925463752035242e+00  1.518120314789377812e+00  1.630370106117213780e+00
257 5141 4.158832e-01 3.515299e+01  1.416639780013127181e+00  1.437770437537754464e+00  1.502614522971479127e+00  1.594672230434372340e+00
258 5161 4.151015e-01 3.517348e+01  1.416639780013127181e+00  1.451819274556590322e+00  1.490885517584258357e+00  4.158261871715586366e+00
259 5181 4.139374e-01 3.518687e+01  1.416639780013127181e+00  1.451232074651727988e+00  1.524738248469572621e+00  6.573481927448449724e+00
260 5201 4.141555e-01 3.518346e+01  1.416639780013127181e+00  1.450764324742465750e+00  1.523352542103168172e+00  4.134255677073154445e+00
261 5221 4.131097e-01 3.518392e+01  1.415063040664360505e+00  1.415063040664360505e+00  1.503147447276454551e+00  1.622055706799432784e+00
262 5241 4.131978e-01 3.519321e+01  1.415063040664360505e+00  1.448029682819100383e+00  1.501795657583731680e+00  1.679570213244723220e+00
263 5261 4.139348e-01 3.520741e+01  1.415063040664360505e+00  1.451048128544493832e+00  1.509870030971154353e+00  1.715800465179901035e+00
264 5281 4.136992e-01 3.521099e+01  1.415063040664360505e+00  1.439861298859756111e+00  1.504278924264266681e+00  1.635034826193449309e+00
265 5301 4.130889e-01 3.521887e+01  1.415063040664360505e+00  1.450071767133736866e+00  1.499689381456296822e+00  1.584505708822224967e+00
266 5321 4.125270e-01 3.523415e+01  1.415063040664360505e+00  1.447959724653381297e+00  1.521698804811023820e+00  1.615628893289517087e+00
267 5341 4.144306e-01 3.523182e+01  1.415063040664360505e+00  1.421921476798504003e+00  1.487560426516775447e+00  1.642947124775354650e+00
268 5361 4.154430e-01 3.524062e+01  1.415063040664360505e+00  1.430032635918296657e+00  1.493971261821649410e+00  1.760356497398979814e+00
269 5381 4.175289e-01 3.524455e+01  1.415063040664360505e+00  1.438524596470477368e+00  1.485831242233415228e+00  1.609065136954334507e+00
270 5401 4.181202e-01 3.523715e+01  1.415063040664360505e+00  1.442976035279599500e+00  1.512476035882864611e+00  1.639204261549288999e+00
271 5421 4.174900e-01 3.523019e+01  1.415063040664360505e+00  1.443580935204396898e+00  1.486750988370172610e+00  1.661448357955984445e+00
272 5441 4.171107e-01 3.523755e+01  1.411594821127157395e+00  1.411594821127157395e+00  1.490813740987093627e+00  1.648898629677137739e+00
273 5461 4.172359e-01 3.523513e+01  1.411594821127157395e+00  1.433849263078915026e+00  1.503698297830343478e+00  6.563145767773812089e+00
274 5481 4.174423e-01 3.524097e+01  1.411594821127157395e+00  1.433271784627505374e+00  1.493532490165392357e+00  3.175473275738114332e+00
275 5501 4.175467e-01 3.524017e+01  1.411594821127157395e+00  1.430680192238601434e+00  1.516812187115614829e+00  1.698356028081582814e+00
276 5521 4.169052e-01 3.525600e+01  1.411594821127157395e+00  1.438975128016774407e+00  1.502574567747493539e+00  1.676626098005604026e+00
277 5541 4.165007e-01 3.525534e+01  1.411594821127157395e+00  1.450570832536463461e+00  1.486502107045942100e+00  1.617160112924940885e+00
278 5561 4.144455e-01 3.528017e+01  1.411594821127157395e+00  1.430574996908211105e+00  1.500237670240509580e+00  1.694979024365380171e+00
279 5581 4.114857e-01 3.528149e+01  1.411594821127157395e+00  1.428642603549726164e+00  1.507554582582769864e+00  4.213004820753560864e+00
280 5601 4.098621e-01 3.528724e+01  1.411594821127157395e+00  1.435189498618483439e+00  1.476126161045721474e+00  1.727865773340090616e+00
281 5621 4.070384e-01 3.530564e+01  1.411594821127157395e+00  1.455401360679895673e+00  1.493035558201725621e+00  1.614321852807423463e+00
282 5641 4.044344e-01 3.532075e+01  1.411594821127157395e+00  1.433884476916619022e+00  1.494198679799270568e+00  1.609892644788434746e+00
283 5661 4.038393e-01 3.531472e+01  1.411594821127157395e+00  1.453079079289784747e+00  1.501691583347185333e+00  1.745078246639972130e+00
284 5681 4.038826e-01 3.531321e+01  1.411594821127157395e+00  1.439284379618143817e+00  1.479590463868120764e+00  1.627496858842452099e+00
285 5701 4.026653e-01 3.531829e+01  1.411594821127157395e+00  1.448746637323859554e+00  1.522636965382214047e+00  1.719043089095473986e+00
286 5721 4.006485e-01 3.533980e+01  1.411594821127157395e+00  1.423264297583493931e+00  1.476041554615647566e+00  1.587512119725922100e+00
287 5741 3.995007e-01 3.534873e+01  1.411594821127157395e+00  1.428878523767995512e+00  1.463927297451390164e+00  1.534830845164552926e+00
288 5761 3.978628e-01 3.534374e+01  1.411594821127157395e+00  1.433685735689050667e+00  1.481387874687602579e+00  6.768779199619124221e+00
289 5781 3.972003e-01 3.535079e+01  1.411594821127157395e+00  1.450185344869784343e+00  1.485139205717412647e+00  1.614197078139530284e+00
290 5801 3.973843e-01 3.534053e+01  1.411594821127157395e+00  1.424195050748339408e+00  1.509692107740804978e+00  4.130530065658880368e+00
291 5821 3.974607e-01 3.536432e+01  1.411594821127157395e+00  1.440442766595534607e+00  1.494767353286267308e+00  6.728312096812884668e+00
292 5841 3.964683e-01 3.537815e+01  1.411594821127157395e+00  1.423427795496409187e+00  1.500329408796422515e+00  1.595738439599762470e+00
293 5861 3.944371e-01 3.537786e+01  1.411594821127157395e+00  1.429548958839500283e+00  1.501574563200119172e+00  6.642556161539990178e+00
294 5881 3.915533e-01 3.537501e+01  1.411594821127157395e+00  1.439582589465960183e+00  1.481817217060278136e+00  6.657818703544224448e+00
295 5901 3.887895e-01 3.537997e+01  1.411594821127157395e+00  1.418157879201811022e+00  1.488521085474798777e+00  1.635507140053800379e+00
296 5921 3.868918e-01 3.539274e+01  1.410938152885519603e+00  1.410938152885519603e+00  1.475897737173597291e+00  1.607004116811572070e+00
297 5941 3.849798e-01 3.540521e+01  1.410938152885519603e+00  1.431657665084784758e+00  1.482141671737295052e+00  1.599000003891741351e+00
298 5961 3.813023e-01 3.540197e+01  1.410938152885519603e+00  1.442907195251029728e+00  1.492858378994784463e+00  1.644663751322483103e+00
299 5981 3.795267e-01 3.541187e+01  1.410938152885519603e+00  1.434494233228841065e+00  1.474974656493294622e+00  1.645148176789470007e+00
300 6001 3.790587e-01 3.542070e+01  1.408665099323715308e+00  1.408665099323715308e+00  1.469744521683479022e+00  1.577368872597040728e+00
301 6021 3.779215e-01 3.543402e+01  1.408665099323715308e+00  1.418530284677182784e+00  1.472143862099975387e+00  1.579799024382355421e+00
302 6041 3.762319e-01 3.544659e+01  1.408665099323715308e+00  1.420794505818518738e+00  1.474380654679275926e+00  1.579449755399641608e+00
303 6061 3.748160e-01 3.544207e+01  1.408665099323715308e+00  1.423591838832176659e+00  1.466972209621640877e+00  1.581139887445468739e+00
304 6081 3.739984e-01 3.544479e+01  1.408665099323715308e+00  1.426336708081765048e+00  1.475025847772198251e+00  1.532140863485858207e+00
305 6101 3.744702e-01 3.547252e+01  1.408665099323715308e+00  1.415581733901704053e+00  1.467588159777490908e+00  1.587979712279617095e+00
306 6121 3.759381e-01 3.548330e+01  1.408665099323715308e+00  1.443735934698801682e+00  1.486848279892641678e+00  1.562289385874138459e+00
307 6141 3.751533e-01 3.547343e+01  1.408665099323715308e+00  1.437303324560983420e+00  1.483721979699172966e+00  1.572779962605648674e+00
308 6161 3.728379e-01 3.547287e+01  1.408665099323715308e+00  1.427812503756857865e+00  1.480939429125371909e+00  1.615026723878767001e+00
309 6181 3.698851e-01 3.547002e+01  1.408665099323715308e+00  1.430460390172092700e+00  1.481432799875976425e+00  1.567616006036916865e+00
310 6201 3.663974e-01 3.548832e+01  1.408665099323715308e+00  1.419626826274567932e+00  1.469343777287072550e+00  1.542484856528248960e+00
311 6221 3.623896e-01 3.548850e+01  1.408665099323715308e+00  1.415276867392373017e+00  1.473587791284699300e+00  6.646578758086110206e+00
312 6241 3.576622e-01 3.550695e+01  1.408665099323715308e+00  1.435287577306851636e+00  1.473568200164754316e+00  1.586511668098671723e+00
313 6261 3.546359e-01 3.550795e+01  1.408665099323715308e+00  1.434740560682717714e+00  1.483833454829697196e+00  6.656216350941381421e+00
314 6281 3.529314e-01 3.552682e+01  1.408665099323715308e+00  1.435002110500499750e+00  1.472195512049253585e+00  1.549609976444495718e+00
315 6301 3.503112e-01 3.553468e+01  1.408665099323715308e+00  1.417192649949003513e+00  1.459321861427501199e+00  1.578303445886809708e+00
316 6321 3.479936e-01 3.554129e+01  1.408665099323715308e+00  1.427415625713140068e+00  1.473551137522500998e+00  1.602591230963338331e+00
317 6341 3.467404e-01 3.555499e+01  1.408665099323715308e+00  1.423447583800031113e+00  1.463218156746579179e+00  1.565514708013925782e+00
318 6361 3.459737e-01 3.556241e+01  1.408665099323715308e+00  1.414374416503908716e+00  1.469242217113607474e+00  1.560841449465586894e+00
319 6381 3.440122e-01 3.556436e+01  1.408665099323715308e+00  1.423733582138694054e+00  1.457294519132461996e+00  1.591390922697025978e+00
320 6401 3.422450e-01 3.558104e+01  1.408665099323715308e+00  1.416223912820934627e+00  1.468018563195108594e+00  1.585493484167399769e+00
321 6421 3.396988e-01 3.558751e+01  1.408665099323715308e+00  1.418152665648175548e+00  1.462379508195004174e+00  1.585284781664942688e+00
322 6441 3.360131e-01 3.563468e+01  1.408665099323715308e+00  1.421094551456345778e+00  1.460376481890289346e+00  1.567559737938952091e+00
323 6461 3.331716e-01 3.567937e+01  1.408665099323715308e+00  1.431780299612994467e+00  1.461361501088654702e+00  1.543549568071404199e+00
324 6481 3.318255e-01 3.570092e+01  1.408665099323715308e+00  1.418644514771528975e+00  1.471336669736142522e+00  6.494669953455028732e+00
325 6501 3.300901e-01 3.570574e+01  1.408665099323715308e+00  1.427216912250771630e+00  1.472529684793306259e+00  1.518293137146392358e+00
326 6521 3.294756e-01 3.571054e+01  1.408665099323715308e+00  1.423589326082966844e+00  1.458035432600923054e+00  1.554256125156031620e+00
327 6541 3.298007e-01 3.571481e+01  1.408665099323715308e+00  1.427496776768533371e+00  1.492111971507517953e+00  1.584325290142521103e+00
328 6561 3.295647e-01 3.575446e+01  1.408665099323715308e+00  1.422326309746708484e+00  1.464756034931412820e+00  1.513370904325395561e+00
329 6581 3.293653e-01 3.575228e+01  1.408665099323715308e+00  1.427461594893081331e+00  1.464517886751213194e+00  2.045730793182834351e+00
330 6601 3.295061e-01 3.575176e+01  1.408665099323715308e+00  1.414281113626803865e+00  1.463249869795100189e+00  6.555133773268922326e+00
331 6621 3.291340e-01 3.574909e+01  1.408665099323715308e+00  1.420642532900906252e+00  1.447096634431341844e+00  1.547755190741130660e+00
332 6641 3.289723e-01 3.576649e+01  1.408665099323715308e+00  1.421488690571139690e+00  1.449038539464559072e+00  1.564876137438155901e+00
333 6661 3.274420e-01 3.579766e+01  1.405168116967783876e+00  1.405168116967783876e+00  1.458869016680506281e+00  1.549700309934063824e+00
334 6681 3.265292e-01 3.581066e+01  1.405168116967783876e+00  1.425940670612948269e+00  1.451263711605758733e+00  4.120689812245021066e+00
335 6701 3.242798e-01 3.583370e+01  1.405168116967783876e+00  1.408922836004516288e+00  1.448810996116944416e+00  1.550534422751923991e+00
336 6721 3.238709e-01 3.582543e+01  1.405168116967783876e+00  1.414269520893870702e+00  1.439544674969915672e+00  1.490284270174292214e+00
337 6741 3.232175e-01 3.582783e+01  1.405168116967783876e+00  1.411997775808496725e+00  1.469957812984834966e+00  1.572731113739525455e+00
338 6761 3.221274e-01 3.583689e+01  1.405168116967783876e+00  1.425504192246429991e+00  1.449636741006513407e+00  2.817851647436993012e+00
339 6781 3.204892e-01 3.587494e+01  1.405168116967783876e+00  1.418795898481237439e+00  1.442020107549974117e+00  1.549399642584202041e+00
340 6801 3.187380e-01 3.588538e+01  1.405168116967783876e+00  1.421857427084058489e+00  1.460218438195763024e+00  1.606598687822698990e+00
341 6821 3.174670e-01 3.588797e+01  1.405168116967783876e+00  1.420154020109343662e+00  1.447119244723606979e+00  4.072448595171399788e+00
342 6841 3.154917e-01 3.589236e+01  1.405168116967783876e+00  1.412673944800001191e+00  1.453623344363312420e+00  4.017261274525249171e+00
343 6861 3.114817e-01 3.589534e+01  1.405168116967783876e+00  1.407865703417588099e+00  1.446501529719025569e+00  1.533894298032833392e+00
344 6881 3.087695e-01 3.590173e+01  1.405168116967783876e+00  1.406319557901398509e+00  1.439938458334711235e+00  6.611510283399117505e+00
345 6901 3.077615e-01 3.585314e+01  1.405168116967783876e+00  1.416162453762885187e+00  1.433893656756987767e+00  1.527515323238782585e+00
346 6921 3.044548e-01 3.583900e+01  1.405168116967783876e+00  1.413364798859036986e+00  1.444648084296004109e+00  1.535010412558135862e+00
347 6941 3.013546e-01 3.584351e+01  1.405168116967783876e+00  1.412429429977030138e+00  1.436304315062615355e+00  1.540449638080273687e+00
348 6961 2.983051e-01 3.586149e+01  1.400343922260150586e+00  1.400343922260150586e+00  1.432346212995768031e+00  1.560252648223920513e+00
349 6981 2.956279e-01 3.587663e+01  1.400343922260150586e+00  1.407555471212504905e+00  1.439333647109211745e+00  1.475886832940167093e+00
350 7001 2.920390e-01 3.587818e+01  1.400343922260150586e+00  1.409000994708972332e+00  1.447914999631857436e+00  4.074899573716853851e+00
351 7021 2.892063e-01 3.589988e+01  1.400343922260150586e+00  1.405423741548169181e+00  1.442515289336317785e+00  6.541056604421521037e+00
352 7041 2.872934e-01 3.589888e+01  1.400343922260150586e+00  1.410059710355213491e+00  1.436279535042038979e+00  1.559231634251593279e+00
353 7061 2.860122e-01 3.590835e+01  1.400343922260150586e+00  1.402324732817344932e+00  1.428098812419546171e+00  1.504240793801650433e+00
354 7081 2.846494e-01 3.589841e+01  1.393193209315956249e+00  1.393193209315956249e+00  1.429372693181798493e+00  1.464621050142008052e+00
355 7101 2.829793e-01 3.590393e+01  1.393193209315956249e+00  1.395017159364117187e+00  1.428297232547393047e+00  1.525564281595427119e+00
356 7121 2.815279e-01 3.592547e+01  1.386175300254268494e+00  1.386175300254268494e+00  1.423369298664877380e+00  1.494662386001990084e+00
357 7141 2.805751e-01 3.593825e+01  1.386175300254268494e+00  1.408746980800679394e+00  1.428753227373991574e+00  1.477301573723800221e+00
358 7161 2.800336e-01 3.595053e+01  1.386175300254268494e+00  1.405101793590278758e+00  1.432742533509819616e+00  1.541270478889260165e+00
359 7181 2.784244e-01 3.597234e+01  1.386175300254268494e+00  1.388913637761540754e+00  1.428253875276362272e+00  1.510933989350399242e+00
360 7201 2.763934e-01 3.599624e+01  1.386175300254268494e+00  1.401762441155134375e+00  1.430624123848442730e+00  1.489186809153456581e+00
361 7221 2.735082e-01 3.600857e+01  1.386175300254268494e+00  1.399649828789669703e+00  1.435590615250841307e+00  1.518769293087655514e+00
362 7241 2.716151e-01 3.604430e+01  1.386175300254268494e+00  1.393189180082936351e+00  1.432422668997705761e+00  1.481620212512386958e+00
363 7261 2.704014e-01 3.610544e+01  1.386175300254268494e+00  1.402292645562155160e+00  1.431484368148675301e+00  1.541368209969195435e+00
364 7281 2.687142e-01 3.611777e+01  1.386175300254268494e+00  1.392508165266239217e+00  1.441951259227405746e+00  1.481535006741843796e+00
365 7301 2.664223e-01 3.615144e+01  1.386175300254268494e+00  1.400300103775570681e+00  1.432022325098254889e+00  1.486249481969629249e+00
366 7321 2.647232e-01 3.618083e+01  1.386175300254268494e+00  1.406252463818246978e+00  1.420256935531354570e+00  1.521251379698357775e+00
367 7341 2.621350e-01 3.620482e+01  1.386175300254268494e+00  1.387432910048107093e+00  1.420420509025233091e+00  6.598989710142551424e+00
368 7361 2.604728e-01 3.621121e+01  1.386175300254268494e+00  1.398165783195522094e+00  1.430441320885082579e+00  1.650250043454258853e+00
369 7381 2.583940e-01 3.623628e+01  1.386175300254268494e+00  1.390269831629525665e+00  1.414602002633821964e+00  1.475056657857092057e+00
370 7401 2.578376e-01 3.625786e+01  1.381231949519284630e+00  1.381231949519284630e+00  1.413891679325211648e+00  1.466726057035620423e+00
371 7421 2.571472e-01 3.626015e+01  1.381231949519284630e+00  1.393019261554577115e+00  1.422751284688456686e+00  1.533922529958916980e+00
372 7441 2.567014e-01 3.627763e+01  1.381231949519284630e+00  1.394232583486729071e+00  1.412372014064777748e+00  1.446629975772786514e+00
373 7461 2.560554e-01 3.629268e+01  1.381231949519284630e+00  1.390406836453223605e+00  1.417760037004101470e+00  1.439380171225786542e+00
374 7481 2.548779e-01 3.632223e+01  1.381231949519284630e+00  1.397051145928448479e+00  1.417411633074135091e+00  1.512184232509743431e+00
375 7501 2.540305e-01 3.636034e+01  1.381231949519284630e+00  1.391280526276066132e+00  1.425795605977695502e+00  1.962008857600115341e+00
376 7521 2.527449e-01 3.639378e+01  1.381231949519284630e+00  1.388595312469088405e+00  1.417522213769213835e+00  6.620545395250693410e+00
377 7541 2.521682e-01 3.643846e+01  1.381231949519284630e+00  1.386944680736873048e+00  1.407546878515425037e+00  1.444019094750422116e+00
378 7561 2.499488e-01 3.644087e+01  1.381231949519284630e+00  1.394103303221654988e+00  1.404655598374243475e+00  1.459057815574224204e+00
379 7581 2.498355e-01 3.645133e+01  1.381231949519284630e+00  1.396108903601826823e+00  1.423911462947035522e+00  1.489827264435844789e+00
380 7601 2.484336e-01 3.647435e+01  1.381231949519284630e+00  1.386112803539209182e+00  1.418598184274309837e+00  1.474728865855419180e+00
381 7621 2.461307e-01 3.648726e+01  1.381231949519284630e+00  1.391375786509593260e+00  1.419153321790834976e+00  1.453704722490447798e+00
382 7641 2.443692e-01 3.651264e+01  1.381231949519284630e+00  1.388014934219990337e+00  1.421272234695597714e+00  1.504005445173937749e+00
383 7661 2.420772e-01 3.654438e+01  1.381231949519284630e+00  1.390980795663471437e+00  1.419835630718830899e+00  1.458789996494936680e+00
384 7681 2.401716e-01 3.656202e+01  1.381231949519284630e+00  1.390095098168937726e+00  1.413367406424629102e+00  6.607395410459075080e+00
385 7701 2.385044e-01 3.657244e+01  1.381231949519284630e+00  1.391160684522723123e+00  1.413347800968868029e+00  6.617889402643177377e+00
386 7721 2.370519e-01 3.658025e+01  1.381231949519284630e+00  1.394416322601558900e+00  1.424992315259934639e+00  1.546611935566782892e+00
387 7741 2.361553e-01 3.658857e+01  1.381231949519284630e+00  1.387904617848183531e+00  1.414968983387278278e+00  1.479760222005355619e+00
388 7761 2.351319e-01 3.659100e+01  1.381231949519284630e+00  1.387447174550835438e+00  1.404567826451364798e+00  1.486160548192189124e+00
389 7781 2.341599e-01 3.659277e+01  1.381231949519284630e+00  1.381707147726821017e+00  1.411896217808965570e+00  1.452575102028569765e+00
390 7801 2.339198e-01 3.660716e+01  1.381231949519284630e+00  1.385010736717541713e+00  1.416629592982799446e+00  1.545662992500832278e+00
391 7821 2.340777e-01 3.663714e+01  1.381231949519284630e+00  1.383052493455419141e+00  1.415153082136616280e+00  6.648277880391945338e+00
392 7841 2.341865e-01 3.664699e+01  1.381231949519284630e+00  1.385442157659317886e+00  1.406113761757294300e+00  1.460770887133592044e+00
393 7861 2.339592e-01 3.667265e+01  1.381231949519284630e+00  1.386166655448190843e+00  1.411948422785015200e+00  6.625526727100500501e+00
394 7881 2.341336e-01 3.669100e+01  1.376776175257184542e+00  1.376776175257184542e+00  1.404615185723444792e+00  1.448937716165639600e+00
395 7901 2.337696e-01 3.670967e+01  1.376776175257184542e+00  1.384005040583104362e+00  1.411265972720973982e+00  1.440403425017410033e+00
396 7921 2.330219e-01 3.671558e+01  1.376776175257184542e+00  1.389774904224839069e+00  1.404538836993580730e+00  3.786353740912391963e+00
397 7941 2.326530e-01 3.671697e+01  1.376776175257184542e+00  1.386267183983032947e+00  1.398275536726571788e+00  1.438097778173387686e+00
398 7961 2.334973e-01 3.671964e+01  1.376776175257184542e+00  1.391890338821307971e+00  1.406269770825704368e+00  1.468351525992295015e+00
399 7981 2.330691e-01 3.672071e+01  1.376776175257184542e+00  1.388050052666925716e+00  1.409142968785766614e+00  1.464827983969875680e+00
400 8001 2.315248e-01 3.673635e+01  1.376776175257184542e+00  1.382342700354822984e+00  1.412321316338303268e+00  6.690485126211068945e+00
