%  columns="iteration, evaluation, sigma, axis ratio, bestever, best, median, worst fitness function value, further objective values of best" (startseed=213949, 2017/07/28 22:30:35.50)
1 21 1.071239e+00 1.120497e+02  2.002003030311862108e+00  2.177891218087092184e+00  2.584858364989515600e+00  3.376285347444405449e+00
2 41 1.034233e+00 1.120941e+02  2.002003030311862108e+00  2.161112319760163825e+00  2.461163256388408271e+00  3.149203698230481852e+00
3 61 1.005275e+00 1.121553e+02  2.002003030311862108e+00  2.201816777751858467e+00  2.555150285425798806e+00  2.866352787485976883e+00
4 81 9.803818e-01 1.121829e+02  2.002003030311862108e+00  2.136703379578202888e+00  2.376600987071676219e+00  4.550250346238702726e+00
5 101 9.560874e-01 1.121954e+02  2.002003030311862108e+00  2.234968162054749019e+00  2.404133254867947933e+00  3.012581773978877386e+00
6 121 9.369901e-01 1.121976e+02  2.002003030311862108e+00  2.330213493910337164e+00  2.540838602256994427e+00  3.022275864714912164e+00
7 141 9.236160e-01 1.123266e+02  2.002003030311862108e+00  2.176354169404858929e+00  2.496681227226784205e+00  2.913713276540658370e+00
8 161 9.138975e-01 1.122974e+02  2.002003030311862108e+00  2.133427453304876042e+00  2.374318319381793607e+00  2.709493607287113193e+00
9 181 8.998107e-01 1.123536e+02  2.002003030311862108e+00  2.136994643157601459e+00  2.359453667170168689e+00  2.871264794883012783e+00
10 201 8.884206e-01 1.124379e+02  2.002003030311862108e+00  2.101814280434870064e+00  2.452933522399101562e+00  2.948563127483624147e+00
11 221 8.743344e-01 1.124951e+02  2.002003030311862108e+00  2.082814112612835000e+00  2.332068561933684059e+00  2.950296027022571543e+00
12 241 8.605646e-01 1.124517e+02  2.002003030311862108e+00  2.157751358153756627e+00  2.437200713087179338e+00  2.773776795983235122e+00
13 261 8.520109e-01 1.124130e+02  2.002003030311862108e+00  2.165210243853687100e+00  2.351259734347441732e+00  4.117694224001798631e+00
14 281 8.415708e-01 1.124178e+02  2.002003030311862108e+00  2.178509282418400694e+00  2.418387891700241710e+00  2.706247062759283839e+00
15 301 8.309235e-01 1.124317e+02  2.002003030311862108e+00  2.162852893423522715e+00  2.477520216154796895e+00  2.856077985456605184e+00
16 321 8.193497e-01 1.124399e+02  2.002003030311862108e+00  2.163381163828795639e+00  2.316006716282329236e+00  3.889508890218492443e+00
17 341 8.096088e-01 1.124096e+02  2.002003030311862108e+00  2.103574016676390546e+00  2.438217384949757260e+00  4.182886018976406106e+00
18 361 8.025547e-01 1.123940e+02  2.002003030311862108e+00  2.156977686861057286e+00  2.404195733648599287e+00  4.164079229731529885e+00
19 381 7.974369e-01 1.124012e+02  2.002003030311862108e+00  2.153762404658394303e+00  2.345520701836457000e+00  3.080133792151915628e+00
20 401 7.933577e-01 1.123967e+02  2.002003030311862108e+00  2.178930955680937753e+00  2.383252195220380010e+00  3.605233512412311825e+00
21 421 7.916703e-01 1.124141e+02  2.002003030311862108e+00  2.132159828074080110e+00  2.373340440305780508e+00  2.742392006674362559e+00
22 441 7.885171e-01 1.124631e+02  2.002003030311862108e+00  2.119131663823921485e+00  2.379165443634943422e+00  3.916470942192007421e+00
23 461 7.827069e-01 1.124559e+02  2.002003030311862108e+00  2.153042027080485088e+00  2.442309147956636117e+00  4.110597037325192105e+00
24 481 7.788076e-01 1.124315e+02  2.002003030311862108e+00  2.185814588554644278e+00  2.412337628080409413e+00  6.225340179939424345e+00
25 501 7.747479e-01 1.124673e+02  2.002003030311862108e+00  2.132664883239823173e+00  2.362414151132794515e+00  2.872812320301299849e+00
26 521 7.692188e-01 1.123771e+02  2.002003030311862108e+00  2.078413058972252259e+00  2.253798857476831063e+00  3.970253935017419522e+00
27 541 7.660435e-01 1.122830e+02  2.002003030311862108e+00  2.108012578775658064e+00  2.262113014207216111e+00  4.026187245920870517e+00
28 561 7.638864e-01 1.123094e+02  2.002003030311862108e+00  2.132191925009383038e+00  2.310963289588875647e+00  2.746169123967115766e+00
29 581 7.621796e-01 1.123898e+02  2.002003030311862108e+00  2.079136408081889709e+00  2.281724626919478638e+00  2.855420929822610976e+00
30 601 7.603560e-01 1.123663e+02  2.002003030311862108e+00  2.071397021354632884e+00  2.305013798175530315e+00  4.169204852539571959e+00
31 621 7.586476e-01 1.123724e+02  2.002003030311862108e+00  2.108336929834706108e+00  2.240986922961009320e+00  2.777048786558176552e+00
32 641 7.548680e-01 1.123426e+02  2.002003030311862108e+00  2.112044966129711820e+00  2.369608134438193403e+00  2.715296654941909082e+00
33 661 7.527910e-01 1.123884e+02  2.002003030311862108e+00  2.109393257840254776e+00  2.310071116506708044e+00  2.610800906967918333e+00
34 681 7.527795e-01 1.123392e+02  2.002003030311862108e+00  2.130360381721192464e+00  2.314757484720132652e+00  3.872464832515222444e+00
35 701 7.491598e-01 1.123136e+02  2.002003030311862108e+00  2.139452250247313447e+00  2.287954427379187194e+00  6.241323440843070003e+00
36 721 7.471606e-01 1.122685e+02  2.002003030311862108e+00  2.147946276956482325e+00  2.363767060126714892e+00  2.750958534919607068e+00
37 741 7.451837e-01 1.122364e+02  2.002003030311862108e+00  2.140551496926339059e+00  2.335041034299808693e+00  2.845997501827790099e+00
38 761 7.429577e-01 1.121521e+02  2.002003030311862108e+00  2.175807048849957681e+00  2.357960678651101372e+00  2.681342336561367112e+00
39 781 7.376036e-01 1.121351e+02  2.002003030311862108e+00  2.145402336171092994e+00  2.359344140941709966e+00  4.080122570360931178e+00
40 801 7.333157e-01 1.121302e+02  2.002003030311862108e+00  2.094137806222983844e+00  2.354957453855583971e+00  2.628780114565616444e+00
41 821 7.268666e-01 1.121292e+02  2.002003030311862108e+00  2.132612760639191585e+00  2.308096607711314086e+00  2.614364452896331237e+00
42 841 7.219315e-01 1.121231e+02  2.002003030311862108e+00  2.161423184853369150e+00  2.271704910176521430e+00  2.654958649233496448e+00
43 861 7.163440e-01 1.121232e+02  2.002003030311862108e+00  2.126065133983374711e+00  2.319207473227659300e+00  3.846525525815293278e+00
44 881 7.117008e-01 1.121593e+02  2.002003030311862108e+00  2.146755955273403238e+00  2.325267698569150276e+00  4.038881370980648811e+00
45 901 7.083355e-01 1.120835e+02  2.002003030311862108e+00  2.175886946639805863e+00  2.361517512190510537e+00  4.118404665534757925e+00
46 921 7.054664e-01 1.120616e+02  2.002003030311862108e+00  2.129515950580095129e+00  2.309444543898822921e+00  4.086066581628148064e+00
47 941 7.023901e-01 1.120566e+02  2.002003030311862108e+00  2.120621885542473439e+00  2.311425300223067580e+00  4.450335278746076817e+00
48 961 6.991957e-01 1.120636e+02  2.002003030311862108e+00  2.113067434495493391e+00  2.342866973073499448e+00  3.110153141514877984e+00
49 981 6.985648e-01 1.120721e+02  2.002003030311862108e+00  2.060614053388352129e+00  2.269112772564309211e+00  2.843452159596769224e+00
50 1001 6.918889e-01 1.120760e+02  2.002003030311862108e+00  2.100939650822601035e+00  2.320717422949956976e+00  2.779835678587404768e+00
51 1021 6.870009e-01 1.121422e+02  2.002003030311862108e+00  2.113395432555182918e+00  2.298645875620001888e+00  2.541530646942098404e+00
52 1041 6.804679e-01 1.121379e+02  2.002003030311862108e+00  2.087907190609314956e+00  2.272928462634600688e+00  2.811688649074935320e+00
53 1061 6.739414e-01 1.121301e+02  2.002003030311862108e+00  2.165836826420252326e+00  2.323792039325133008e+00  2.702493599321678097e+00
54 1081 6.701062e-01 1.121095e+02  2.002003030311862108e+00  2.207953722130041818e+00  2.353747071702025462e+00  3.908698104582837285e+00
55 1101 6.626634e-01 1.120988e+02  2.002003030311862108e+00  2.132350957158135607e+00  2.282772810238354211e+00  2.665482780332240953e+00
56 1121 6.569217e-01 1.121008e+02  2.002003030311862108e+00  2.157604268181366525e+00  2.336661807235703048e+00  2.582733142192893183e+00
57 1141 6.518730e-01 1.121425e+02  2.002003030311862108e+00  2.120760539631098673e+00  2.269359647364163735e+00  4.120724441084975709e+00
58 1161 6.468885e-01 1.122770e+02  2.002003030311862108e+00  2.105591830681261545e+00  2.309466993265267831e+00  3.967530009457343798e+00
59 1181 6.435805e-01 1.122728e+02  2.002003030311862108e+00  2.104183754625051250e+00  2.217301395712569345e+00  2.889472025638904373e+00
60 1201 6.401909e-01 1.122925e+02  2.002003030311862108e+00  2.116269921308979285e+00  2.218350174061325397e+00  2.555215014376268634e+00
61 1221 6.360420e-01 1.122867e+02  2.002003030311862108e+00  2.154941175720213931e+00  2.310849127062544639e+00  4.005609198578109265e+00
62 1241 6.288889e-01 1.122913e+02  2.002003030311862108e+00  2.109876671121801550e+00  2.324992767073674749e+00  2.679665278589246746e+00
63 1261 6.216184e-01 1.122695e+02  2.002003030311862108e+00  2.119010165549702673e+00  2.241002996430382144e+00  2.675067692389948792e+00
64 1281 6.153292e-01 1.123373e+02  2.002003030311862108e+00  2.129858178094983234e+00  2.300725220285960049e+00  2.861363262952172359e+00
65 1301 6.087200e-01 1.123390e+02  2.002003030311862108e+00  2.103091452376946169e+00  2.298390092848653143e+00  2.611934341900684853e+00
66 1321 6.041752e-01 1.123124e+02  2.002003030311862108e+00  2.091854882171024332e+00  2.244035396358644796e+00  3.996575099545534915e+00
67 1341 5.988731e-01 1.122873e+02  2.002003030311862108e+00  2.105316085213448041e+00  2.275929940515560190e+00  2.574693546411448875e+00
68 1361 5.945586e-01 1.122012e+02  2.002003030311862108e+00  2.083598777088816245e+00  2.223554598427473827e+00  3.897809468664108490e+00
69 1381 5.912107e-01 1.122032e+02  2.002003030311862108e+00  2.087673054813454776e+00  2.226058049432934283e+00  4.071340028565853864e+00
70 1401 5.863859e-01 1.122560e+02  2.002003030311862108e+00  2.092595869880327530e+00  2.254472636112999862e+00  2.663025412712429763e+00
71 1421 5.795801e-01 1.122360e+02  2.002003030311862108e+00  2.118096273404461716e+00  2.238263208272210480e+00  2.389944425820602625e+00
72 1441 5.731102e-01 1.122330e+02  2.002003030311862108e+00  2.122189584372291993e+00  2.209184764567027948e+00  2.420220323160231501e+00
73 1461 5.653431e-01 1.122126e+02  2.002003030311862108e+00  2.136814459317755155e+00  2.233444103064245567e+00  2.498316045514069828e+00
74 1481 5.588669e-01 1.122895e+02  2.002003030311862108e+00  2.112913372676072932e+00  2.262175966543634509e+00  2.602919257632651195e+00
75 1501 5.558660e-01 1.122931e+02  2.002003030311862108e+00  2.124534029619554953e+00  2.208590837301751986e+00  2.622095303956873291e+00
76 1521 5.521829e-01 1.123154e+02  2.002003030311862108e+00  2.097040349418245242e+00  2.183970025724967901e+00  2.318077144151879043e+00
77 1541 5.483372e-01 1.123446e+02  2.002003030311862108e+00  2.059624961661659093e+00  2.226937359898049529e+00  3.909648733100759888e+00
78 1561 5.434073e-01 1.123684e+02  2.002003030311862108e+00  2.120097515222923779e+00  2.209431501921377272e+00  3.964566338212070384e+00
79 1581 5.389358e-01 1.124016e+02  2.002003030311862108e+00  2.105123337778679549e+00  2.227658918378305319e+00  2.818723634806276745e+00
80 1601 5.363974e-01 1.124332e+02  2.002003030311862108e+00  2.141845871163948978e+00  2.194793032256786791e+00  2.571908289924591529e+00
81 1621 5.322839e-01 1.124726e+02  2.002003030311862108e+00  2.077455449426587109e+00  2.176950743677451783e+00  2.509276014379316688e+00
82 1641 5.291040e-01 1.125718e+02  2.002003030311862108e+00  2.072041242937257888e+00  2.170182943754277893e+00  2.533665182821671191e+00
83 1661 5.278368e-01 1.126599e+02  2.002003030311862108e+00  2.083625280371025124e+00  2.225387206168781162e+00  2.576882875982978494e+00
84 1681 5.308982e-01 1.127160e+02  2.002003030311862108e+00  2.110155178868891923e+00  2.173405373350234981e+00  2.509348061729506085e+00
85 1701 5.350619e-01 1.127326e+02  2.002003030311862108e+00  2.082949782287134344e+00  2.240585208273765616e+00  2.537465201631152301e+00
86 1721 5.392059e-01 1.127473e+02  2.002003030311862108e+00  2.114234974308120130e+00  2.196947858357975569e+00  2.618925827883588742e+00
87 1741 5.435428e-01 1.128177e+02  2.002003030311862108e+00  2.107409296453360170e+00  2.244007484475714520e+00  3.785492967928444585e+00
88 1761 5.469945e-01 1.128768e+02  2.002003030311862108e+00  2.098194710657153017e+00  2.185819245436654512e+00  2.341122718730150432e+00
89 1781 5.472759e-01 1.129655e+02  2.002003030311862108e+00  2.092609408844830376e+00  2.200870809851751098e+00  2.332530816294329679e+00
90 1801 5.481407e-01 1.129400e+02  2.002003030311862108e+00  2.077505375978141888e+00  2.211660955357109160e+00  2.869932582583034630e+00
91 1821 5.490738e-01 1.129658e+02  2.002003030311862108e+00  2.111821178998893878e+00  2.226868226814696428e+00  2.536642789199611059e+00
92 1841 5.493384e-01 1.130148e+02  2.002003030311862108e+00  2.072667390099072637e+00  2.210490545701835785e+00  2.744348822754849149e+00
93 1861 5.500915e-01 1.130739e+02  2.002003030311862108e+00  2.106876415757164445e+00  2.262887923131784440e+00  3.927222829804213333e+00
94 1881 5.513798e-01 1.131479e+02  2.002003030311862108e+00  2.093837040991432641e+00  2.171773606458906158e+00  2.302652185879702884e+00
95 1901 5.514486e-01 1.131736e+02  2.002003030311862108e+00  2.125394601934131433e+00  2.220026986097476396e+00  2.734759072744208375e+00
96 1921 5.499720e-01 1.132230e+02  2.002003030311862108e+00  2.082697576906058945e+00  2.166890790990755100e+00  4.001712955774161529e+00
97 1941 5.510748e-01 1.133706e+02  2.002003030311862108e+00  2.114677190986735678e+00  2.295485906524125319e+00  2.804722714912482040e+00
98 1961 5.514880e-01 1.134177e+02  2.002003030311862108e+00  2.089620446456013081e+00  2.191374727695836633e+00  2.482574231880266602e+00
99 1981 5.541508e-01 1.135323e+02  2.002003030311862108e+00  2.095590672704745305e+00  2.220802529629203548e+00  4.012900526645506893e+00
100 2001 5.586952e-01 1.136172e+02  2.002003030311862108e+00  2.132180092789297099e+00  2.259090928727320424e+00  4.210172272797607640e+00
101 2021 5.602112e-01 1.137123e+02  2.002003030311862108e+00  2.112515354220195096e+00  2.227674516459851262e+00  2.736446124871462882e+00
102 2041 5.624324e-01 1.137482e+02  2.002003030311862108e+00  2.163857275829888849e+00  2.242239011661668613e+00  4.101846060324284338e+00
103 2061 5.632556e-01 1.138034e+02  2.002003030311862108e+00  2.115007031717054620e+00  2.234172285091328813e+00  5.881970920676600656e+00
104 2081 5.621052e-01 1.137794e+02  2.002003030311862108e+00  2.149704894640321662e+00  2.235615853816541154e+00  4.124524166217102383e+00
105 2101 5.592941e-01 1.137959e+02  2.002003030311862108e+00  2.103633230932358877e+00  2.202736984084036731e+00  2.385856788859687772e+00
106 2121 5.575655e-01 1.138321e+02  2.002003030311862108e+00  2.099027564938303669e+00  2.241447859290412126e+00  2.603728230248746556e+00
107 2141 5.562097e-01 1.139113e+02  2.002003030311862108e+00  2.100593755133161711e+00  2.236112131302237849e+00  3.896564238049659679e+00
108 2161 5.548872e-01 1.139824e+02  2.002003030311862108e+00  2.138251598871249382e+00  2.294481593920475682e+00  4.176121860539399933e+00
109 2181 5.536713e-01 1.140226e+02  2.002003030311862108e+00  2.138019327369981681e+00  2.288236217583663468e+00  3.957681437732204710e+00
110 2201 5.523140e-01 1.140438e+02  2.002003030311862108e+00  2.120397813657711072e+00  2.176615279704102068e+00  2.496311249576949720e+00
111 2221 5.498229e-01 1.140811e+02  2.002003030311862108e+00  2.113125316546430099e+00  2.246535671964325687e+00  5.813008991804170300e+00
112 2241 5.503420e-01 1.141366e+02  2.002003030311862108e+00  2.142796075694715086e+00  2.236853095192986807e+00  2.518112916489762654e+00
113 2261 5.493476e-01 1.142259e+02  2.002003030311862108e+00  2.071907060798118927e+00  2.228089516825463967e+00  2.455523462221184339e+00
114 2281 5.508859e-01 1.142608e+02  2.002003030311862108e+00  2.091626954903218927e+00  2.159833354322393539e+00  2.540956764477932062e+00
115 2301 5.543090e-01 1.142869e+02  2.002003030311862108e+00  2.108481239259307305e+00  2.181614374424760250e+00  2.344383426154578842e+00
116 2321 5.585242e-01 1.143321e+02  2.002003030311862108e+00  2.103405535664462533e+00  2.247030564160653832e+00  2.635168766296172027e+00
117 2341 5.591746e-01 1.143139e+02  2.002003030311862108e+00  2.116718047344551046e+00  2.298221939543919845e+00  4.067212154628902177e+00
118 2361 5.624875e-01 1.142869e+02  2.002003030311862108e+00  2.116466576238432484e+00  2.206358140710960036e+00  2.657133997583184915e+00
119 2381 5.686192e-01 1.143081e+02  2.002003030311862108e+00  2.134205641958172084e+00  2.249623859324959341e+00  2.970008157942739313e+00
120 2401 5.769959e-01 1.143548e+02  2.002003030311862108e+00  2.100863874671837994e+00  2.236438912786549160e+00  3.935997711498481433e+00
121 2421 5.829121e-01 1.143073e+02  2.002003030311862108e+00  2.114666975645677738e+00  2.283963149266396098e+00  3.903119337574036063e+00
122 2441 5.866326e-01 1.143192e+02  2.002003030311862108e+00  2.108690604875172792e+00  2.177131540300313084e+00  2.580376046184259753e+00
123 2461 5.903795e-01 1.143523e+02  2.002003030311862108e+00  2.141788899148484582e+00  2.227323417114369875e+00  2.568973926575569333e+00
124 2481 5.964263e-01 1.143579e+02  2.002003030311862108e+00  2.108084115842283612e+00  2.260094863900355300e+00  3.890329427573799403e+00
125 2501 6.035594e-01 1.143848e+02  2.002003030311862108e+00  2.143296818312480756e+00  2.249393709705676869e+00  2.409285856268749804e+00
126 2521 6.129557e-01 1.144100e+02  2.002003030311862108e+00  2.110213363246703722e+00  2.263430263546059695e+00  3.867674271200937763e+00
127 2541 6.215767e-01 1.143703e+02  2.002003030311862108e+00  2.140505227922944620e+00  2.273551476891688239e+00  2.776183879865695037e+00
128 2561 6.291981e-01 1.144372e+02  2.002003030311862108e+00  2.122711710073589941e+00  2.216718173185523000e+00  2.448402298110095465e+00
129 2581 6.327033e-01 1.143764e+02  2.002003030311862108e+00  2.121568990980325697e+00  2.207232143497738885e+00  2.791672363142926550e+00
130 2601 6.355956e-01 1.144008e+02  2.002003030311862108e+00  2.133937481904637501e+00  2.254363485292811387e+00  2.713081323849150905e+00
131 2621 6.375850e-01 1.144234e+02  2.002003030311862108e+00  2.113486787939778289e+00  2.261474769529796536e+00  4.034172620797379594e+00
132 2641 6.390064e-01 1.143935e+02  2.002003030311862108e+00  2.113454485318274845e+00  2.247001755756354857e+00  2.492607771511645698e+00
133 2661 6.388479e-01 1.144475e+02  2.002003030311862108e+00  2.123013823443660630e+00  2.281319958146394544e+00  3.857618122306293529e+00
134 2681 6.418820e-01 1.143824e+02  2.002003030311862108e+00  2.090192542138911147e+00  2.252304984770813867e+00  4.002376247869143810e+00
135 2701 6.434837e-01 1.143588e+02  2.002003030311862108e+00  2.127896374633167387e+00  2.259231396425875893e+00  3.988946209449104163e+00
136 2721 6.458548e-01 1.143565e+02  2.002003030311862108e+00  2.116357505452650667e+00  2.222533710721345201e+00  2.693921234089367456e+00
137 2741 6.438349e-01 1.142942e+02  2.002003030311862108e+00  2.145955816041976050e+00  2.267125878579953735e+00  4.000560806976124262e+00
138 2761 6.414429e-01 1.142809e+02  2.002003030311862108e+00  2.111213665796903616e+00  2.300108591944837855e+00  2.563215084615460881e+00
139 2781 6.416115e-01 1.142397e+02  2.002003030311862108e+00  2.109070787014121873e+00  2.274733893306617016e+00  4.134323999927460136e+00
140 2801 6.419719e-01 1.142321e+02  2.002003030311862108e+00  2.159149189288343429e+00  2.265190428740535111e+00  2.639974439855826471e+00
141 2821 6.413323e-01 1.141080e+02  2.002003030311862108e+00  2.138305446690558220e+00  2.231355031754110207e+00  4.039774163948061769e+00
142 2841 6.423375e-01 1.140576e+02  2.002003030311862108e+00  2.127896303885538742e+00  2.253758985541375104e+00  4.159429320843384126e+00
143 2861 6.422877e-01 1.141285e+02  2.002003030311862108e+00  2.104340240581361599e+00  2.298084168074021605e+00  2.868617799862770212e+00
144 2881 6.424973e-01 1.141023e+02  2.002003030311862108e+00  2.148462509876762461e+00  2.242848481843593866e+00  2.960587387406382387e+00
145 2901 6.407245e-01 1.141325e+02  2.002003030311862108e+00  2.128161520581767441e+00  2.224190179754272911e+00  2.537781382651727480e+00
146 2921 6.361237e-01 1.141453e+02  2.002003030311862108e+00  2.127877158730078655e+00  2.305335289915150021e+00  2.599966579243348175e+00
147 2941 6.302749e-01 1.141928e+02  2.002003030311862108e+00  2.121102228999028672e+00  2.314142620243318405e+00  2.578330587819985809e+00
148 2961 6.234921e-01 1.141478e+02  2.002003030311862108e+00  2.157510294893374869e+00  2.258610080441925128e+00  2.682614494466249333e+00
149 2981 6.178874e-01 1.141738e+02  2.002003030311862108e+00  2.127354108434614144e+00  2.240327764693225365e+00  2.585371380446110035e+00
150 3001 6.122136e-01 1.142482e+02  2.002003030311862108e+00  2.129450609382295578e+00  2.287455557454410648e+00  2.645347098640335570e+00
151 3021 6.045522e-01 1.142528e+02  2.002003030311862108e+00  2.155489641211381091e+00  2.264997917099671021e+00  2.499915798215533780e+00
152 3041 6.008303e-01 1.142113e+02  2.002003030311862108e+00  2.113162476059909256e+00  2.278069182329633513e+00  5.729648044183720756e+00
153 3061 5.984105e-01 1.142029e+02  2.002003030311862108e+00  2.119107108206664147e+00  2.212943012590300462e+00  2.607254578057524697e+00
154 3081 5.967179e-01 1.141758e+02  2.002003030311862108e+00  2.121045325770255285e+00  2.218053204538247947e+00  2.592897296925995576e+00
155 3101 5.955977e-01 1.141932e+02  2.002003030311862108e+00  2.095262592220204390e+00  2.206727862643937499e+00  2.780477689547049991e+00
156 3121 5.920905e-01 1.140556e+02  2.002003030311862108e+00  2.081591759155325239e+00  2.197768808757516013e+00  2.500508496052398666e+00
157 3141 5.898255e-01 1.140838e+02  2.002003030311862108e+00  2.092765628390694577e+00  2.226057321508334574e+00  2.502998290063947806e+00
158 3161 5.875819e-01 1.140662e+02  2.002003030311862108e+00  2.110958275663911365e+00  2.281022060608979274e+00  3.957409144879728391e+00
159 3181 5.845061e-01 1.140780e+02  2.002003030311862108e+00  2.126904579978198928e+00  2.283430064826289740e+00  4.127314970331707578e+00
160 3201 5.848137e-01 1.140479e+02  2.002003030311862108e+00  2.116421122175413672e+00  2.273601597454376400e+00  3.882650448643517382e+00
161 3221 5.810433e-01 1.140677e+02  2.002003030311862108e+00  2.099425552601737355e+00  2.211971198519492532e+00  4.268924686597610041e+00
162 3241 5.746740e-01 1.141104e+02  2.002003030311862108e+00  2.104304274633549188e+00  2.261854647920826800e+00  3.813393369762378526e+00
163 3261 5.666812e-01 1.141706e+02  2.002003030311862108e+00  2.132034300940994331e+00  2.210177796456393118e+00  2.649968249524937036e+00
164 3281 5.590460e-01 1.140914e+02  2.002003030311862108e+00  2.114080166491019597e+00  2.184433730022678155e+00  3.864625487029888617e+00
165 3301 5.552539e-01 1.140725e+02  2.002003030311862108e+00  2.091575238857410923e+00  2.234229002716650037e+00  2.566623664339352295e+00
166 3321 5.508606e-01 1.141780e+02  2.002003030311862108e+00  2.102477547013700931e+00  2.198059397898133760e+00  2.297300135120724285e+00
167 3341 5.438583e-01 1.141839e+02  2.002003030311862108e+00  2.149399993593216429e+00  2.224166568967937962e+00  2.745653611954296469e+00
168 3361 5.356377e-01 1.142059e+02  2.002003030311862108e+00  2.109551871406075918e+00  2.211624451381293710e+00  3.934328987055053517e+00
169 3381 5.286058e-01 1.142060e+02  2.002003030311862108e+00  2.105606644967878527e+00  2.209474903164148962e+00  5.818905579932209804e+00
170 3401 5.227498e-01 1.141774e+02  2.002003030311862108e+00  2.081546957160344213e+00  2.164527966418045679e+00  2.274179299886219585e+00
171 3421 5.173203e-01 1.141760e+02  2.002003030311862108e+00  2.128315095750727526e+00  2.224459983907781879e+00  2.602019441723780524e+00
172 3441 5.135055e-01 1.142073e+02  2.002003030311862108e+00  2.093343890274857344e+00  2.207204616179078371e+00  2.598571126406267418e+00
173 3461 5.081973e-01 1.142873e+02  2.002003030311862108e+00  2.094174920517967831e+00  2.209539848551328678e+00  2.568169878469742873e+00
174 3481 5.020765e-01 1.143036e+02  2.002003030311862108e+00  2.084092957136336910e+00  2.173189934353375818e+00  2.367641489122541909e+00
175 3501 4.968623e-01 1.144654e+02  2.002003030311862108e+00  2.099916366616200403e+00  2.208577532654096398e+00  2.937233240833716952e+00
176 3521 4.929883e-01 1.144203e+02  2.002003030311862108e+00  2.085303138711478432e+00  2.183560521736150228e+00  3.906135128126224210e+00
177 3541 4.905693e-01 1.144471e+02  2.002003030311862108e+00  2.133080436329052088e+00  2.195555211689701025e+00  2.705945889922010572e+00
178 3561 4.879227e-01 1.144319e+02  2.002003030311862108e+00  2.103339285299743455e+00  2.172238817505990127e+00  2.357083212910981551e+00
179 3581 4.862224e-01 1.144449e+02  2.002003030311862108e+00  2.079858584545309252e+00  2.196815157590314982e+00  3.904947136502629146e+00
180 3601 4.875947e-01 1.144691e+02  2.002003030311862108e+00  2.102961480878056122e+00  2.167088559747305965e+00  2.405005721863509915e+00
181 3621 4.894564e-01 1.145646e+02  2.002003030311862108e+00  2.073493192793470552e+00  2.165772607404051975e+00  3.951310660669307140e+00
182 3641 4.887157e-01 1.145622e+02  2.002003030311862108e+00  2.086722737988242038e+00  2.185544793682796083e+00  2.715328673251240499e+00
183 3661 4.893975e-01 1.145565e+02  2.002003030311862108e+00  2.098456536641833292e+00  2.217583734296414644e+00  2.430548831242688834e+00
184 3681 4.917590e-01 1.145260e+02  2.002003030311862108e+00  2.110672802658902558e+00  2.207254406765699173e+00  2.765427911970978148e+00
185 3701 4.937454e-01 1.144863e+02  2.002003030311862108e+00  2.109083557133538012e+00  2.230617046604161935e+00  5.800346307113730226e+00
186 3721 4.947727e-01 1.144639e+02  2.002003030311862108e+00  2.090939103715519831e+00  2.197120454870211237e+00  2.351278378066322006e+00
187 3741 4.949037e-01 1.143901e+02  2.002003030311862108e+00  2.115970932623731926e+00  2.203913605259820940e+00  2.653272790332645403e+00
188 3761 4.925784e-01 1.144021e+02  2.002003030311862108e+00  2.108170101254520201e+00  2.188956088699655744e+00  3.797063140342641141e+00
189 3781 4.895658e-01 1.144334e+02  2.002003030311862108e+00  2.095383662561574933e+00  2.172219795524440222e+00  2.405736920938078782e+00
190 3801 4.863633e-01 1.144407e+02  2.002003030311862108e+00  2.091101361011747262e+00  2.181668316482468839e+00  2.436530830463824682e+00
191 3821 4.814301e-01 1.145460e+02  2.002003030311862108e+00  2.075223243363860437e+00  2.145638850045209267e+00  2.568605709881562227e+00
192 3841 4.767491e-01 1.145912e+02  2.002003030311862108e+00  2.071227005872388283e+00  2.156327576892464570e+00  2.590434276140634928e+00
193 3861 4.703430e-01 1.146852e+02  2.002003030311862108e+00  2.093973968235720573e+00  2.199701905213215625e+00  2.552931818405103304e+00
194 3881 4.638436e-01 1.146894e+02  2.002003030311862108e+00  2.089485256679012970e+00  2.179365965233187818e+00  2.298627807411331325e+00
195 3901 4.584710e-01 1.146990e+02  2.002003030311862108e+00  2.068717932660361303e+00  2.166261249006698808e+00  3.804368622831532321e+00
196 3921 4.542055e-01 1.146900e+02  2.002003030311862108e+00  2.079436482568232325e+00  2.164651532771471931e+00  2.228084026986147936e+00
197 3941 4.521239e-01 1.146204e+02  2.002003030311862108e+00  2.090780475926324211e+00  2.166262099098519300e+00  2.633268923773293579e+00
198 3961 4.482127e-01 1.146002e+02  2.002003030311862108e+00  2.079218338346672024e+00  2.163616221787216354e+00  2.711458948228057775e+00
199 3981 4.453770e-01 1.145902e+02  2.002003030311862108e+00  2.076953116755237527e+00  2.159975606041578455e+00  3.806891811013922045e+00
200 4001 4.419074e-01 1.145932e+02  2.002003030311862108e+00  2.059284752628776083e+00  2.135542651148508053e+00  2.572839785619757347e+00
201 4021 4.399993e-01 1.147171e+02  2.002003030311862108e+00  2.055382155685869350e+00  2.151238979408062413e+00  2.598690978044685629e+00
202 4041 4.390918e-01 1.146994e+02  2.002003030311862108e+00  2.085515663795935559e+00  2.134145153587926558e+00  3.909914306055447764e+00
203 4061 4.390256e-01 1.146850e+02  2.002003030311862108e+00  2.084093948188454171e+00  2.181407425211346673e+00  2.635198102080152704e+00
204 4081 4.371630e-01 1.147104e+02  2.002003030311862108e+00  2.066650357155990658e+00  2.132905365488928950e+00  2.709794619097582569e+00
205 4101 4.346885e-01 1.147006e+02  2.002003030311862108e+00  2.122899647877549700e+00  2.181938590807103395e+00  3.867810975270401741e+00
206 4121 4.332600e-01 1.146961e+02  2.002003030311862108e+00  2.084462552478872244e+00  2.148677412064003978e+00  2.242698671271938338e+00
207 4141 4.308428e-01 1.147200e+02  2.002003030311862108e+00  2.077151707513640755e+00  2.174215081635598068e+00  2.571347003676140996e+00
208 4161 4.266766e-01 1.147190e+02  2.002003030311862108e+00  2.078017461079292083e+00  2.141117813018346361e+00  2.644737109653569451e+00
209 4181 4.214925e-01 1.147420e+02  2.002003030311862108e+00  2.078048582265506816e+00  2.131465441362814239e+00  2.191768322930872426e+00
210 4201 4.157407e-01 1.147523e+02  2.002003030311862108e+00  2.066000094066438031e+00  2.145677590143299618e+00  2.603392105238080845e+00
211 4221 4.111539e-01 1.147708e+02  2.002003030311862108e+00  2.074375619696470885e+00  2.116098317413256602e+00  3.819165867716953766e+00
212 4241 4.065104e-01 1.147644e+02  2.002003030311862108e+00  2.078959131146067119e+00  2.126224419768223850e+00  2.534258197746781516e+00
213 4261 4.029950e-01 1.147132e+02  2.002003030311862108e+00  2.084533753452419091e+00  2.127877781083375996e+00  2.387820475804215192e+00
214 4281 3.987125e-01 1.146588e+02  2.002003030311862108e+00  2.079536859282073546e+00  2.122214959038161375e+00  2.649196860913755280e+00
215 4301 3.938770e-01 1.146493e+02  2.002003030311862108e+00  2.089537074041714515e+00  2.138133154476902220e+00  2.384757170126236669e+00
216 4321 3.910094e-01 1.146811e+02  2.002003030311862108e+00  2.077910897550621527e+00  2.165641856327460424e+00  2.277853727639881143e+00
217 4341 3.909911e-01 1.146891e+02  2.002003030311862108e+00  2.062997725224462453e+00  2.160771126708857626e+00  2.538058262988424296e+00
218 4361 3.916903e-01 1.146937e+02  2.002003030311862108e+00  2.087614814261351981e+00  2.158760339086182256e+00  2.651586502357395236e+00
219 4381 3.897077e-01 1.146260e+02  2.002003030311862108e+00  2.091411160785958678e+00  2.156743051727664895e+00  2.634720925676091507e+00
220 4401 3.859544e-01 1.146536e+02  2.002003030311862108e+00  2.073809376551308148e+00  2.161169930287550667e+00  2.350194718104801073e+00
221 4421 3.806961e-01 1.145628e+02  2.002003030311862108e+00  2.076417350869556699e+00  2.143851012185520766e+00  3.738921560279970357e+00
222 4441 3.774704e-01 1.145704e+02  2.002003030311862108e+00  2.056025990601524356e+00  2.155446295395061718e+00  3.796987729863201988e+00
223 4461 3.745273e-01 1.145762e+02  2.002003030311862108e+00  2.070477765110900759e+00  2.133134384521893967e+00  2.715461650189657572e+00
224 4481 3.708537e-01 1.145730e+02  2.002003030311862108e+00  2.063480800033673290e+00  2.148962588669862228e+00  3.855422582668034170e+00
225 4501 3.672005e-01 1.145574e+02  2.002003030311862108e+00  2.067995707079305134e+00  2.120851477547708086e+00  2.551929697021837473e+00
226 4521 3.641686e-01 1.144674e+02  2.002003030311862108e+00  2.066617714335481359e+00  2.125629399262939145e+00  3.807440807506988101e+00
227 4541 3.608807e-01 1.144507e+02  2.002003030311862108e+00  2.063521687749557909e+00  2.128546590055496956e+00  2.274435604699445612e+00
228 4561 3.573743e-01 1.145120e+02  2.002003030311862108e+00  2.069635779585580426e+00  2.124877336996532140e+00  2.520386437580471206e+00
229 4581 3.537202e-01 1.145061e+02  2.002003030311862108e+00  2.074036775786769926e+00  2.109532742505644709e+00  3.753393865893471570e+00
230 4601 3.485180e-01 1.144547e+02  2.002003030311862108e+00  2.059016356186247787e+00  2.110544518311434636e+00  2.597713678678946536e+00
231 4621 3.434177e-01 1.144356e+02  2.002003030311862108e+00  2.042385458529455633e+00  2.127780424099750878e+00  3.772326242750303482e+00
232 4641 3.389704e-01 1.144274e+02  2.002003030311862108e+00  2.055824119513173898e+00  2.117148717681041070e+00  2.217874027724738628e+00
233 4661 3.355161e-01 1.144433e+02  2.002003030311862108e+00  2.060812299714707141e+00  2.104521475837892730e+00  2.529444503114401943e+00
234 4681 3.310342e-01 1.143886e+02  2.002003030311862108e+00  2.063147019686603301e+00  2.096533964113701742e+00  2.185566419984696029e+00
235 4701 3.270420e-01 1.143711e+02  2.002003030311862108e+00  2.062491765283877676e+00  2.109446233757555689e+00  2.636049760600495340e+00
236 4721 3.239439e-01 1.142963e+02  2.002003030311862108e+00  2.058274665936302039e+00  2.089981993989538545e+00  2.423920002888115377e+00
237 4741 3.211806e-01 1.142332e+02  2.002003030311862108e+00  2.061593683814141098e+00  2.135095453555173606e+00  2.548922975242787548e+00
238 4761 3.170065e-01 1.141875e+02  2.002003030311862108e+00  2.061845927319093441e+00  2.105335603450310344e+00  2.244765985978713463e+00
239 4781 3.128447e-01 1.141507e+02  2.002003030311862108e+00  2.050563984878630563e+00  2.100312167632107929e+00  3.765362015312357702e+00
240 4801 3.102657e-01 1.140297e+02  2.002003030311862108e+00  2.065519187437701465e+00  2.121308079998901697e+00  3.794599873767249498e+00
241 4821 3.071416e-01 1.140272e+02  2.002003030311862108e+00  2.057792913979568983e+00  2.093629686526674583e+00  2.560505110944921281e+00
242 4841 3.039067e-01 1.140470e+02  2.002003030311862108e+00  2.049791030847745610e+00  2.072233217882045064e+00  2.166956682480170482e+00
243 4861 3.010015e-01 1.140045e+02  2.002003030311862108e+00  2.044776666094560102e+00  2.111724575208884680e+00  3.709259129728990079e+00
244 4881 2.998472e-01 1.140892e+02  2.002003030311862108e+00  2.052194832296927451e+00  2.113677644654345045e+00  2.544657360328421269e+00
245 4901 2.979829e-01 1.140759e+02  2.002003030311862108e+00  2.041872096729975272e+00  2.086149061666365156e+00  2.209536347363024511e+00
246 4921 2.969719e-01 1.141563e+02  2.002003030311862108e+00  2.052785187715362003e+00  2.110882613445288492e+00  2.525144886654222987e+00
247 4941 2.956712e-01 1.141628e+02  2.002003030311862108e+00  2.046735408634522191e+00  2.099643783209509618e+00  2.192988812693356326e+00
248 4961 2.946163e-01 1.141928e+02  2.002003030311862108e+00  2.051602250088002677e+00  2.094274153309663600e+00  2.570330001460257030e+00
249 4981 2.947742e-01 1.141203e+02  2.002003030311862108e+00  2.059017285796841179e+00  2.094429083466915475e+00  2.128362761539880132e+00
250 5001 2.948085e-01 1.141032e+02  2.002003030311862108e+00  2.053867482639387010e+00  2.095414908545413013e+00  2.391700194187690531e+00
251 5021 2.951731e-01 1.142648e+02  2.002003030311862108e+00  2.046781150495059709e+00  2.088201363851049486e+00  3.825815986132826918e+00
252 5041 2.937426e-01 1.141902e+02  2.002003030311862108e+00  2.057684390888865344e+00  2.090778059282512480e+00  2.528566972003877922e+00
253 5061 2.938610e-01 1.142270e+02  2.002003030311862108e+00  2.045843140800125415e+00  2.083289001644574867e+00  2.241264956230890171e+00
254 5081 2.938945e-01 1.141971e+02  2.002003030311862108e+00  2.054782246224460707e+00  2.085895862327851624e+00  2.560705020100753071e+00
255 5101 2.938680e-01 1.141607e+02  2.002003030311862108e+00  2.054569888381936327e+00  2.084392682324201385e+00  2.578102609830419389e+00
256 5121 2.939144e-01 1.141666e+02  2.002003030311862108e+00  2.062010153614141306e+00  2.099977687985472130e+00  3.783274656779660017e+00
257 5141 2.926972e-01 1.142122e+02  2.002003030311862108e+00  2.048389818524146477e+00  2.096797222174186626e+00  2.163825851833485192e+00
258 5161 2.918422e-01 1.142248e+02  2.002003030311862108e+00  2.053567116695598660e+00  2.082699630174645211e+00  2.576800775664472187e+00
259 5181 2.897760e-01 1.142171e+02  2.002003030311862108e+00  2.058262438718622800e+00  2.097807317107126313e+00  2.206121944760349951e+00
260 5201 2.894664e-01 1.141979e+02  2.002003030311862108e+00  2.052557304495346902e+00  2.099157081113829371e+00  2.610534772435319617e+00
261 5221 2.891625e-01 1.142220e+02  2.002003030311862108e+00  2.046934822723235570e+00  2.085288883918829939e+00  3.846369811575552244e+00
262 5241 2.886048e-01 1.142218e+02  2.002003030311862108e+00  2.050962866979844978e+00  2.072561033118084595e+00  2.186942394489518104e+00
263 5261 2.874174e-01 1.141765e+02  2.002003030311862108e+00  2.053608896094806457e+00  2.094693160357959716e+00  2.294600419819225579e+00
264 5281 2.858364e-01 1.141314e+02  2.002003030311862108e+00  2.042723610844063398e+00  2.076256326317762912e+00  2.489471671240860662e+00
265 5301 2.842366e-01 1.142901e+02  2.002003030311862108e+00  2.061117039990465027e+00  2.099263561426374824e+00  3.819112977936648612e+00
266 5321 2.825689e-01 1.142877e+02  2.002003030311862108e+00  2.059606669153758673e+00  2.091275520996276782e+00  5.827174410286736439e+00
267 5341 2.798202e-01 1.142788e+02  2.002003030311862108e+00  2.052962186529899480e+00  2.096068201691974942e+00  2.521076491628235772e+00
268 5361 2.758352e-01 1.142610e+02  2.002003030311862108e+00  2.041122061224478479e+00  2.085742653411139624e+00  2.511594618345450947e+00
269 5381 2.729544e-01 1.141958e+02  2.002003030311862108e+00  2.059336575223455146e+00  2.088601278787261428e+00  3.810074518161497892e+00
270 5401 2.707696e-01 1.141879e+02  2.002003030311862108e+00  2.051410863243454674e+00  2.089875333372043009e+00  3.811255498196599589e+00
271 5421 2.686353e-01 1.141217e+02  2.002003030311862108e+00  2.048349602334215369e+00  2.074269888863874201e+00  2.151480978251265164e+00
272 5441 2.680686e-01 1.141229e+02  2.002003030311862108e+00  2.042881401295043808e+00  2.068309896578647056e+00  2.553130177818927482e+00
273 5461 2.687438e-01 1.141081e+02  2.002003030311862108e+00  2.044601333738967686e+00  2.080586062689876670e+00  2.214306050343175070e+00
274 5481 2.689733e-01 1.141079e+02  2.002003030311862108e+00  2.048422540463533892e+00  2.075996531170458681e+00  2.542535752964407703e+00
275 5501 2.691631e-01 1.141001e+02  2.002003030311862108e+00  2.056185596486031830e+00  2.098283937951311184e+00  2.569040719859579713e+00
276 5521 2.700324e-01 1.141449e+02  2.002003030311862108e+00  2.058165533360569288e+00  2.095985674760252770e+00  2.550118751605717993e+00
277 5541 2.715397e-01 1.141529e+02  2.002003030311862108e+00  2.045167404349297335e+00  2.087560797705731108e+00  2.271333729961572789e+00
278 5561 2.717260e-01 1.141862e+02  2.002003030311862108e+00  2.036997903632346674e+00  2.068811240843735355e+00  3.857989721803043004e+00
279 5581 2.729828e-01 1.141299e+02  2.002003030311862108e+00  2.057974975309297960e+00  2.078888313372740271e+00  2.555310852032330438e+00
280 5601 2.757055e-01 1.141710e+02  2.002003030311862108e+00  2.040786931027215534e+00  2.081855153131305869e+00  5.837888202700728613e+00
281 5621 2.764768e-01 1.141694e+02  2.002003030311862108e+00  2.041340702229361259e+00  2.079004475206209346e+00  2.194442243765165834e+00
282 5641 2.775175e-01 1.141197e+02  2.002003030311862108e+00  2.043736365593039395e+00  2.083280109815655479e+00  2.166529238493033471e+00
283 5661 2.778943e-01 1.140595e+02  2.002003030311862108e+00  2.047816685309564289e+00  2.069342690499454740e+00  2.133533859606864702e+00
284 5681 2.770285e-01 1.140224e+02  2.002003030311862108e+00  2.047966815438457822e+00  2.076624218884402850e+00  2.299033679334121061e+00
285 5701 2.760283e-01 1.140507e+02  2.002003030311862108e+00  2.051571465685092299e+00  2.075592638213012542e+00  2.282385909977159066e+00
286 5721 2.755711e-01 1.140783e+02  2.002003030311862108e+00  2.040850932154600006e+00  2.077499336317863321e+00  2.841515257731842325e+00
287 5741 2.752263e-01 1.140822e+02  2.002003030311862108e+00  2.050151381144714957e+00  2.064933683668862763e+00  2.112156896760067237e+00
288 5761 2.753196e-01 1.140634e+02  2.002003030311862108e+00  2.043222148092875390e+00  2.086431807853683651e+00  2.546542995077191840e+00
289 5781 2.752336e-01 1.140920e+02  2.002003030311862108e+00  2.041352141581414870e+00  2.082613462876050647e+00  2.176535728838310924e+00
290 5801 2.747802e-01 1.140491e+02  2.002003030311862108e+00  2.043499231163103058e+00  2.077500082252272229e+00  3.868545402456804450e+00
291 5821 2.751098e-01 1.140437e+02  2.002003030311862108e+00  2.041687092792483949e+00  2.080098354802292882e+00  2.831856289579998798e+00
292 5841 2.747280e-01 1.140273e+02  2.002003030311862108e+00  2.052198047718948093e+00  2.073426854271419373e+00  2.911236433085148789e+00
293 5861 2.748915e-01 1.139731e+02  2.002003030311862108e+00  2.049869457229406500e+00  2.104858118606704576e+00  3.786468139393375676e+00
294 5881 2.758475e-01 1.138263e+02  2.002003030311862108e+00  2.049525454837185290e+00  2.089797819120888356e+00  2.607099669116881291e+00
295 5901 2.772652e-01 1.137470e+02  2.002003030311862108e+00  2.048846543830676659e+00  2.088686360887062499e+00  2.590513637642716915e+00
296 5921 2.764954e-01 1.137489e+02  2.002003030311862108e+00  2.041885930440906716e+00  2.090448776895227567e+00  2.533332791124286665e+00
297 5941 2.760437e-01 1.136564e+02  2.002003030311862108e+00  2.047062325895300461e+00  2.074141410963616927e+00  2.150882193234600948e+00
298 5961 2.745874e-01 1.136263e+02  2.002003030311862108e+00  2.039081331447405443e+00  2.086282261711985608e+00  2.330210518033622780e+00
299 5981 2.733720e-01 1.136496e+02  2.002003030311862108e+00  2.050030496774433608e+00  2.069808759240652662e+00  2.321177600464191304e+00
300 6001 2.718370e-01 1.136827e+02  2.002003030311862108e+00  2.040798104631929455e+00  2.076392823932057929e+00  2.546777726939990494e+00
