%  columns="iteration, evaluation, sigma, axis ratio, bestever, best, median, worst fitness function value, further objective values of best" (startseed=212667, 2017/09/28 21:26:25.68)
1 21 1.066862e+00 2.241047e+01  9.978483294805181458e+02  9.985001002514298989e+02  1.000307339563300047e+04  1.000454957048098186e+04
2 41 1.027185e+00 2.243047e+01  9.978483294805181458e+02  9.985105861410974057e+02  1.000292518896725596e+04  1.000358675962589587e+04
3 61 9.968087e-01 2.243350e+01  9.978483294805181458e+02  9.984686805778324015e+02  1.000295525148816341e+04  1.000356407832448349e+04
4 81 9.695261e-01 2.244202e+01  9.978483294805181458e+02  9.984934707062793677e+02  1.000287478201926569e+04  1.000357658546895073e+04
5 101 9.462280e-01 2.244602e+01  9.978483294805181458e+02  9.984714125142711509e+02  1.000285596442415954e+04  1.000404921505552920e+04
6 121 9.208396e-01 2.246076e+01  9.978483294805181458e+02  9.985210685893654272e+02  1.000278047489767960e+04  1.000314598444442890e+04
7 141 9.022302e-01 2.246873e+01  9.978483294805181458e+02  9.983803787136496339e+02  9.985641620103606328e+02  1.000332094640564173e+04
8 161 8.894779e-01 2.247502e+01  9.978483294805181458e+02  9.982972747366809472e+02  1.000283815948836855e+04  1.000336978783126142e+04
9 181 8.770424e-01 2.248969e+01  9.978483294805181458e+02  9.983046715772542257e+02  1.000285702749914890e+04  1.000314332086193099e+04
10 201 8.664313e-01 2.250579e+01  9.978483294805181458e+02  9.982771109481171834e+02  9.985589320936044260e+02  1.000312018347045341e+04
11 221 8.530742e-01 2.250817e+01  9.978483294805181458e+02  9.983172259048341175e+02  1.000276524782276465e+04  1.000334814247530085e+04
12 241 8.403188e-01 2.251148e+01  9.978483294805181458e+02  9.982678250943366720e+02  5.500672977122363591e+03  1.000296199073111165e+04
13 261 8.287654e-01 2.251802e+01  9.978483294805181458e+02  9.979049266959988245e+02  1.000278626954907122e+04  1.000304287172609111e+04
14 281 8.145892e-01 2.251799e+01  9.978483294805181458e+02  9.982106265865205614e+02  9.985494404162079718e+02  1.000314901038363860e+04
15 301 8.045237e-01 2.253950e+01  9.978483294805181458e+02  9.981099820780322034e+02  9.985730751225471522e+02  1.000300424823241156e+04
16 321 7.955163e-01 2.254448e+01  9.978483294805181458e+02  9.982358167488706613e+02  9.985331517242141217e+02  1.000300600740585105e+04
17 341 7.862417e-01 2.256306e+01  9.978483294805181458e+02  9.980881956688538139e+02  9.985329372462624633e+02  1.000314853215787298e+04
18 361 7.792301e-01 2.256335e+01  9.976769184498945151e+02  9.976769184498945151e+02  9.984960398535869217e+02  1.000285161634838187e+04
19 381 7.728141e-01 2.256242e+01  9.976769184498945151e+02  9.978846801377751490e+02  1.000286940805930317e+04  1.000346739222454562e+04
20 401 7.685559e-01 2.256949e+01  9.976769184498945151e+02  9.978096526062914791e+02  1.000277483460421354e+04  1.000357103678832573e+04
21 421 7.693253e-01 2.258146e+01  9.976769184498945151e+02  9.980279278028207273e+02  9.985439861469596963e+02  1.000319268144843045e+04
22 441 7.673820e-01 2.258400e+01  9.975818689594215130e+02  9.975818689594215130e+02  5.500632462033840966e+03  1.000335700569587425e+04
23 461 7.640724e-01 2.259202e+01  9.975818689594215130e+02  9.977420393973510500e+02  9.985416142608552263e+02  1.000303455546634723e+04
24 481 7.634058e-01 2.260947e+01  9.971240887493568152e+02  9.971240887493568152e+02  9.984783359561718044e+02  1.000310027151191025e+04
25 501 7.617182e-01 2.261430e+01  9.971240887493568152e+02  9.973682293690300185e+02  1.000278056671586819e+04  1.000304851253610104e+04
26 521 7.625229e-01 2.261904e+01  9.970532486395609340e+02  9.970532486395609340e+02  9.984259466515134136e+02  1.000321329108147438e+04
27 541 7.648475e-01 2.262629e+01  9.970532486395609340e+02  9.977207089457068605e+02  5.501759244444358956e+03  1.000307857380675523e+04
28 561 7.693079e-01 2.263297e+01  9.970532486395609340e+02  9.973314115668749764e+02  5.500708420848804963e+03  1.000326263340994046e+04
29 581 7.710430e-01 2.262924e+01  9.970532486395609340e+02  9.977985614882539949e+02  1.000286237892131976e+04  1.000330260962971079e+04
30 601 7.727613e-01 2.264171e+01  9.970532486395609340e+02  9.981313858163196073e+02  9.984878315517019018e+02  1.000300250827311902e+04
31 621 7.723425e-01 2.265339e+01  9.970532486395609340e+02  9.972928129801358637e+02  1.000275834197362929e+04  1.000320904930115103e+04
32 641 7.707768e-01 2.266515e+01  9.970532486395609340e+02  9.978332749305127436e+02  1.000283878051722422e+04  1.000304403719683796e+04
33 661 7.718330e-01 2.267984e+01  9.970532486395609340e+02  9.981176486807421497e+02  9.985781155971388898e+02  1.000307145235408279e+04
34 681 7.731141e-01 2.269072e+01  9.970532486395609340e+02  9.979427190091698776e+02  1.000279588399071872e+04  1.000313274827863643e+04
35 701 7.709365e-01 2.269505e+01  9.970532486395609340e+02  9.980942934941506337e+02  5.501299323502670632e+03  1.000309738140167974e+04
36 721 7.689531e-01 2.270071e+01  9.970532486395609340e+02  9.981002084901319904e+02  9.985062502081498224e+02  1.000291275491758825e+04
37 741 7.682603e-01 2.269838e+01  9.970532486395609340e+02  9.977785167756738929e+02  9.984970746613241772e+02  1.000305020005404003e+04
38 761 7.653059e-01 2.270467e+01  9.970532486395609340e+02  9.972751873746693718e+02  5.500836626486850037e+03  1.000297696337093839e+04
39 781 7.600801e-01 2.270835e+01  9.970532486395609340e+02  9.974790457594366444e+02  5.501459536957644559e+03  1.000346593570559344e+04
40 801 7.550059e-01 2.271606e+01  9.962649702443695787e+02  9.962649702443695787e+02  5.501089375965849285e+03  1.000317542140537626e+04
41 821 7.535990e-01 2.271872e+01  9.955900528534592695e+02  9.955900528534592695e+02  1.000284217300063756e+04  1.000338841889553260e+04
42 841 7.522184e-01 2.271527e+01  9.955900528534592695e+02  9.971279418674572526e+02  1.000283470007738651e+04  1.000304918286781503e+04
43 861 7.490754e-01 2.272507e+01  9.955900528534592695e+02  9.972710754746663042e+02  5.500645939623542290e+03  1.000303163225676872e+04
44 881 7.435511e-01 2.272408e+01  9.955900528534592695e+02  9.973023685008080292e+02  1.000281216065179615e+04  1.000303558965865705e+04
45 901 7.389619e-01 2.272451e+01  9.955900528534592695e+02  9.972535666713329192e+02  5.500947258323262758e+03  1.000301773873999446e+04
46 921 7.344360e-01 2.273688e+01  9.955900528534592695e+02  9.968387975671213326e+02  1.000278091563619455e+04  1.000320535609305261e+04
47 941 7.312926e-01 2.273598e+01  9.951617310100484701e+02  9.951617310100484701e+02  1.000287322902665619e+04  1.000364221767531853e+04
48 961 7.289894e-01 2.274541e+01  9.951617310100484701e+02  9.978747302764822962e+02  5.501114901440250833e+03  1.000332846213995435e+04
49 981 7.265994e-01 2.275988e+01  9.951617310100484701e+02  9.974009120148253942e+02  9.985047515705630303e+02  1.000303237698501653e+04
50 1001 7.264959e-01 2.276240e+01  9.951617310100484701e+02  9.975430345071109741e+02  1.000280452098098613e+04  1.000300569113534584e+04
51 1021 7.237530e-01 2.276996e+01  9.951617310100484701e+02  9.975720698504242137e+02  9.984802621753844960e+02  1.000307787082918185e+04
52 1041 7.195367e-01 2.277714e+01  9.951617310100484701e+02  9.978128378431588317e+02  9.984685494748715655e+02  1.000302024159542634e+04
53 1061 7.152369e-01 2.278537e+01  9.951617310100484701e+02  9.971873958650775194e+02  9.983195039572954101e+02  1.000308521914111770e+04
54 1081 7.100579e-01 2.278922e+01  9.951617310100484701e+02  9.975003684348467914e+02  9.982623896190714277e+02  1.000336409267148156e+04
55 1101 7.066150e-01 2.277722e+01  9.951617310100484701e+02  9.972873779699928036e+02  1.000283407689415981e+04  1.000319313692614014e+04
56 1121 7.007211e-01 2.277045e+01  9.925947798696039399e+02  9.925947798696039399e+02  1.000280599647464260e+04  1.000304705014898900e+04
57 1141 6.950651e-01 2.277403e+01  9.925947798696039399e+02  9.939411965977769796e+02  1.000286145479303013e+04  1.000363285976549560e+04
58 1161 6.880580e-01 2.277438e+01  9.925947798696039399e+02  9.974677651232543667e+02  1.000282844775302510e+04  1.000330124287253966e+04
59 1181 6.854724e-01 2.277973e+01  9.925947798696039399e+02  9.976395367672588463e+02  9.984611318190317206e+02  1.000386916058119459e+04
60 1201 6.825808e-01 2.278632e+01  9.925947798696039399e+02  9.972728531959869542e+02  9.984251619454299771e+02  1.000316182730310720e+04
61 1221 6.800536e-01 2.279449e+01  9.925947798696039399e+02  9.972396601728926271e+02  5.500594533341098213e+03  1.000323043938888077e+04
62 1241 6.776081e-01 2.279574e+01  9.925947798696039399e+02  9.969608837756853745e+02  1.000276470148141379e+04  1.000298708554376753e+04
63 1261 6.732112e-01 2.280404e+01  9.925947798696039399e+02  9.964437138549146766e+02  9.981711992224502410e+02  1.000296864898629792e+04
64 1281 6.684981e-01 2.281533e+01  9.925947798696039399e+02  9.973830568386509867e+02  5.500667847640818763e+03  1.000305671523449200e+04
65 1301 6.634691e-01 2.281541e+01  9.925947798696039399e+02  9.973270886993651629e+02  1.000276864921337074e+04  1.000305014640519585e+04
66 1321 6.569591e-01 2.280498e+01  9.925947798696039399e+02  9.954490750589565096e+02  9.980455849207801293e+02  1.000286765276629740e+04
67 1341 6.510259e-01 2.281321e+01  9.925947798696039399e+02  9.970822763456662869e+02  1.000275166792648088e+04  1.000309413754936577e+04
68 1361 6.436787e-01 2.282315e+01  9.925947798696039399e+02  9.957657061266497749e+02  9.981900280248502213e+02  1.000313906129244606e+04
69 1381 6.392009e-01 2.281987e+01  9.925947798696039399e+02  9.969309947919965680e+02  1.000278801356401345e+04  1.000301632967665864e+04
70 1401 6.324314e-01 2.282034e+01  9.925947798696039399e+02  9.967484301629563106e+02  9.981695904909176988e+02  1.000319854905170905e+04
71 1421 6.279964e-01 2.282039e+01  9.925947798696039399e+02  9.971686321217343902e+02  5.501589801730141517e+03  1.000311895795814235e+04
72 1441 6.213443e-01 2.282582e+01  9.925947798696039399e+02  9.968580091547468101e+02  9.989313071536986399e+02  1.000362843249107209e+04
73 1461 6.155470e-01 2.283046e+01  9.925947798696039399e+02  9.971608753782510348e+02  9.980200914979798199e+02  1.000292580295899279e+04
74 1481 6.121560e-01 2.283395e+01  9.925947798696039399e+02  9.960530309438325958e+02  9.979062560097493133e+02  1.000289813188665903e+04
75 1501 6.106557e-01 2.283885e+01  9.925947798696039399e+02  9.958992848751958036e+02  9.982463267085790903e+02  1.000303699439089360e+04
76 1521 6.110220e-01 2.286714e+01  9.925947798696039399e+02  9.962614489337396435e+02  1.000278788378253375e+04  1.000299301251144971e+04
77 1541 6.128471e-01 2.288704e+01  9.925947798696039399e+02  9.971042305213771897e+02  9.985391662800900576e+02  1.000288150972077892e+04
78 1561 6.132375e-01 2.289712e+01  9.925947798696039399e+02  9.970892921365674511e+02  1.000279116656182669e+04  1.000291522260014608e+04
79 1581 6.124963e-01 2.290845e+01  9.925947798696039399e+02  9.963945261968995055e+02  9.981208987251538929e+02  1.000286721419434252e+04
80 1601 6.146227e-01 2.291668e+01  9.925947798696039399e+02  9.969858242933055408e+02  1.000278677213180708e+04  1.000294226944422917e+04
81 1621 6.174952e-01 2.291692e+01  9.925947798696039399e+02  9.970892114750860173e+02  1.000277937217626095e+04  1.000310919345280490e+04
82 1641 6.155330e-01 2.292912e+01  9.925947798696039399e+02  9.971596832269958668e+02  9.980374938180308391e+02  1.000303307593399222e+04
83 1661 6.152481e-01 2.293579e+01  9.925947798696039399e+02  9.961040769273425894e+02  1.000275846490696676e+04  1.000294970640017164e+04
84 1681 6.149862e-01 2.293938e+01  9.925947798696039399e+02  9.961670538649005948e+02  9.991631193791022270e+02  1.000297480126905248e+04
85 1701 6.165742e-01 2.294337e+01  9.925947798696039399e+02  9.965583566077015121e+02  1.000047711839692170e+03  1.000306110604197056e+04
86 1721 6.206771e-01 2.296379e+01  9.925947798696039399e+02  9.972004840249071549e+02  9.986341765261986438e+02  1.000310386857891717e+04
87 1741 6.236889e-01 2.297360e+01  9.925947798696039399e+02  9.971014294261407258e+02  9.981998836869092884e+02  1.000301215682080510e+04
88 1761 6.278864e-01 2.298690e+01  9.925947798696039399e+02  9.967242215084546615e+02  9.981948727914143547e+02  1.000288562827827627e+04
89 1781 6.302680e-01 2.299495e+01  9.925947798696039399e+02  9.958859856624444546e+02  9.982537700391853832e+02  1.000290039356927991e+04
90 1801 6.297617e-01 2.300993e+01  9.925947798696039399e+02  9.958933719012054553e+02  9.993910621664820155e+02  1.000295219038415780e+04
91 1821 6.279511e-01 2.301814e+01  9.925947798696039399e+02  9.958460520498166488e+02  9.991271396703951950e+02  1.000299515216567488e+04
92 1841 6.241645e-01 2.303242e+01  9.925947798696039399e+02  9.965199056419644421e+02  9.995978541488466362e+02  1.000300415914886617e+04
93 1861 6.233538e-01 2.303564e+01  9.925947798696039399e+02  9.961591028523381510e+02  9.979514832794138783e+02  1.000307177516727097e+04
94 1881 6.206447e-01 2.304299e+01  9.925947798696039399e+02  9.959264900088893455e+02  1.000277795854304168e+04  1.000302147091971528e+04
95 1901 6.177435e-01 2.305616e+01  9.925947798696039399e+02  9.951432224442995675e+02  9.980153122708679803e+02  1.000294362089661445e+04
96 1921 6.147960e-01 2.306910e+01  9.925947798696039399e+02  9.971689057795117606e+02  1.000276080261580501e+04  1.000302644106949629e+04
97 1941 6.117713e-01 2.308404e+01  9.925947798696039399e+02  9.967253744751265003e+02  9.979453406723980606e+02  1.000293651332027184e+04
98 1961 6.076386e-01 2.308857e+01  9.925947798696039399e+02  9.971663669823441296e+02  9.983371491876198434e+02  1.000291287022302640e+04
99 1981 6.078076e-01 2.309502e+01  9.925947798696039399e+02  9.975562207579922642e+02  1.000275995415854959e+04  1.000291863014729097e+04
100 2001 6.078731e-01 2.309940e+01  9.925947798696039399e+02  9.966053707814322706e+02  9.983602487196091033e+02  1.000292741789538741e+04
101 2021 6.067572e-01 2.310402e+01  9.925947798696039399e+02  9.971759317245580405e+02  9.984290937707885405e+02  1.000296091615444311e+04
102 2041 6.058645e-01 2.311076e+01  9.925947798696039399e+02  9.974150155894286627e+02  9.983682463021134481e+02  1.000310757530733827e+04
103 2061 6.044534e-01 2.312518e+01  9.925947798696039399e+02  9.970912261196511963e+02  9.984389904132087850e+02  1.000308922708944374e+04
104 2081 6.023691e-01 2.312904e+01  9.925947798696039399e+02  9.963764347769471215e+02  1.000284939689106864e+03  1.000301282352387534e+04
105 2101 5.975219e-01 2.313653e+01  9.925947798696039399e+02  9.963340831747256061e+02  9.981422811964798711e+02  1.000281326650506890e+04
106 2121 5.928445e-01 2.314166e+01  9.925947798696039399e+02  9.963884791158681082e+02  9.980098910916086652e+02  1.000292252514097709e+04
107 2141 5.886414e-01 2.314533e+01  9.925947798696039399e+02  9.962194656844542351e+02  9.982719969368556576e+02  1.000282056811852453e+04
108 2161 5.858092e-01 2.315195e+01  9.925947798696039399e+02  9.964480676635810141e+02  9.977437352548237186e+02  1.000292128526838678e+04
109 2181 5.848124e-01 2.315593e+01  9.925947798696039399e+02  9.968266008214184239e+02  9.981842561781093082e+02  1.000284709879542788e+04
110 2201 5.856187e-01 2.316442e+01  9.925947798696039399e+02  9.969050569227612186e+02  9.983339529826413354e+02  1.000293181922312033e+04
111 2221 5.878741e-01 2.319191e+01  9.925947798696039399e+02  9.952519924344480842e+02  9.982303283511602103e+02  1.000281375781906718e+04
112 2241 5.897637e-01 2.320261e+01  9.925947798696039399e+02  9.958702843667506386e+02  1.000277992940914919e+04  1.000290683264270046e+04
113 2261 5.926737e-01 2.322088e+01  9.925947798696039399e+02  9.934515520387139986e+02  9.982372742477928114e+02  1.000290231830777702e+04
114 2281 5.946722e-01 2.323874e+01  9.925947798696039399e+02  9.961498763069680535e+02  5.500284774173681399e+03  1.000289523896452556e+04
115 2301 5.961647e-01 2.325122e+01  9.925947798696039399e+02  9.957277131283178733e+02  9.982747280571541069e+02  1.000349509933628178e+04
116 2321 5.977760e-01 2.326508e+01  9.925947798696039399e+02  9.951750452097830930e+02  9.980228473310396566e+02  1.000301362579511442e+04
117 2341 5.985679e-01 2.326987e+01  9.925947798696039399e+02  9.953447229626845001e+02  1.000278868903476177e+04  1.000312342100061505e+04
118 2361 6.010451e-01 2.327745e+01  9.925947798696039399e+02  9.956146034088677652e+02  5.501176563160380283e+03  1.000298437212410681e+04
119 2381 6.035214e-01 2.327919e+01  9.925947798696039399e+02  9.959158505846875187e+02  1.000282642092139395e+04  1.000314967935165623e+04
120 2401 6.044127e-01 2.329315e+01  9.925947798696039399e+02  9.956843630939787317e+02  5.501443803217396635e+03  1.000308831391813692e+04
121 2421 6.032992e-01 2.329038e+01  9.925947798696039399e+02  9.963310069810285086e+02  9.979601869604632611e+02  1.000287632175189719e+04
122 2441 6.024773e-01 2.329611e+01  9.925947798696039399e+02  9.962220736709665516e+02  9.981622769412413163e+02  1.000301159111902598e+04
123 2461 6.024819e-01 2.329883e+01  9.925947798696039399e+02  9.960620573462824723e+02  9.982487315045323157e+02  1.000284032792856488e+04
124 2481 6.004797e-01 2.330749e+01  9.925947798696039399e+02  9.956397940044265624e+02  9.984555261782551270e+02  1.000297525421166756e+04
125 2501 5.985025e-01 2.331095e+01  9.925947798696039399e+02  9.959551063289168269e+02  9.973139853234536076e+02  1.000287154633361570e+04
126 2521 5.966638e-01 2.331757e+01  9.925947798696039399e+02  9.953369331898637711e+02  9.971274983210731762e+02  1.000290165504314609e+04
127 2541 5.927958e-01 2.331943e+01  9.925947798696039399e+02  9.954336520984895742e+02  5.501682327879168952e+03  1.000307484580270830e+04
128 2561 5.874052e-01 2.334752e+01  9.925947798696039399e+02  9.950194287641671735e+02  1.000277238600654164e+04  1.000353841639906022e+04
129 2581 5.836011e-01 2.335734e+01  9.925947798696039399e+02  9.954067999779671254e+02  9.984033114618214313e+02  1.000298984520030899e+04
130 2601 5.800622e-01 2.336066e+01  9.925947798696039399e+02  9.951060201877475038e+02  5.500800627730386623e+03  1.000321433399467969e+04
131 2621 5.783892e-01 2.337340e+01  9.925947798696039399e+02  9.955563662861588909e+02  9.992914717873167092e+02  1.000357954727935248e+04
132 2641 5.766947e-01 2.337691e+01  9.925947798696039399e+02  9.955310804576000692e+02  9.977034619373639543e+02  1.000305636322640567e+04
133 2661 5.754121e-01 2.338882e+01  9.925947798696039399e+02  9.960020306530921061e+02  9.977881956980302220e+02  1.000329483322624219e+04
134 2681 5.747688e-01 2.340139e+01  9.925947798696039399e+02  9.955024011756070195e+02  9.976611943408020124e+02  1.000289869567963615e+04
135 2701 5.746513e-01 2.340463e+01  9.925947798696039399e+02  9.958985091671307828e+02  5.500568639024458207e+03  1.000296537821354832e+04
136 2721 5.746130e-01 2.342440e+01  9.925947798696039399e+02  9.949495867239485278e+02  9.981894758190937864e+02  1.000297893329160433e+04
137 2741 5.749153e-01 2.343373e+01  9.925947798696039399e+02  9.955316280567556078e+02  9.993241339192381929e+02  1.000312772371872961e+04
138 2761 5.751614e-01 2.344048e+01  9.925947798696039399e+02  9.949545036769250146e+02  9.985271357776518926e+02  1.000290545787665724e+04
139 2781 5.751713e-01 2.345046e+01  9.925947798696039399e+02  9.959166639678621777e+02  9.991162814320555299e+02  1.000293599621950307e+04
140 2801 5.762687e-01 2.345924e+01  9.925947798696039399e+02  9.950118407201101718e+02  9.979118012735689263e+02  1.000290366322659247e+04
141 2821 5.763994e-01 2.346518e+01  9.925947798696039399e+02  9.952403441710750940e+02  9.978189916701030597e+02  1.000282443753635016e+04
142 2841 5.749725e-01 2.347090e+01  9.925947798696039399e+02  9.950546032888818218e+02  9.977055622758896334e+02  1.000289011949266933e+04
143 2861 5.757909e-01 2.347714e+01  9.925947798696039399e+02  9.955292450467969729e+02  1.000275660117689404e+04  1.000305686922380664e+04
144 2881 5.802239e-01 2.347614e+01  9.925947798696039399e+02  9.952528128217099948e+02  9.973807287415313567e+02  1.000300001073694875e+04
145 2901 5.831353e-01 2.348537e+01  9.925947798696039399e+02  9.953169406596150566e+02  9.973517864714704046e+02  1.000299376444808877e+04
146 2921 5.857899e-01 2.349187e+01  9.925947798696039399e+02  9.959527674156236117e+02  1.000276625646110915e+04  1.000304347031521502e+04
147 2941 5.891509e-01 2.349862e+01  9.925947798696039399e+02  9.950858787489622728e+02  9.974364484012523917e+02  1.000285419065683163e+04
148 2961 5.918815e-01 2.351318e+01  9.925947798696039399e+02  9.948205511728349393e+02  9.978766641261597670e+02  1.000291216058767532e+04
149 2981 5.919102e-01 2.351626e+01  9.925947798696039399e+02  9.951394583235349955e+02  1.000277547562903419e+04  1.000307650795388690e+04
150 3001 5.912400e-01 2.352190e+01  9.925947798696039399e+02  9.945105450289788678e+02  9.971485573062730055e+02  1.000311027806439233e+04
151 3021 5.899957e-01 2.352251e+01  9.925947798696039399e+02  9.949070063338086811e+02  9.975394939435623201e+02  1.000281503868513209e+04
152 3041 5.881436e-01 2.352604e+01  9.925947798696039399e+02  9.953740794689907716e+02  9.980280816439185401e+02  1.000303920295484022e+04
153 3061 5.830008e-01 2.352540e+01  9.925947798696039399e+02  9.952256606636922243e+02  1.000280017021079038e+04  1.000303040834386593e+04
154 3081 5.800544e-01 2.352902e+01  9.925947798696039399e+02  9.952277989254641852e+02  9.982071591676685784e+02  1.000316780057988035e+04
155 3101 5.781674e-01 2.353994e+01  9.925947798696039399e+02  9.950380956152998806e+02  9.972967020210464852e+02  1.000285442180123209e+04
156 3121 5.742461e-01 2.354678e+01  9.925947798696039399e+02  9.954787679863076164e+02  9.979805949043061446e+02  1.000297491670886120e+04
157 3141 5.695144e-01 2.355533e+01  9.925947798696039399e+02  9.951989076111569830e+02  9.972530524871399393e+02  1.000304543926832594e+04
158 3161 5.641818e-01 2.355709e+01  9.925947798696039399e+02  9.953710396416843196e+02  5.501556034202517367e+03  1.000294712557274579e+04
159 3181 5.618930e-01 2.356641e+01  9.925947798696039399e+02  9.952415067495948051e+02  1.000275503781579027e+04  1.000290094573004717e+04
160 3201 5.592607e-01 2.357321e+01  9.925947798696039399e+02  9.953076659005550937e+02  1.000276853581728210e+04  1.000294199712299996e+04
161 3221 5.545394e-01 2.358632e+01  9.925947798696039399e+02  9.951793343990387939e+02  9.982214175153264932e+02  1.000289056629930928e+04
162 3241 5.521516e-01 2.359493e+01  9.925947798696039399e+02  9.954222353652178299e+02  1.000276932736818890e+04  1.000327942633499697e+04
163 3261 5.498515e-01 2.360891e+01  9.925947798696039399e+02  9.952882393894228699e+02  9.972227692936656922e+02  1.000282515640346173e+04
164 3281 5.467732e-01 2.361153e+01  9.925947798696039399e+02  9.949144372164944343e+02  9.977172719231730298e+02  1.000291691325331885e+04
165 3301 5.438823e-01 2.361262e+01  9.925947798696039399e+02  9.949126411319060708e+02  9.970749056630131690e+02  1.000302034200876187e+04
166 3321 5.392797e-01 2.361535e+01  9.925947798696039399e+02  9.949774367243842335e+02  9.963988313161062251e+02  1.000295428320951578e+04
167 3341 5.320536e-01 2.361681e+01  9.925947798696039399e+02  9.947734873484032505e+02  1.000277515698632124e+04  1.000304549054765812e+04
168 3361 5.281274e-01 2.361809e+01  9.925947798696039399e+02  9.948288899008756516e+02  9.962321349313460814e+02  1.000279549281973959e+04
169 3381 5.248796e-01 2.361649e+01  9.925947798696039399e+02  9.939279276527122420e+02  9.985084507926835613e+02  1.000287363811783507e+04
170 3401 5.224853e-01 2.363003e+01  9.925947798696039399e+02  9.943746475555313964e+02  9.962050189799579130e+02  1.000292301351871538e+04
171 3421 5.226470e-01 2.363963e+01  9.925947798696039399e+02  9.949471438343339287e+02  9.984702468646572697e+02  1.000285256336104612e+04
172 3441 5.246343e-01 2.366365e+01  9.925947798696039399e+02  9.948528839751642181e+02  9.964022418857598495e+02  1.000288789537354933e+04
173 3461 5.240189e-01 2.368018e+01  9.925947798696039399e+02  9.942036494282415333e+02  5.501122961087121439e+03  1.000301272354659704e+04
174 3481 5.217100e-01 2.370063e+01  9.925947798696039399e+02  9.945774343616337774e+02  9.969585368079481213e+02  1.000289111388425590e+04
175 3501 5.218222e-01 2.371699e+01  9.925947798696039399e+02  9.948908419251473561e+02  9.971234870427540500e+02  1.000298930999908225e+04
176 3521 5.204718e-01 2.372513e+01  9.925947798696039399e+02  9.942394701290397734e+02  9.971332442207400391e+02  1.000286134702112759e+04
177 3541 5.167384e-01 2.373053e+01  9.925947798696039399e+02  9.941808197300591701e+02  9.969514313508541363e+02  1.000289789821848535e+04
178 3561 5.114612e-01 2.373797e+01  9.925947798696039399e+02  9.944300995985992131e+02  9.967739582577596593e+02  1.000284309227449921e+04
179 3581 5.045850e-01 2.374219e+01  9.925947798696039399e+02  9.952052360737661729e+02  9.973956309709516290e+02  1.000287625541015950e+04
180 3601 4.984401e-01 2.374803e+01  9.925947798696039399e+02  9.951314141856175866e+02  9.963338648843271130e+02  1.000302023220285628e+04
181 3621 4.920901e-01 2.377381e+01  9.925947798696039399e+02  9.942968146978869299e+02  9.956853947710891362e+02  1.000282911057835736e+04
182 3641 4.859531e-01 2.378193e+01  9.925947798696039399e+02  9.948727969710763546e+02  9.972823563060601373e+02  1.000296647558320728e+04
183 3661 4.800598e-01 2.378495e+01  9.925947798696039399e+02  9.947497544922028965e+02  9.964619118910435418e+02  1.000310328748971551e+04
184 3681 4.773210e-01 2.378603e+01  9.925947798696039399e+02  9.946760536286247998e+02  9.959503948456058424e+02  1.000288837522380527e+04
185 3701 4.738014e-01 2.378884e+01  9.925947798696039399e+02  9.949610270024661531e+02  9.972534652335865530e+02  1.000278597953365897e+04
186 3721 4.717148e-01 2.379452e+01  9.925947798696039399e+02  9.939789226734106933e+02  9.959259796408426837e+02  1.000280124093134691e+04
187 3741 4.686057e-01 2.380673e+01  9.925947798696039399e+02  9.941554835601580180e+02  9.958528949104702406e+02  1.000282423988346818e+04
188 3761 4.650485e-01 2.381690e+01  9.925947798696039399e+02  9.946153054110206995e+02  9.967916478697256935e+02  1.000287536108878521e+04
189 3781 4.645016e-01 2.381582e+01  9.925947798696039399e+02  9.938368733379018067e+02  9.954449454529685681e+02  1.000289766594239154e+04
190 3801 4.643282e-01 2.380581e+01  9.925947798696039399e+02  9.943082148421442525e+02  5.501508993191566333e+03  1.000291818233329104e+04
191 3821 4.640109e-01 2.381091e+01  9.925947798696039399e+02  9.939439199058236909e+02  9.968735170049986891e+02  1.000294061396822508e+04
192 3841 4.640514e-01 2.380865e+01  9.925947798696039399e+02  9.945688073453893594e+02  9.966782911445695845e+02  1.000287298700960855e+04
193 3861 4.629885e-01 2.381782e+01  9.925947798696039399e+02  9.950054709144466187e+02  9.957686565448018428e+02  1.000277078461931524e+04
194 3881 4.597765e-01 2.382219e+01  9.925947798696039399e+02  9.940513243056087731e+02  9.955042363691784431e+02  1.000282221228970047e+04
195 3901 4.530588e-01 2.382080e+01  9.925947798696039399e+02  9.938612442378304195e+02  9.959910076409771591e+02  1.000289169885647607e+04
196 3921 4.470130e-01 2.382235e+01  9.925947798696039399e+02  9.939732761423306329e+02  9.972870118861276296e+02  1.000301465578557509e+04
197 3941 4.430207e-01 2.384082e+01  9.925947798696039399e+02  9.937536455113362308e+02  9.952453388424107743e+02  1.000309941012987474e+04
198 3961 4.392917e-01 2.384818e+01  9.925947798696039399e+02  9.934068648510611865e+02  9.953152336792015831e+02  1.000289113811556490e+04
199 3981 4.352089e-01 2.384512e+01  9.925947798696039399e+02  9.940080649374467612e+02  9.993620837765458873e+02  1.000285642806316901e+04
200 4001 4.324272e-01 2.384973e+01  9.925947798696039399e+02  9.944305991821440784e+02  5.500597086543825753e+03  1.000289207037072811e+04
201 4021 4.308864e-01 2.385195e+01  9.925947798696039399e+02  9.942510012046068368e+02  9.969900449093156567e+02  1.000291031914134328e+04
202 4041 4.275463e-01 2.385671e+01  9.925947798696039399e+02  9.934139813458535855e+02  9.955429064031932285e+02  1.000281592271656336e+04
203 4061 4.226672e-01 2.387128e+01  9.925947798696039399e+02  9.939547447381036136e+02  9.954061302625264034e+02  1.000280216443741665e+04
204 4081 4.197082e-01 2.388659e+01  9.925947798696039399e+02  9.948203616408682137e+02  9.961692923563035720e+02  1.000286334841171083e+04
205 4101 4.152684e-01 2.389418e+01  9.925947798696039399e+02  9.946637710027438288e+02  9.955841838165785020e+02  1.000282691516331761e+04
206 4121 4.104845e-01 2.391493e+01  9.925947798696039399e+02  9.929865369255554697e+02  9.950811249686722704e+02  1.000282123916311684e+04
207 4141 4.078616e-01 2.391666e+01  9.925947798696039399e+02  9.939670243516418395e+02  9.949984210492987131e+02  1.000288611566083637e+04
208 4161 4.057742e-01 2.391801e+01  9.925947798696039399e+02  9.941148832163223688e+02  9.951990171053746508e+02  1.000281903819448235e+04
209 4181 4.047230e-01 2.393093e+01  9.925947798696039399e+02  9.937588224573961497e+02  9.958129273503004697e+02  1.000282376071101680e+04
210 4201 4.055514e-01 2.392895e+01  9.925947798696039399e+02  9.933510164883836069e+02  9.951178819788601686e+02  1.000280091204461860e+04
211 4221 4.057656e-01 2.393206e+01  9.925947798696039399e+02  9.932344237610557229e+02  9.982138330458558357e+02  1.000286114528325561e+04
212 4241 4.047976e-01 2.393222e+01  9.925947798696039399e+02  9.941422247705656901e+02  9.950041328352626806e+02  1.000285066305148030e+04
213 4261 4.035036e-01 2.393636e+01  9.925947798696039399e+02  9.940317162421218882e+02  9.964278992067828540e+02  1.000280975120679796e+04
214 4281 4.000319e-01 2.394789e+01  9.925947798696039399e+02  9.939136639401110642e+02  9.956218348350298584e+02  1.000279114295465843e+04
215 4301 3.965930e-01 2.394760e+01  9.925947798696039399e+02  9.938544272773536932e+02  9.972564042422843613e+02  1.000282053691435431e+04
216 4321 3.948894e-01 2.395765e+01  9.925947798696039399e+02  9.940744025211951111e+02  9.947800782825416945e+02  1.000283865999582304e+04
217 4341 3.942075e-01 2.397521e+01  9.925947798696039399e+02  9.938888005360927309e+02  9.949641759805881520e+02  1.000285637495170158e+04
218 4361 3.933607e-01 2.398654e+01  9.925947798696039399e+02  9.933247781180720040e+02  9.950540694169939115e+02  1.000275299712673041e+04
219 4381 3.906465e-01 2.398636e+01  9.925947798696039399e+02  9.932595317506686570e+02  9.951251449637700262e+02  1.000277579544592118e+04
220 4401 3.897412e-01 2.399427e+01  9.925947798696039399e+02  9.941156647958247277e+02  9.956685487254114832e+02  1.000286338463989341e+04
221 4421 3.899547e-01 2.399977e+01  9.925947798696039399e+02  9.943328535614206203e+02  9.951804110188154482e+02  1.000279372071225589e+04
222 4441 3.919857e-01 2.400362e+01  9.925947798696039399e+02  9.941139136132754857e+02  9.966035899227281334e+02  1.000281495725239802e+04
223 4461 3.927790e-01 2.400911e+01  9.925947798696039399e+02  9.930156358908731136e+02  9.952714691542092851e+02  1.000289653448011268e+04
224 4481 3.932589e-01 2.401233e+01  9.925947798696039399e+02  9.939683295998031554e+02  9.959103077598263098e+02  1.000280586396665967e+04
225 4501 3.936349e-01 2.401758e+01  9.925947798696039399e+02  9.941035095503871162e+02  9.952843495906345197e+02  1.000275935542344450e+04
226 4521 3.933223e-01 2.402519e+01  9.925947798696039399e+02  9.939844364737564320e+02  9.960959351312571926e+02  1.000278495661272427e+04
227 4541 3.937519e-01 2.402869e+01  9.925947798696039399e+02  9.941676238502335536e+02  9.950032912575346700e+02  1.000282635940138425e+04
228 4561 3.930402e-01 2.403413e+01  9.925947798696039399e+02  9.940232198251267164e+02  9.950462885522605347e+02  1.000288198889825435e+04
229 4581 3.922081e-01 2.404253e+01  9.925947798696039399e+02  9.932896174231022997e+02  9.988340610461389133e+02  1.000283009308022520e+04
230 4601 3.905979e-01 2.405497e+01  9.925947798696039399e+02  9.934798754048631508e+02  9.964644766820421182e+02  1.000285282883750915e+04
231 4621 3.872955e-01 2.406687e+01  9.925947798696039399e+02  9.937688522533112518e+02  9.972652314259202058e+02  1.000286696075736836e+04
232 4641 3.836013e-01 2.407069e+01  9.925947798696039399e+02  9.944361722660025862e+02  9.964361933517695888e+02  1.000285988322067533e+04
233 4661 3.803174e-01 2.407865e+01  9.925947798696039399e+02  9.937490239019147111e+02  9.968184044141933100e+02  9.999585982285030923e+02
234 4681 3.763252e-01 2.408767e+01  9.925947798696039399e+02  9.936246896562670372e+02  9.968757500492340569e+02  1.000283823858390861e+04
235 4701 3.726144e-01 2.408924e+01  9.925947798696039399e+02  9.940346788149226995e+02  9.962583510600084082e+02  1.000276772069769504e+04
236 4721 3.688852e-01 2.408658e+01  9.925947798696039399e+02  9.930116953873344983e+02  9.955421763537758579e+02  1.000282119201215210e+04
237 4741 3.653659e-01 2.411786e+01  9.925947798696039399e+02  9.930685965273981992e+02  9.951673994629421713e+02  1.000283772049120671e+04
238 4761 3.614080e-01 2.413969e+01  9.925947798696039399e+02  9.935673928055015267e+02  9.953673234772157912e+02  1.000288516645473283e+04
239 4781 3.571043e-01 2.414574e+01  9.925947798696039399e+02  9.926926504191010281e+02  9.952726086526658946e+02  1.000279909898640835e+04
240 4801 3.537882e-01 2.414678e+01  9.916251511648420092e+02  9.916251511648420092e+02  9.945650123617384679e+02  1.000276191686338825e+04
241 4821 3.501321e-01 2.414947e+01  9.916251511648420092e+02  9.932736403507570913e+02  9.949389257300608733e+02  1.000280851159665508e+04
242 4841 3.468282e-01 2.415001e+01  9.916251511648420092e+02  9.935905758446913296e+02  9.946850487511660504e+02  9.997277708973610970e+02
243 4861 3.444073e-01 2.414827e+01  9.916251511648420092e+02  9.932387564432478939e+02  9.951031596433881532e+02  9.993259395553640161e+02
244 4881 3.411228e-01 2.414961e+01  9.916251511648420092e+02  9.935316356125150605e+02  9.953910237331358530e+02  1.000285505588834712e+04
245 4901 3.378533e-01 2.415416e+01  9.916251511648420092e+02  9.934862699696725485e+02  9.951809955580295082e+02  9.996219328034406999e+02
246 4921 3.357140e-01 2.416670e+01  9.916251511648420092e+02  9.940499277392068507e+02  9.950317431614346333e+02  9.989181429756552006e+02
247 4941 3.324613e-01 2.418908e+01  9.916251511648420092e+02  9.934729524722237102e+02  9.946743964084001846e+02  1.000276184154015391e+04
248 4961 3.311381e-01 2.419941e+01  9.916251511648420092e+02  9.941668977205542888e+02  9.949316294041270794e+02  1.000276624456142054e+04
249 4981 3.283278e-01 2.420534e+01  9.916251511648420092e+02  9.938532542453223186e+02  9.949007621829107393e+02  1.000277296513354486e+04
250 5001 3.276695e-01 2.420722e+01  9.916251511648420092e+02  9.930334364594491490e+02  9.947582655605233413e+02  9.985324347246213392e+02
251 5021 3.272637e-01 2.422262e+01  9.916251511648420092e+02  9.932874284776108880e+02  9.958488410617080717e+02  9.999987028796416553e+02
252 5041 3.278750e-01 2.422736e+01  9.916251511648420092e+02  9.937026577023481195e+02  9.948232376200235194e+02  1.000275560944307290e+04
253 5061 3.300046e-01 2.423553e+01  9.916251511648420092e+02  9.938812132300389521e+02  9.981104699752863780e+02  1.000283839013449324e+04
254 5081 3.328553e-01 2.423979e+01  9.916251511648420092e+02  9.928942636299145761e+02  9.951540594300855673e+02  1.000276442790878718e+04
255 5101 3.352897e-01 2.424908e+01  9.916251511648420092e+02  9.926290839246350970e+02  9.947613291370057595e+02  1.000285352645227431e+04
256 5121 3.366579e-01 2.424142e+01  9.916251511648420092e+02  9.935502059188618205e+02  9.949765521402567856e+02  1.000293094096514869e+04
257 5141 3.363887e-01 2.424949e+01  9.916251511648420092e+02  9.924626057073112406e+02  9.944631913659316069e+02  1.000278767168190097e+04
258 5161 3.351854e-01 2.424987e+01  9.916251511648420092e+02  9.927913564281836898e+02  9.944645992948935600e+02  1.000276417799466071e+04
259 5181 3.344090e-01 2.426819e+01  9.916251511648420092e+02  9.929073185811841995e+02  9.964703238575878004e+02  1.000275637212830588e+04
260 5201 3.350116e-01 2.427100e+01  9.916251511648420092e+02  9.934566560323198701e+02  9.949034448128302301e+02  9.992331698615148525e+02
261 5221 3.342355e-01 2.428211e+01  9.916251511648420092e+02  9.935637335961831695e+02  9.947423476196302090e+02  1.000282910444098161e+04
262 5241 3.318743e-01 2.429123e+01  9.916251511648420092e+02  9.936339655027450135e+02  9.990135667781854636e+02  1.000283022801513107e+04
263 5261 3.282510e-01 2.430302e+01  9.916251511648420092e+02  9.931610048926347645e+02  9.951906674524379923e+02  1.000279413238744928e+04
264 5281 3.249693e-01 2.430401e+01  9.916251511648420092e+02  9.931985558027242860e+02  9.947718213726311660e+02  1.000289891119939239e+04
265 5301 3.222016e-01 2.432064e+01  9.916251511648420092e+02  9.927641637537032011e+02  9.945969167079704221e+02  1.000275678010899173e+04
266 5321 3.195272e-01 2.432945e+01  9.916251511648420092e+02  9.923121495454705610e+02  9.950857614092429912e+02  1.000282111616600378e+04
267 5341 3.163535e-01 2.433046e+01  9.916251511648420092e+02  9.927639252304517186e+02  9.949088746618604091e+02  1.000275469432735190e+04
268 5361 3.127121e-01 2.432705e+01  9.916251511648420092e+02  9.935054516816576324e+02  9.948167701806077048e+02  1.000278786420538563e+04
269 5381 3.098958e-01 2.432124e+01  9.916251511648420092e+02  9.932171196134589763e+02  9.950396303484013742e+02  1.000281478002478434e+04
270 5401 3.079492e-01 2.432885e+01  9.916251511648420092e+02  9.922430446144854841e+02  9.948902034910905741e+02  1.000284069682312293e+04
271 5421 3.055823e-01 2.433590e+01  9.916251511648420092e+02  9.926139552173026459e+02  9.951403117714298787e+02  1.000286146307507624e+04
272 5441 3.022594e-01 2.433274e+01  9.916251511648420092e+02  9.941269108805523729e+02  9.972081537652346697e+02  1.000283064772842772e+04
273 5461 3.009064e-01 2.433256e+01  9.916251511648420092e+02  9.922895565191886362e+02  9.951270458215391272e+02  1.000281600489405355e+04
274 5481 2.990680e-01 2.433803e+01  9.916251511648420092e+02  9.931449972946620619e+02  9.946299741298016670e+02  1.000276202654335066e+04
275 5501 2.980029e-01 2.434981e+01  9.916251511648420092e+02  9.928003184951601270e+02  9.944268468767219247e+02  9.993907059973794276e+02
276 5521 2.970020e-01 2.437109e+01  9.916251511648420092e+02  9.933598476203609380e+02  9.947509779042673017e+02  1.000285230171666262e+04
277 5541 2.960331e-01 2.436884e+01  9.916251511648420092e+02  9.924360658628753527e+02  9.950664193168931888e+02  1.000278112188282466e+04
278 5561 2.965217e-01 2.436832e+01  9.916251511648420092e+02  9.919244114757932493e+02  9.949392308894994130e+02  1.000282760195817900e+04
279 5581 2.958811e-01 2.439857e+01  9.916251511648420092e+02  9.918919562504407850e+02  9.956403939606178710e+02  1.000281017164280092e+04
280 5601 2.939812e-01 2.440697e+01  9.916251511648420092e+02  9.926509891863569237e+02  9.961996118755511134e+02  1.000284420605144624e+04
281 5621 2.932155e-01 2.441069e+01  9.916251511648420092e+02  9.934394771529676973e+02  9.951865435854276711e+02  1.000292257850645728e+04
282 5641 2.933650e-01 2.441465e+01  9.916251511648420092e+02  9.930721301368175773e+02  9.945974830177181047e+02  1.000286135939825181e+04
283 5661 2.949091e-01 2.442735e+01  9.916251511648420092e+02  9.935881648434569797e+02  9.948175500748515105e+02  1.000278504992854323e+04
284 5681 2.975204e-01 2.443936e+01  9.916251511648420092e+02  9.925603024159480583e+02  9.993585429774707336e+02  1.000280987034200007e+04
285 5701 2.991291e-01 2.445168e+01  9.916251511648420092e+02  9.933857337598898312e+02  9.966756263944507737e+02  1.000277377142861224e+04
286 5721 3.013279e-01 2.447010e+01  9.916251511648420092e+02  9.925391527072791860e+02  9.956079924256334834e+02  1.000277017647122557e+04
287 5741 3.048330e-01 2.447910e+01  9.916251511648420092e+02  9.933584050527277896e+02  9.963744965621006031e+02  1.000283859382025366e+04
288 5761 3.068815e-01 2.449543e+01  9.916251511648420092e+02  9.937366754874507251e+02  9.951958409637643399e+02  1.000287919223113568e+04
289 5781 3.082138e-01 2.449967e+01  9.916251511648420092e+02  9.924911690110484415e+02  9.946719079738704750e+02  9.994712616930282820e+02
290 5801 3.100856e-01 2.450844e+01  9.916251511648420092e+02  9.931508607568706566e+02  9.946494271365957047e+02  1.000275387821124059e+04
291 5821 3.123639e-01 2.451061e+01  9.916251511648420092e+02  9.933505639625350341e+02  9.985768787675085605e+02  1.000282028312605689e+04
292 5841 3.153383e-01 2.452502e+01  9.916251511648420092e+02  9.935028749986764751e+02  9.958797111831777329e+02  1.000283378463361441e+04
293 5861 3.160227e-01 2.453547e+01  9.916251511648420092e+02  9.936701960979904698e+02  9.963800278389901450e+02  1.000276612410125199e+04
294 5881 3.149723e-01 2.454060e+01  9.916251511648420092e+02  9.927453906658473670e+02  9.966757685748898439e+02  1.000282519879709071e+04
295 5901 3.138407e-01 2.454669e+01  9.916251511648420092e+02  9.938469759785280075e+02  9.990676506345265580e+02  1.000281217806007407e+04
296 5921 3.119587e-01 2.455760e+01  9.916251511648420092e+02  9.928607688813701770e+02  9.950736698161914546e+02  1.000279172419679708e+04
297 5941 3.085955e-01 2.457002e+01  9.916251511648420092e+02  9.921730162641297284e+02  9.946624684717171476e+02  1.000280840912964959e+04
298 5961 3.054134e-01 2.457400e+01  9.916251511648420092e+02  9.935066059151687341e+02  9.956010944873416975e+02  1.000284040232297411e+04
299 5981 3.025229e-01 2.457392e+01  9.916251511648420092e+02  9.933524214587392862e+02  9.947235242630217726e+02  1.000278864668303686e+04
300 6001 2.997709e-01 2.459024e+01  9.916251511648420092e+02  9.933595715879316685e+02  9.952090198924781816e+02  1.000282610806702178e+04
301 6021 2.971787e-01 2.462127e+01  9.916251511648420092e+02  9.936178845937192818e+02  9.948096679795385171e+02  9.996301169260838151e+02
302 6041 2.960338e-01 2.462506e+01  9.916251511648420092e+02  9.939230483435527503e+02  9.951040542126856963e+02  1.000278969293494993e+04
303 6061 2.961511e-01 2.462885e+01  9.916251511648420092e+02  9.928408589063509453e+02  9.949357665982923891e+02  1.000278039689216530e+04
304 6081 2.973309e-01 2.463844e+01  9.916251511648420092e+02  9.921969003447137538e+02  9.950046404175639054e+02  9.997815331636550127e+02
305 6101 2.977277e-01 2.463478e+01  9.916251511648420092e+02  9.939946149175777919e+02  9.950271507353850211e+02  1.000280737541529379e+04
306 6121 2.991875e-01 2.464907e+01  9.916251511648420092e+02  9.931999438636006516e+02  9.950670771519320397e+02  1.000044473758250888e+03
307 6141 3.009009e-01 2.466412e+01  9.916251511648420092e+02  9.934412374573395255e+02  9.965420431640435481e+02  1.000283299522081325e+04
308 6161 3.012926e-01 2.465457e+01  9.916251511648420092e+02  9.930687540289573008e+02  9.953828847688521364e+02  1.000287363259970152e+04
309 6181 3.011641e-01 2.467192e+01  9.916251511648420092e+02  9.931364490851050277e+02  9.951480315539482717e+02  1.000282210461288014e+04
310 6201 2.991198e-01 2.468094e+01  9.916251511648420092e+02  9.926440275046960551e+02  9.970218363647863953e+02  1.000287831733401254e+04
311 6221 2.979225e-01 2.467702e+01  9.916251511648420092e+02  9.934353957790863205e+02  9.991198098173865674e+02  1.000286701919791994e+04
312 6241 2.968870e-01 2.467970e+01  9.916251511648420092e+02  9.925660055040026464e+02  9.947694741851335039e+02  9.998090630427255974e+02
313 6261 2.970464e-01 2.469091e+01  9.916251511648420092e+02  9.934644542675042658e+02  9.947497922297072819e+02  1.000288448855775277e+04
314 6281 2.967615e-01 2.469944e+01  9.916251511648420092e+02  9.932555678790946558e+02  9.954289295005794429e+02  1.000283248091040514e+04
315 6301 2.960536e-01 2.471521e+01  9.916251511648420092e+02  9.935104524401790513e+02  9.981884274834890221e+02  1.000287082482080768e+04
316 6321 2.952957e-01 2.471327e+01  9.916251511648420092e+02  9.923404008469170776e+02  9.965178356089170393e+02  1.000288676781608774e+04
317 6341 2.940250e-01 2.472757e+01  9.916251511648420092e+02  9.929938515753823367e+02  9.962217938518380151e+02  1.000287819569400199e+04
318 6361 2.930118e-01 2.473316e+01  9.916251511648420092e+02  9.943669120440766847e+02  9.971576886471070793e+02  1.000292065711290525e+04
319 6381 2.909184e-01 2.472519e+01  9.916251511648420092e+02  9.933849876761274800e+02  9.948778210168654823e+02  1.000277522069690167e+04
320 6401 2.889154e-01 2.474611e+01  9.916251511648420092e+02  9.924385702108448868e+02  9.944694878905536370e+02  1.000283171298554953e+04
321 6421 2.874724e-01 2.476385e+01  9.916251511648420092e+02  9.932572661683595925e+02  9.948297460307986739e+02  1.000278951307378338e+04
322 6441 2.842314e-01 2.476544e+01  9.916251511648420092e+02  9.931361365512738075e+02  9.978370754564127765e+02  1.000280815659249492e+04
323 6461 2.819931e-01 2.479425e+01  9.916251511648420092e+02  9.938751817976570919e+02  9.950438542820594421e+02  1.000277013401361728e+04
324 6481 2.795505e-01 2.479762e+01  9.916251511648420092e+02  9.938598246313434856e+02  9.952172875172868771e+02  1.000279620230720684e+04
325 6501 2.769244e-01 2.480500e+01  9.916251511648420092e+02  9.918077511954486454e+02  9.951216344731913068e+02  1.000277142572713819e+04
326 6521 2.748750e-01 2.482827e+01  9.916251511648420092e+02  9.925583472429099174e+02  9.960634577221932204e+02  1.000277044365097026e+04
327 6541 2.726641e-01 2.483327e+01  9.916251511648420092e+02  9.935342365014203097e+02  9.951445113124805175e+02  1.000275683279518853e+04
328 6561 2.699682e-01 2.484202e+01  9.916251511648420092e+02  9.928416551644365882e+02  9.951404668404875338e+02  1.000276052266022270e+04
329 6581 2.673798e-01 2.484844e+01  9.916251511648420092e+02  9.933416610358268599e+02  9.947299965917409281e+02  1.000297166291787289e+04
330 6601 2.664024e-01 2.486400e+01  9.916251511648420092e+02  9.935439784322372816e+02  9.955997947375092281e+02  1.000277260698780628e+04
331 6621 2.637052e-01 2.487432e+01  9.916251511648420092e+02  9.934153092760642494e+02  9.949634756614675553e+02  9.995952200587139487e+02
332 6641 2.609958e-01 2.490576e+01  9.916251511648420092e+02  9.935343276284318108e+02  9.944775304867432624e+02  1.000276214686452658e+04
333 6661 2.587233e-01 2.492200e+01  9.916251511648420092e+02  9.934621168973591239e+02  9.946720678110823428e+02  9.994332726741293982e+02
334 6681 2.569980e-01 2.492682e+01  9.916251511648420092e+02  9.929398207626256863e+02  9.944505358296605664e+02  9.996284632876981959e+02
335 6701 2.543414e-01 2.493972e+01  9.916251511648420092e+02  9.920486592423909542e+02  9.945332664927593669e+02  1.000288947621694024e+04
336 6721 2.526144e-01 2.495002e+01  9.916251511648420092e+02  9.929822973208868007e+02  9.946123065831069425e+02  1.000286085311362694e+04
337 6741 2.510869e-01 2.496529e+01  9.916251511648420092e+02  9.937677307610991875e+02  9.946538497498437437e+02  1.000278657679659773e+04
338 6761 2.499794e-01 2.497996e+01  9.916251511648420092e+02  9.931014954109268729e+02  9.944012588450787007e+02  1.000277864193941423e+04
339 6781 2.491992e-01 2.498419e+01  9.916251511648420092e+02  9.928893007946509215e+02  9.946796942836397193e+02  1.000275835507291595e+04
340 6801 2.492400e-01 2.500546e+01  9.916251511648420092e+02  9.929186504249291829e+02  9.945360066366367846e+02  9.994368404593091100e+02
341 6821 2.481456e-01 2.498963e+01  9.916251511648420092e+02  9.926882016148611001e+02  9.947189633049677013e+02  1.000277200632167660e+04
342 6841 2.476771e-01 2.501108e+01  9.916251511648420092e+02  9.928579566141377200e+02  9.945296492073416630e+02  1.000279578899296939e+04
343 6861 2.476584e-01 2.503318e+01  9.916251511648420092e+02  9.927288715105549954e+02  9.948388856522456081e+02  1.000284928051186944e+04
344 6881 2.475704e-01 2.505051e+01  9.916251511648420092e+02  9.922835909374317680e+02  9.950226178288596657e+02  1.000276048119858569e+04
345 6901 2.476786e-01 2.506939e+01  9.916251511648420092e+02  9.925279868872679572e+02  9.943948504514904698e+02  1.000279972489397005e+04
346 6921 2.474044e-01 2.508187e+01  9.916251511648420092e+02  9.932230523883305295e+02  9.952060376170365998e+02  1.000283605602910393e+04
347 6941 2.472897e-01 2.509533e+01  9.916251511648420092e+02  9.929033884228942952e+02  9.946660056002456258e+02  1.000279963264359321e+04
348 6961 2.459195e-01 2.511021e+01  9.916251511648420092e+02  9.931518223566699817e+02  9.946312722942914206e+02  1.000279225948980093e+04
349 6981 2.446250e-01 2.512478e+01  9.916251511648420092e+02  9.925206352496800264e+02  9.945102430569713761e+02  1.000278699472166409e+04
350 7001 2.419669e-01 2.513112e+01  9.916251511648420092e+02  9.941481309198591134e+02  9.986310332517771258e+02  1.000280964586811024e+04
351 7021 2.393278e-01 2.514438e+01  9.916251511648420092e+02  9.929151042181549656e+02  9.946706138621590298e+02  1.000275460868326445e+04
352 7041 2.373242e-01 2.515543e+01  9.916251511648420092e+02  9.936505848236752172e+02  9.946432637942841666e+02  1.000276629990903893e+04
353 7061 2.368867e-01 2.518154e+01  9.891896305745679001e+02  9.891896305745679001e+02  9.943045259604139119e+02  1.000285539159462132e+04
354 7081 2.362349e-01 2.518131e+01  9.891896305745679001e+02  9.921209130884027445e+02  9.943394644868958494e+02  1.000285039823108673e+04
355 7101 2.353971e-01 2.519722e+01  9.891896305745679001e+02  9.931769559788206152e+02  9.947895548742019400e+02  1.000285223143602525e+04
356 7121 2.346479e-01 2.521149e+01  9.891896305745679001e+02  9.930307077153544242e+02  9.948104259284334603e+02  1.000279713736636222e+04
357 7141 2.332753e-01 2.521441e+01  9.891896305745679001e+02  9.929731112330888436e+02  9.968849327749896929e+02  1.000281562055055656e+04
358 7161 2.322353e-01 2.521372e+01  9.891896305745679001e+02  9.926939025765302631e+02  9.946395982794523434e+02  1.000281004575899351e+04
359 7181 2.305808e-01 2.521465e+01  9.891896305745679001e+02  9.929260531467169812e+02  9.969680597671576834e+02  1.000277729305861067e+04
360 7201 2.293562e-01 2.521081e+01  9.891896305745679001e+02  9.920683024268026884e+02  9.949503339480409068e+02  1.000275099177501215e+04
361 7221 2.281181e-01 2.522056e+01  9.891896305745679001e+02  9.924221074422966922e+02  9.965199865676941045e+02  9.994386485447105315e+02
362 7241 2.275804e-01 2.524357e+01  9.891896305745679001e+02  9.928652692776845470e+02  9.949829076688906753e+02  1.000285596312348935e+04
363 7261 2.263596e-01 2.524512e+01  9.891896305745679001e+02  9.936851345737469501e+02  9.950812887901277008e+02  1.000279324872825418e+04
364 7281 2.242178e-01 2.526809e+01  9.891896305745679001e+02  9.939128111578172593e+02  9.948644959606917837e+02  1.000285777673890698e+04
365 7301 2.217101e-01 2.530546e+01  9.891896305745679001e+02  9.932205696067251210e+02  9.947697115890920259e+02  1.000279694924013165e+04
366 7321 2.189136e-01 2.533362e+01  9.891896305745679001e+02  9.930460887583817566e+02  9.944962034765185308e+02  9.989902582328149947e+02
367 7341 2.158962e-01 2.534582e+01  9.891896305745679001e+02  9.926947392402897776e+02  9.945093231461942196e+02  9.998377638154684064e+02
368 7361 2.131984e-01 2.535520e+01  9.891896305745679001e+02  9.919783146948517469e+02  9.941662349535356498e+02  1.000280536276255407e+04
369 7381 2.105319e-01 2.536210e+01  9.891896305745679001e+02  9.936706174957662370e+02  9.948465353356284595e+02  1.000275391730356569e+04
370 7401 2.079596e-01 2.535257e+01  9.891896305745679001e+02  9.933761073003768161e+02  9.942582935894221237e+02  1.000275259491477118e+04
371 7421 2.058197e-01 2.535343e+01  9.891896305745679001e+02  9.923856531552736442e+02  9.946488776896371746e+02  9.996631070288447063e+02
372 7441 2.034845e-01 2.535460e+01  9.891896305745679001e+02  9.932108234185174069e+02  9.947570036374265783e+02  9.989507489956423569e+02
373 7461 2.031164e-01 2.535635e+01  9.891896305745679001e+02  9.927674070523191858e+02  9.943372182978114324e+02  9.995125543999281490e+02
374 7481 2.018983e-01 2.535995e+01  9.891896305745679001e+02  9.927684980659524854e+02  9.943437444114775872e+02  1.000280233142918951e+04
375 7501 2.010591e-01 2.538898e+01  9.891896305745679001e+02  9.933112630307607560e+02  9.941415919456110259e+02  1.000277479814248181e+04
376 7521 2.002694e-01 2.539001e+01  9.891896305745679001e+02  9.926584729390734765e+02  9.945469579103971682e+02  1.000277270300465170e+04
377 7541 1.992665e-01 2.539811e+01  9.891896305745679001e+02  9.921308465628056865e+02  9.977570175797827687e+02  1.000275221922277524e+04
378 7561 1.973111e-01 2.538561e+01  9.891896305745679001e+02  9.926300987420720503e+02  9.939232602476606644e+02  1.000275353578352224e+04
379 7581 1.953988e-01 2.538615e+01  9.891896305745679001e+02  9.927091059398063635e+02  9.942222447947629007e+02  9.996136022316264871e+02
380 7601 1.939140e-01 2.539422e+01  9.891896305745679001e+02  9.929507660674626095e+02  9.940269431484434790e+02  1.000275801799906912e+04
381 7621 1.918812e-01 2.540242e+01  9.891896305745679001e+02  9.928104357183077582e+02  9.943149322780400325e+02  9.995394253284839579e+02
382 7641 1.897984e-01 2.541660e+01  9.891896305745679001e+02  9.926524994010787850e+02  9.967468795932284138e+02  9.997769959053533739e+02
383 7661 1.874265e-01 2.541203e+01  9.891896305745679001e+02  9.929873211757206946e+02  9.940012856670222163e+02  9.995022742887563254e+02
384 7681 1.862173e-01 2.540219e+01  9.891896305745679001e+02  9.931725571281373277e+02  9.953745950891258190e+02  1.000277639684976202e+04
385 7701 1.840066e-01 2.541739e+01  9.891896305745679001e+02  9.915124427706176675e+02  9.945018775109056151e+02  1.000276036039642167e+04
386 7721 1.821831e-01 2.540049e+01  9.891896305745679001e+02  9.912414143424524582e+02  9.956030490830374902e+02  1.000276496590094757e+04
387 7741 1.805135e-01 2.540682e+01  9.891896305745679001e+02  9.929808661919794304e+02  9.946448048922039789e+02  1.000282817643894123e+04
388 7761 1.781480e-01 2.540442e+01  9.891896305745679001e+02  9.917974330989250120e+02  9.945980647642269332e+02  1.000280721753044782e+04
389 7781 1.762595e-01 2.540586e+01  9.891896305745679001e+02  9.931961796309343526e+02  9.947431539026210885e+02  1.000279593686400221e+04
390 7801 1.751767e-01 2.540362e+01  9.891896305745679001e+02  9.920118546256881018e+02  9.944182691563703429e+02  1.000279774402314433e+04
391 7821 1.749104e-01 2.539678e+01  9.891896305745679001e+02  9.928624200873414338e+02  9.940824798316319857e+02  1.000276143077409506e+04
392 7841 1.744126e-01 2.539227e+01  9.891896305745679001e+02  9.918256345815008217e+02  9.941758893488115518e+02  1.000275225780557957e+04
393 7861 1.740717e-01 2.541475e+01  9.891896305745679001e+02  9.926341421755579404e+02  9.944018094529531027e+02  1.000277490972975465e+04
394 7881 1.732619e-01 2.541991e+01  9.891896305745679001e+02  9.934188484125149898e+02  9.942276858060949962e+02  1.000277944986463626e+04
395 7901 1.731507e-01 2.542746e+01  9.891896305745679001e+02  9.923246200392234186e+02  9.940901185217915099e+02  9.994380191923373786e+02
396 7921 1.730705e-01 2.544041e+01  9.891896305745679001e+02  9.922118297226591039e+02  9.939165267480186685e+02  9.994151223212134028e+02
397 7941 1.735681e-01 2.544115e+01  9.891896305745679001e+02  9.927680350930905888e+02  9.990220670094724937e+02  9.995576236806159613e+02
398 7961 1.733140e-01 2.544492e+01  9.891896305745679001e+02  9.916011525085730227e+02  9.951403018508686955e+02  1.000275789926121070e+04
399 7981 1.721482e-01 2.546155e+01  9.891896305745679001e+02  9.920240051553257672e+02  9.940532413236362572e+02  1.000276074625946057e+04
400 8001 1.705444e-01 2.546185e+01  9.891896305745679001e+02  9.927669927389479199e+02  9.939566861456319202e+02  1.000278001103090719e+04
