%  columns="iteration, evaluation, sigma, axis ratio, bestever, best, median, worst fitness function value, further objective values of best" (startseed=213597, 2017/09/14 7:46:42.98)
1 21 1.069940e+00 2.242314e+01  1.994990899190086338e+03  1.000233467527063112e+04  1.000298786860924520e+04  1.000596200163730828e+04
2 41 1.026568e+00 2.244684e+01  1.994990899190086338e+03  1.000227184005535310e+04  1.000283528520595610e+04  1.000364993469220099e+04
3 61 9.937314e-01 2.246217e+01  1.994990899190086338e+03  1.000230536765177021e+04  1.000268261061773228e+04  1.000357864529030485e+04
4 81 9.683357e-01 2.247154e+01  1.994990899190086338e+03  1.000226954303559432e+04  1.000259185665809491e+04  1.000396257916261675e+04
5 101 9.462068e-01 2.248128e+01  1.994990899190086338e+03  1.000238866671815413e+04  1.000255915114240270e+04  1.000364846313123053e+04
6 121 9.301604e-01 2.250536e+01  1.994990899190086338e+03  1.000229308722520364e+04  1.000251096758944550e+04  1.000394799946733474e+04
7 141 9.160237e-01 2.250983e+01  1.994990899190086338e+03  1.000224195964172031e+04  1.000263288328639646e+04  1.000462575183467015e+04
8 161 9.066964e-01 2.251602e+01  1.994990899190086338e+03  1.000226720012147962e+04  1.000252805600358988e+04  1.000350286031548967e+04
9 181 8.982344e-01 2.252388e+01  1.994990899190086338e+03  1.000230524109621183e+04  1.000269595990072048e+04  1.000491698587004612e+04
10 201 8.910132e-01 2.253629e+01  1.994990899190086338e+03  1.000225756463619655e+04  1.000254811807757142e+04  1.000307455870768717e+04
11 221 8.835113e-01 2.254354e+01  1.994990899190086338e+03  1.000218916690514379e+04  1.000254281362759502e+04  1.000343069459957405e+04
12 241 8.756737e-01 2.254707e+01  1.994990899190086338e+03  1.000224842483676548e+04  1.000256544289042722e+04  1.000354933462593544e+04
13 261 8.690677e-01 2.255328e+01  1.994990899190086338e+03  1.000221116650262411e+04  1.000252561365196016e+04  1.000326223746386131e+04
14 281 8.629732e-01 2.255883e+01  1.994990899190086338e+03  1.000229517457828297e+04  1.000264671783721860e+04  1.000323281831245913e+04
15 301 8.588521e-01 2.256380e+01  1.994990899190086338e+03  1.000213890480125883e+04  1.000239291601707919e+04  1.000259757379337498e+04
16 321 8.511444e-01 2.257689e+01  1.994990899190086338e+03  1.000218774757067331e+04  1.000243234450147065e+04  1.000512601196414835e+04
17 341 8.387377e-01 2.260401e+01  1.994990899190086338e+03  1.000221882679307419e+04  1.000244617043004473e+04  1.000303885209916007e+04
18 361 8.304211e-01 2.260412e+01  1.994990899190086338e+03  1.000227308884025479e+04  1.000250789156450992e+04  1.000391020949525955e+04
19 381 8.238655e-01 2.260685e+01  1.994990899190086338e+03  1.000214226147250702e+04  1.000230072662710154e+04  1.000383606698464973e+04
20 401 8.171699e-01 2.262358e+01  1.994990899190086338e+03  1.000219903063240054e+04  1.000243431128527664e+04  1.000311464061080187e+04
21 421 8.139640e-01 2.264158e+01  1.994990899190086338e+03  1.000220372769856112e+04  1.000243052476004232e+04  1.000336621211903548e+04
22 441 8.146611e-01 2.265251e+01  1.994990899190086338e+03  1.000219018032848362e+04  1.000242207921397858e+04  1.000317794447829328e+04
23 461 8.139309e-01 2.265567e+01  1.994990899190086338e+03  1.000230422636457661e+04  1.000238378151122743e+04  1.000365567383737653e+04
24 481 8.115867e-01 2.266320e+01  1.994990899190086338e+03  1.000215712643882398e+04  1.000241893266595798e+04  1.000345826284170289e+04
25 501 8.079898e-01 2.267163e+01  1.994990899190086338e+03  1.000211236575078510e+04  1.000244085155474750e+04  1.000338931845586376e+04
26 521 8.056717e-01 2.268668e+01  1.994990899190086338e+03  1.000217781125966212e+04  1.000236556918548922e+04  1.000257054256663287e+04
27 541 8.066894e-01 2.270309e+01  1.994990899190086338e+03  1.000217238140731752e+04  1.000241022338134644e+04  1.000339222117717327e+04
28 561 8.042897e-01 2.270949e+01  1.994990899190086338e+03  1.000218961109234988e+04  1.000240477968306732e+04  1.000385433278120763e+04
29 581 8.027257e-01 2.270873e+01  1.994990899190086338e+03  1.000216232908791426e+04  1.000239090909035986e+04  1.000401373308539405e+04
30 601 7.979320e-01 2.271128e+01  1.994990899190086338e+03  1.000223967377495865e+04  1.000242568047505483e+04  1.000352392033583237e+04
31 621 7.974117e-01 2.271766e+01  1.994990899190086338e+03  1.000227263443310403e+04  1.000239996438603157e+04  1.000275988087180667e+04
32 641 7.939826e-01 2.272741e+01  1.994990899190086338e+03  1.000226658716410202e+04  1.000243333675396025e+04  1.000307165402833925e+04
33 661 7.904785e-01 2.273643e+01  1.994990899190086338e+03  1.000219008996822959e+04  1.000232562092231819e+04  1.000284148633447330e+04
34 681 7.874594e-01 2.274357e+01  1.994990899190086338e+03  1.000218200645197430e+04  1.000244498588808710e+04  1.000310286315947815e+04
35 701 7.841050e-01 2.274722e+01  1.994990899190086338e+03  1.000223206621694590e+04  1.000240068762999908e+04  1.000379643153065444e+04
36 721 7.840897e-01 2.274919e+01  1.994990899190086338e+03  1.000223666309073451e+04  1.000239240756012805e+04  1.000305635120776060e+04
37 741 7.831835e-01 2.275216e+01  1.994990899190086338e+03  1.000220488423707320e+04  1.000245173755507494e+04  1.000270047632857131e+04
38 761 7.813455e-01 2.275490e+01  1.994990899190086338e+03  1.000216614976636811e+04  1.000236859498609556e+04  1.000260102499898494e+04
39 781 7.773658e-01 2.276111e+01  1.994990899190086338e+03  1.000225860395941345e+04  1.000242051388813161e+04  1.000284198284220474e+04
40 801 7.740824e-01 2.278764e+01  1.994990899190086338e+03  1.000212837112717716e+04  1.000233779705679808e+04  1.000368184247091631e+04
41 821 7.701356e-01 2.280137e+01  1.994990899190086338e+03  1.000215056398535671e+04  1.000230097000284513e+04  1.000315192206800202e+04
42 841 7.656096e-01 2.281448e+01  1.994990899190086338e+03  1.000218336305621233e+04  1.000230971599853001e+04  1.000251276430208600e+04
43 861 7.620442e-01 2.282189e+01  1.994990899190086338e+03  1.000215256246264653e+04  1.000233451944088665e+04  1.000368717946530160e+04
44 881 7.591054e-01 2.282732e+01  1.994990899190086338e+03  1.000212877016038510e+04  1.000232495508525608e+04  1.000334602765766977e+04
45 901 7.531765e-01 2.282452e+01  1.994990899190086338e+03  1.000212440407123177e+04  1.000229788569901393e+04  1.000293122659611254e+04
46 921 7.459972e-01 2.283011e+01  1.994990899190086338e+03  1.000210083388760177e+04  1.000228269222478593e+04  1.000257053030267343e+04
47 941 7.448741e-01 2.283079e+01  1.994990899190086338e+03  1.000211544657827471e+04  1.000228888421934607e+04  1.000266323770893177e+04
48 961 7.443729e-01 2.283710e+01  1.994990899190086338e+03  1.000210206843270134e+04  1.000227488130182246e+04  1.000564697695110226e+04
49 981 7.421208e-01 2.284010e+01  1.994990899190086338e+03  1.000212332700193110e+04  1.000223107248804081e+04  1.000369012398294035e+04
50 1001 7.377182e-01 2.284844e+01  1.994990899190086338e+03  1.000213083472901235e+04  1.000225762586179553e+04  1.000246086465681765e+04
51 1021 7.337650e-01 2.285186e+01  1.994990899190086338e+03  1.000213334032087187e+04  1.000229011929776971e+04  1.000345864415039796e+04
52 1041 7.288526e-01 2.285413e+01  1.994990899190086338e+03  1.000216195138112016e+04  1.000229068127360551e+04  1.000345632878405922e+04
53 1061 7.233783e-01 2.286687e+01  1.994990899190086338e+03  1.000212823545091669e+04  1.000229497661656387e+04  1.000351811622986861e+04
54 1081 7.167899e-01 2.287881e+01  1.994990899190086338e+03  1.000215259077830888e+04  1.000232831819228886e+04  1.000358402665253561e+04
55 1101 7.101677e-01 2.288867e+01  1.994990899190086338e+03  1.000210119761809437e+04  1.000227385976837104e+04  1.000273298473042632e+04
56 1121 7.067386e-01 2.289810e+01  1.994990899190086338e+03  1.000210021903595225e+04  1.000222373672880713e+04  1.000249292795638394e+04
57 1141 6.991310e-01 2.290475e+01  1.994990899190086338e+03  1.000214352307304944e+04  1.000229662014045607e+04  1.000269353132285141e+04
58 1161 6.933381e-01 2.291313e+01  1.994990899190086338e+03  1.000212676838468906e+04  1.000221183459673011e+04  1.000336542753723370e+04
59 1181 6.828123e-01 2.292210e+01  1.994990899190086338e+03  1.000203469197061349e+04  1.000225948295139824e+04  1.000271340684987808e+04
60 1201 6.747369e-01 2.294112e+01  1.994990899190086338e+03  1.000205647323277481e+04  1.000223156480410762e+04  1.000345304983448295e+04
61 1221 6.693022e-01 2.294568e+01  1.994990899190086338e+03  1.000209271339199586e+04  1.000224823251199632e+04  1.000265184077184313e+04
62 1241 6.642910e-01 2.295450e+01  1.994990899190086338e+03  1.000208922854782031e+04  1.000220049669921355e+04  1.000288448035465080e+04
63 1261 6.596011e-01 2.296841e+01  1.994990899190086338e+03  1.000208639498401863e+04  1.000226625803178104e+04  1.000242944649342280e+04
64 1281 6.569147e-01 2.298984e+01  1.994990899190086338e+03  1.000215482755303128e+04  1.000227226564176453e+04  1.000250989240661693e+04
65 1301 6.528859e-01 2.300300e+01  1.994990899190086338e+03  1.000207366948395975e+04  1.000218652461013335e+04  1.000243045441285176e+04
66 1321 6.485104e-01 2.299653e+01  1.994990899190086338e+03  1.000211954938951203e+04  1.000221804312053791e+04  1.000247147755510377e+04
67 1341 6.460265e-01 2.300540e+01  1.994990899190086338e+03  1.000210362725683080e+04  1.000218124071898274e+04  1.000241861569630601e+04
68 1361 6.417507e-01 2.300245e+01  1.994990899190086338e+03  1.000208919135469478e+04  1.000223572710398366e+04  1.000358723619331249e+04
69 1381 6.371596e-01 2.300477e+01  1.994990899190086338e+03  1.000209212273151388e+04  1.000218931771469761e+04  1.000255059896279636e+04
70 1401 6.319720e-01 2.300859e+01  1.994990899190086338e+03  1.000209248554113765e+04  1.000222707386920956e+04  1.000332341214740336e+04
71 1421 6.278768e-01 2.300891e+01  1.994990899190086338e+03  1.000207815296373519e+04  1.000218364343011308e+04  1.000281469829181879e+04
72 1441 6.229790e-01 2.301659e+01  1.994990899190086338e+03  1.000208445279812440e+04  1.000224645658072222e+04  1.000348861666171069e+04
73 1461 6.181704e-01 2.302076e+01  1.994990899190086338e+03  1.000207464006021655e+04  1.000222247079419685e+04  1.000241612261653609e+04
74 1481 6.093831e-01 2.302674e+01  1.994990899190086338e+03  1.000208634511631317e+04  1.000221797922873884e+04  1.000263789779388026e+04
75 1501 6.046462e-01 2.302764e+01  1.994990899190086338e+03  1.000212295522000932e+04  1.000224290354458753e+04  1.000241431867049141e+04
76 1521 5.980161e-01 2.303428e+01  1.994990899190086338e+03  1.000210340939584785e+04  1.000221526791187171e+04  1.000334753119045308e+04
77 1541 5.929246e-01 2.303850e+01  1.994990899190086338e+03  1.000212402056775136e+04  1.000224178002930421e+04  1.000242984965990581e+04
78 1561 5.871814e-01 2.304742e+01  1.994990899190086338e+03  1.000206557426191830e+04  1.000224845743310289e+04  1.000330716169251718e+04
79 1581 5.832261e-01 2.305546e+01  1.994990899190086338e+03  1.000216180874273778e+04  1.000224798597633708e+04  1.000292575513926386e+04
80 1601 5.779358e-01 2.306896e+01  1.994990899190086338e+03  1.000207572119595534e+04  1.000223906160163097e+04  1.000247566892149189e+04
81 1621 5.733773e-01 2.308156e+01  1.994990899190086338e+03  1.000211266691086348e+04  1.000223610048193950e+04  1.000241969209042145e+04
82 1641 5.663526e-01 2.308991e+01  1.994990899190086338e+03  1.000208685374430206e+04  1.000218354060624006e+04  1.000268406790098379e+04
83 1661 5.599412e-01 2.309391e+01  1.994990899190086338e+03  1.000208840217436227e+04  1.000219285354850581e+04  1.000325090446986724e+04
84 1681 5.538585e-01 2.309895e+01  1.994990899190086338e+03  1.000211269507446559e+04  1.000220003087280020e+04  1.000237016567032151e+04
85 1701 5.511655e-01 2.310235e+01  1.994990899190086338e+03  1.000210351615031868e+04  1.000216819971608129e+04  1.000235447977309013e+04
86 1721 5.493810e-01 2.310297e+01  1.994990899190086338e+03  1.000208999366706303e+04  1.000218967980727029e+04  1.000253581431659768e+04
87 1741 5.479837e-01 2.310729e+01  1.994990899190086338e+03  1.000211988257280973e+04  1.000217851172632072e+04  1.000260469995785934e+04
88 1761 5.460299e-01 2.312011e+01  1.994990899190086338e+03  1.000209684868100703e+04  1.000219593888357849e+04  1.000322121512680496e+04
89 1781 5.457006e-01 2.313174e+01  1.994990899190086338e+03  1.000203454242217776e+04  1.000216073287338804e+04  1.000229687967917380e+04
90 1801 5.430721e-01 2.313902e+01  1.994990899190086338e+03  1.000204894880424581e+04  1.000217536725908576e+04  1.000234331424431002e+04
91 1821 5.395983e-01 2.314237e+01  1.994990899190086338e+03  1.000208374045792334e+04  1.000219568670730951e+04  1.000232211869449384e+04
92 1841 5.363763e-01 2.314220e+01  1.994990899190086338e+03  1.000206001253194700e+04  1.000213471316005416e+04  1.000228952872047739e+04
93 1861 5.352687e-01 2.313984e+01  1.994990899190086338e+03  1.000207269433738111e+04  1.000216579427752367e+04  1.000247038539276036e+04
94 1881 5.335214e-01 2.314618e+01  1.994990899190086338e+03  1.000206459475761403e+04  1.000215802822514524e+04  1.000231469248129179e+04
95 1901 5.314502e-01 2.315343e+01  1.994990899190086338e+03  1.000205722537717702e+04  1.000213599658645035e+04  1.000231330299114779e+04
96 1921 5.284781e-01 2.315954e+01  1.994990899190086338e+03  1.000207579953164714e+04  1.000216150488119092e+04  1.000228342371113831e+04
97 1941 5.255759e-01 2.318280e+01  1.994990899190086338e+03  1.000204870801746256e+04  1.000214750242872105e+04  1.000231201709386914e+04
98 1961 5.213488e-01 2.318690e+01  1.994990899190086338e+03  1.000206971118260844e+04  1.000213270946266312e+04  1.000237671386238071e+04
99 1981 5.164129e-01 2.319300e+01  1.994990899190086338e+03  1.000207734306518432e+04  1.000215279205286788e+04  1.000283945124014826e+04
100 2001 5.138100e-01 2.319946e+01  1.994990899190086338e+03  1.000208362494809080e+04  1.000215667455015864e+04  1.000240385516417336e+04
101 2021 5.100771e-01 2.320808e+01  1.994990899190086338e+03  1.000207433152201520e+04  1.000217875004127382e+04  1.000234520830306246e+04
102 2041 5.085488e-01 2.321582e+01  1.994990899190086338e+03  1.000208591580419488e+04  1.000219562973118445e+04  1.000240796050483914e+04
103 2061 5.047913e-01 2.322471e+01  1.994990899190086338e+03  1.000206201359867191e+04  1.000217350710221763e+04  1.000236866292461127e+04
104 2081 5.009513e-01 2.322852e+01  1.994990899190086338e+03  1.000202640450520448e+04  1.000216478723137698e+04  1.000233484814078838e+04
105 2101 4.968938e-01 2.323618e+01  1.994990899190086338e+03  1.000207008079295156e+04  1.000217497564602672e+04  1.000240600183643619e+04
106 2121 4.928871e-01 2.323753e+01  1.994990899190086338e+03  1.000207175350611396e+04  1.000214646162669123e+04  1.000225629617998857e+04
107 2141 4.874010e-01 2.324317e+01  1.994990899190086338e+03  1.000205896494661101e+04  1.000214123388885491e+04  1.000339729497327971e+04
108 2161 4.803570e-01 2.324559e+01  1.994990899190086338e+03  1.000206414997677894e+04  1.000214511113397930e+04  1.000226474992296426e+04
109 2181 4.750027e-01 2.325601e+01  1.994990899190086338e+03  1.000206793958543312e+04  1.000213373072778631e+04  1.000251784951465379e+04
110 2201 4.704461e-01 2.327883e+01  1.994990899190086338e+03  1.000205141696739156e+04  1.000212613340922690e+04  1.000221342428469325e+04
111 2221 4.673995e-01 2.328366e+01  1.994990899190086338e+03  1.000206057687199063e+04  1.000212371006407375e+04  1.000232222026587442e+04
112 2241 4.639038e-01 2.328447e+01  1.994990899190086338e+03  1.000204554305103738e+04  1.000214046194434559e+04  1.000230327036609924e+04
113 2261 4.587513e-01 2.329169e+01  1.994990899190086338e+03  1.000207035146109229e+04  1.000213133268071397e+04  1.000228663618505743e+04
114 2281 4.518217e-01 2.329332e+01  1.994990899190086338e+03  1.000206095430296773e+04  1.000213100792718251e+04  1.000221289211210933e+04
115 2301 4.467661e-01 2.330408e+01  1.994990899190086338e+03  1.000203850044237333e+04  1.000210567257970615e+04  1.000226671081898348e+04
116 2321 4.436889e-01 2.331363e+01  1.994990899190086338e+03  1.000204108693565831e+04  1.000210541499502142e+04  1.000220884990650120e+04
117 2341 4.395203e-01 2.331537e+01  1.994990899190086338e+03  1.000204291441115492e+04  1.000209910589303581e+04  1.000226750335155339e+04
118 2361 4.380560e-01 2.331454e+01  1.994990899190086338e+03  1.000206824053885794e+04  1.000212130804391927e+04  1.000233521305271461e+04
119 2381 4.360796e-01 2.332039e+01  1.994990899190086338e+03  1.000204866139212390e+04  1.000214748977286035e+04  1.000227798280913157e+04
120 2401 4.349413e-01 2.333603e+01  1.994990899190086338e+03  1.000205523436103431e+04  1.000213240450900412e+04  1.000226120639015244e+04
121 2421 4.342883e-01 2.333278e+01  1.994990899190086338e+03  1.000206590404361486e+04  1.000213819234561561e+04  1.000233041100631999e+04
122 2441 4.354684e-01 2.334871e+01  1.994990899190086338e+03  1.000205817877112713e+04  1.000214731859447056e+04  1.000232691749109290e+04
123 2461 4.357422e-01 2.335595e+01  1.994990899190086338e+03  1.000209527633958714e+04  1.000213011535610167e+04  1.000227003646933554e+04
124 2481 4.349543e-01 2.336720e+01  1.994990899190086338e+03  1.000209874163428503e+04  1.000214773440124009e+04  1.000231559950381416e+04
125 2501 4.326542e-01 2.337714e+01  1.994990899190086338e+03  1.000206348065646853e+04  1.000212217726646486e+04  1.000225673675475809e+04
126 2521 4.297365e-01 2.340271e+01  1.994990899190086338e+03  1.000205288182253389e+04  1.000214163418709722e+04  1.000230852774666891e+04
127 2541 4.264785e-01 2.341298e+01  1.994990899190086338e+03  1.000207088068820303e+04  1.000210870121250264e+04  1.000217575801528983e+04
128 2561 4.221628e-01 2.342475e+01  1.994990899190086338e+03  1.000208537262298705e+04  1.000213805674009745e+04  1.000224885258681934e+04
129 2581 4.175314e-01 2.343197e+01  1.994990899190086338e+03  1.000204441351670175e+04  1.000212888284168184e+04  1.000353611143046328e+04
130 2601 4.136078e-01 2.344979e+01  1.994990899190086338e+03  1.000206373201264796e+04  1.000213422941053977e+04  1.000225069370455640e+04
131 2621 4.097140e-01 2.346369e+01  1.994990899190086338e+03  1.000207529588203033e+04  1.000212768826674801e+04  1.000229898559697540e+04
132 2641 4.076994e-01 2.346955e+01  1.994990899190086338e+03  1.000206318498332257e+04  1.000212896072853619e+04  1.000337342214075761e+04
133 2661 4.062011e-01 2.347947e+01  1.994990899190086338e+03  1.000206547666248298e+04  1.000213907329931317e+04  1.000221891519969722e+04
134 2681 4.045984e-01 2.348711e+01  1.994990899190086338e+03  1.000207514372058722e+04  1.000212553853410827e+04  1.000363873593649441e+04
135 2701 4.031827e-01 2.349907e+01  1.994990899190086338e+03  1.000208473775949824e+04  1.000214222046285067e+04  1.000239253980403555e+04
136 2721 4.003057e-01 2.350772e+01  1.994990899190086338e+03  1.000208308574931652e+04  1.000211953879872272e+04  1.000219151653518929e+04
137 2741 3.989364e-01 2.352123e+01  1.994990899190086338e+03  1.000208584739229991e+04  1.000214025310493889e+04  1.000338450947850833e+04
138 2761 3.964582e-01 2.353079e+01  1.994990899190086338e+03  1.000203326766380451e+04  1.000211955814673638e+04  1.000217949596636572e+04
139 2781 3.924187e-01 2.354205e+01  1.994990899190086338e+03  1.000207134690005842e+04  1.000211320649450863e+04  1.000219620232223133e+04
140 2801 3.883505e-01 2.355825e+01  1.994990899190086338e+03  1.000207559705407584e+04  1.000211156614612628e+04  1.000220875261227775e+04
141 2821 3.846303e-01 2.356412e+01  1.994990899190086338e+03  1.000206779102675500e+04  1.000211847969172231e+04  1.000232058812173818e+04
142 2841 3.820099e-01 2.357257e+01  1.994990899190086338e+03  1.000207510588036712e+04  1.000213446628832389e+04  1.000223829873295108e+04
143 2861 3.793153e-01 2.359495e+01  1.994990899190086338e+03  1.000206078348236224e+04  1.000213060983203650e+04  1.000339756289018624e+04
144 2881 3.773287e-01 2.360047e+01  1.994990899190086338e+03  1.000205187310603469e+04  1.000211584264843623e+04  1.000220576092104602e+04
145 2901 3.743090e-01 2.360304e+01  1.994990899190086338e+03  1.000206408327362260e+04  1.000211621978507173e+04  1.000219407769102509e+04
146 2921 3.708187e-01 2.360647e+01  1.994990899190086338e+03  1.000204097899997032e+04  1.000209919197049749e+04  1.000217814959286807e+04
147 2941 3.669240e-01 2.360750e+01  1.994990899190086338e+03  1.000203899380805160e+04  1.000209881942673019e+04  1.000354232171646618e+04
148 2961 3.625271e-01 2.362087e+01  1.994990899190086338e+03  1.000203941006103742e+04  1.000209225137729118e+04  1.000224572500905379e+04
149 2981 3.571198e-01 2.362438e+01  1.994990899190086338e+03  1.000204569648266443e+04  1.000209870954011785e+04  1.000216857682252703e+04
150 3001 3.518054e-01 2.362820e+01  1.994990899190086338e+03  1.000204403147427547e+04  1.000207773596004517e+04  1.000217892845306051e+04
151 3021 3.482904e-01 2.363875e+01  1.994990899190086338e+03  1.000204676927760738e+04  1.000208743423832857e+04  1.000337908959138986e+04
152 3041 3.455190e-01 2.364451e+01  1.994990899190086338e+03  1.000203782889661670e+04  1.000207668055996874e+04  1.000338518787967769e+04
153 3061 3.425316e-01 2.366618e+01  1.994990899190086338e+03  1.000203537534983479e+04  1.000207391250539695e+04  1.000214757681670744e+04
154 3081 3.385866e-01 2.367860e+01  1.994990899190086338e+03  1.000202300120550717e+04  1.000207126780352519e+04  1.000215150609594457e+04
155 3101 3.347996e-01 2.367945e+01  1.994990899190086338e+03  1.000203469970692095e+04  1.000206993205109575e+04  1.000215836779758502e+04
156 3121 3.309884e-01 2.369008e+01  1.994990899190086338e+03  1.000204075293461574e+04  1.000209484008437357e+04  1.000212703645923830e+04
157 3141 3.270728e-01 2.370958e+01  1.994990899190086338e+03  1.000203555255065112e+04  1.000207946887013168e+04  1.000570623578590676e+04
158 3161 3.232845e-01 2.373065e+01  1.994990899190086338e+03  1.000203043625421742e+04  1.000208326247969489e+04  1.000339423558169074e+04
159 3181 3.204584e-01 2.374379e+01  1.994990899190086338e+03  1.000201814401059710e+04  1.000205834948105621e+04  1.000210134611534704e+04
160 3201 3.182284e-01 2.375661e+01  1.994990899190086338e+03  1.000202669246482765e+04  1.000206794079023530e+04  1.000559264068377524e+04
161 3221 3.168808e-01 2.377447e+01  1.994990899190086338e+03  1.000201711739695929e+04  1.000205823145029717e+04  1.000338300782631632e+04
162 3241 3.146277e-01 2.378074e+01  1.994990899190086338e+03  1.000201530834422738e+04  1.000207608936144243e+04  1.000218984145879404e+04
163 3261 3.141801e-01 2.379505e+01  1.994990899190086338e+03  1.000202210405539881e+04  1.000205449053138364e+04  1.000332164559644661e+04
164 3281 3.140625e-01 2.380645e+01  1.994990899190086338e+03  1.000202032858124039e+04  1.000206217087068580e+04  1.000333976386722316e+04
165 3301 3.135543e-01 2.380772e+01  1.994990899190086338e+03  1.000202090954393861e+04  1.000206011443950047e+04  1.000215248621784667e+04
166 3321 3.166337e-01 2.381306e+01  1.994990899190086338e+03  1.000202844507076952e+04  1.000205984608466315e+04  1.000213641891844236e+04
167 3341 3.194571e-01 2.382734e+01  1.994990899190086338e+03  1.000202649700433358e+04  1.000206686790260756e+04  1.000217072096099400e+04
168 3361 3.223811e-01 2.384111e+01  1.994990899190086338e+03  1.000200882710569022e+04  1.000204253192778924e+04  1.000211763104441707e+04
169 3381 3.246822e-01 2.384159e+01  1.994990899190086338e+03  1.000202272669157355e+04  1.000205001995041312e+04  1.000212085838959683e+04
170 3401 3.252878e-01 2.387108e+01  1.994990899190086338e+03  1.000201830668303410e+04  1.000206666104710530e+04  1.000287302754474695e+04
171 3421 3.259859e-01 2.388215e+01  1.994990899190086338e+03  1.000201581599319434e+04  1.000206329236007878e+04  1.000213630336635106e+04
172 3441 3.273293e-01 2.389364e+01  1.994990899190086338e+03  1.000201628797059493e+04  1.000205272154714112e+04  1.000345305273030681e+04
173 3461 3.280196e-01 2.390649e+01  1.994990899190086338e+03  1.000203338264913509e+04  1.000205764385156544e+04  1.000214069903223208e+04
174 3481 3.301470e-01 2.390900e+01  1.994990899190086338e+03  1.000201659620791725e+04  1.000206627901259344e+04  1.000216354233135462e+04
175 3501 3.299224e-01 2.391379e+01  1.994990899190086338e+03  1.000200922877585253e+04  1.000205793363364137e+04  1.000210476809064494e+04
176 3521 3.298573e-01 2.392271e+01  1.994990899190086338e+03  1.000200751353046689e+04  1.000205644643758569e+04  1.000218157931996393e+04
177 3541 3.294566e-01 2.392942e+01  1.994990899190086338e+03  1.000202212541763583e+04  1.000206597538993992e+04  1.000214665205801066e+04
178 3561 3.297193e-01 2.396043e+01  1.994990899190086338e+03  1.000201656223931968e+04  1.000204774556482516e+04  1.000212234278611868e+04
179 3581 3.311548e-01 2.399172e+01  1.994990899190086338e+03  1.000200655094911781e+04  1.000204351534905800e+04  1.000213638960061508e+04
180 3601 3.346663e-01 2.400430e+01  1.994990899190086338e+03  1.000200767961673591e+04  1.000205187117058631e+04  1.000215314949268577e+04
181 3621 3.370933e-01 2.401968e+01  1.994990899190086338e+03  1.000201112127451961e+04  1.000205040469370942e+04  1.000215322391449990e+04
182 3641 3.406560e-01 2.403826e+01  1.994990899190086338e+03  1.000201924342786697e+04  1.000205999887489452e+04  1.000225576856293628e+04
183 3661 3.420520e-01 2.404616e+01  1.994990899190086338e+03  1.000201118396899255e+04  1.000205768153533791e+04  1.000216920328105698e+04
184 3681 3.427037e-01 2.404972e+01  1.994990899190086338e+03  1.000204466962349943e+04  1.000208245916268061e+04  1.000216168886223750e+04
185 3701 3.435733e-01 2.405345e+01  1.994990899190086338e+03  1.000201938536327179e+04  1.000207702897952913e+04  1.000214939129447339e+04
186 3721 3.446345e-01 2.406863e+01  1.994990899190086338e+03  1.000200684355761041e+04  1.000207140024517867e+04  1.000218042551520375e+04
187 3741 3.450359e-01 2.407424e+01  1.994990899190086338e+03  1.000202155090842462e+04  1.000209381261247108e+04  1.000336990541910382e+04
188 3761 3.458268e-01 2.407574e+01  1.994990899190086338e+03  1.000205922258778082e+04  1.000209919677950893e+04  1.000219095804202516e+04
189 3781 3.463878e-01 2.407985e+01  1.994990899190086338e+03  1.000202367600203252e+04  1.000206702148696604e+04  1.000215575053636894e+04
190 3801 3.455307e-01 2.407908e+01  1.994990899190086338e+03  1.000202666073596993e+04  1.000206875478695656e+04  1.000223125175284986e+04
191 3821 3.434901e-01 2.408095e+01  1.994990899190086338e+03  1.000202205248566315e+04  1.000207052686052521e+04  1.000225348744954135e+04
192 3841 3.422836e-01 2.409090e+01  1.994990899190086338e+03  1.000202621460133196e+04  1.000206448519559126e+04  1.000219735487479193e+04
193 3861 3.405350e-01 2.410203e+01  1.994990899190086338e+03  1.000201639633521881e+04  1.000206099108829403e+04  1.000213952592480928e+04
194 3881 3.385391e-01 2.412270e+01  1.994990899190086338e+03  1.000202755940148745e+04  1.000208308405732532e+04  1.000565504160819546e+04
195 3901 3.366603e-01 2.411994e+01  1.994990899190086338e+03  1.000204257127251367e+04  1.000207692123025117e+04  1.000213680597740313e+04
196 3921 3.343207e-01 2.412133e+01  1.994990899190086338e+03  1.000201377841715839e+04  1.000209076201747121e+04  1.000225098925190650e+04
197 3941 3.310255e-01 2.413470e+01  1.994990899190086338e+03  1.000201096354133915e+04  1.000205746278680817e+04  1.000222130285150706e+04
198 3961 3.277499e-01 2.415533e+01  1.994990899190086338e+03  1.000200540030662523e+04  1.000205513606568638e+04  1.000212933996384709e+04
199 3981 3.242884e-01 2.416153e+01  1.994990899190086338e+03  1.996950236257700453e+03  1.000206516917543559e+04  1.000211769872016339e+04
200 4001 3.212981e-01 2.416588e+01  1.994990899190086338e+03  1.000200320165556514e+04  1.000204991905833595e+04  1.000218503734140722e+04
201 4021 3.198190e-01 2.417333e+01  1.994990899190086338e+03  1.000200711342607428e+04  1.000204527979600971e+04  1.000210802595672794e+04
202 4041 3.180195e-01 2.418042e+01  1.994990899190086338e+03  1.000201543047428277e+04  1.000207038980340076e+04  1.000218169381215375e+04
203 4061 3.163362e-01 2.418646e+01  1.994990899190086338e+03  1.000202003791195420e+04  1.000208192926623815e+04  1.000216509540713741e+04
204 4081 3.159039e-01 2.419716e+01  1.994990899190086338e+03  1.000201107512376257e+04  1.000205312855267402e+04  1.000212319856532849e+04
205 4101 3.135383e-01 2.420701e+01  1.994990899190086338e+03  1.000200466350593888e+04  1.000204818480031827e+04  1.000213526432626531e+04
206 4121 3.099474e-01 2.420952e+01  1.994990899190086338e+03  1.000201906824475373e+04  1.000207423353441663e+04  1.000212888648311491e+04
207 4141 3.074711e-01 2.421761e+01  1.994990899190086338e+03  1.000202940936323648e+04  1.000205384548529400e+04  1.000214345929417141e+04
208 4161 3.060957e-01 2.422461e+01  1.994990899190086338e+03  1.000200893164433000e+04  1.000205280727533318e+04  1.000213065065303454e+04
209 4181 3.047615e-01 2.424294e+01  1.994990899190086338e+03  1.000201091412769711e+04  1.000205167199528296e+04  1.000216128465717520e+04
210 4201 3.020055e-01 2.424983e+01  1.994990899190086338e+03  1.000200884310539004e+04  1.000204579197724161e+04  1.000209556686643919e+04
211 4221 2.994851e-01 2.425290e+01  1.994990899190086338e+03  1.000200212487456338e+04  1.000204546296353510e+04  1.000213707752440678e+04
212 4241 2.980930e-01 2.425545e+01  1.994990899190086338e+03  1.000200293722937749e+04  1.000204392818964698e+04  1.000212227031961811e+04
213 4261 2.985108e-01 2.425439e+01  1.994990899190086338e+03  1.000200857084547170e+04  1.000205572942112849e+04  1.000219951712216607e+04
214 4281 2.984894e-01 2.425705e+01  1.994990899190086338e+03  1.000201133237793510e+04  1.000204482937660759e+04  1.000215682484007630e+04
215 4301 3.008794e-01 2.426680e+01  1.994990899190086338e+03  1.000200367529018695e+04  1.000204995008452897e+04  1.000212019220307229e+04
216 4321 3.037655e-01 2.426913e+01  1.994990899190086338e+03  1.000201007588056564e+04  1.000204707925898038e+04  1.000211789597565985e+04
217 4341 3.056628e-01 2.428428e+01  1.994990899190086338e+03  1.000200587167430967e+04  1.000204995163746935e+04  1.000211131838554320e+04
218 4361 3.083370e-01 2.428759e+01  1.994990899190086338e+03  1.000201103319164758e+04  1.000206525206252627e+04  1.000215682854810802e+04
219 4381 3.117829e-01 2.428062e+01  1.994990899190086338e+03  1.000201579181801208e+04  1.000206014611202772e+04  1.000215272122267743e+04
220 4401 3.146170e-01 2.429240e+01  1.994990899190086338e+03  1.000000000000000000e+04  1.000203831042750244e+04  1.000212750746672282e+04
221 4421 3.156160e-01 2.430485e+01  1.994990899190086338e+03  1.000201356838580796e+04  1.000205191284772445e+04  1.000209596021381731e+04
222 4441 3.180429e-01 2.431295e+01  1.994990899190086338e+03  1.000200662692597507e+04  1.000205709913973260e+04  1.000341938959025356e+04
223 4461 3.213814e-01 2.431482e+01  1.994990899190086338e+03  1.000000000000000000e+04  1.000205748550565113e+04  1.000214352085245991e+04
224 4481 3.256887e-01 2.432468e+01  1.994990899190086338e+03  1.000000000000000000e+04  1.000203708250664931e+04  1.000216640685402308e+04
225 4501 3.284952e-01 2.434041e+01  1.994990899190086338e+03  2.000160470335244781e+03  1.000203802626802280e+04  1.000210528136271932e+04
226 4521 3.323502e-01 2.433465e+01  1.994990899190086338e+03  1.996942416951966834e+03  1.000205508586504220e+04  1.000215546752060982e+04
227 4541 3.361993e-01 2.433173e+01  1.994990899190086338e+03  1.000200720739514145e+04  1.000204990597121287e+04  1.000211474387781527e+04
228 4561 3.380978e-01 2.433614e+01  1.994990899190086338e+03  1.000000000000000000e+04  1.000206229751159299e+04  1.000213365150623758e+04
229 4581 3.403344e-01 2.434897e+01  1.994990899190086338e+03  1.000000000000000000e+04  1.000203688858960595e+04  1.000217061286539865e+04
230 4601 3.429498e-01 2.434925e+01  1.994990899190086338e+03  1.000000000000000000e+04  1.000204779882822913e+04  1.000216132057078357e+04
231 4621 3.440224e-01 2.434753e+01  1.994990899190086338e+03  1.000000000000000000e+04  1.000205186456732918e+04  1.000218483138336887e+04
232 4641 3.448885e-01 2.434730e+01  1.994990899190086338e+03  1.000000000000000000e+04  1.000204014260402619e+04  1.000214155212098376e+04
233 4661 3.451779e-01 2.435082e+01  1.994990899190086338e+03  1.000000000000000000e+04  1.000205596742847047e+04  1.000228378350857383e+04
234 4681 3.448755e-01 2.435237e+01  1.994990899190086338e+03  1.996966753715720415e+03  1.000203370995746081e+04  1.000212792041634202e+04
235 4701 3.439840e-01 2.435264e+01  1.994990899190086338e+03  1.000200057563338669e+04  1.000203035304363948e+04  1.000216550928825745e+04
236 4721 3.434313e-01 2.435403e+01  1.994990899190086338e+03  1.000000000000000000e+04  1.000206749416066305e+04  1.000699153491659672e+04
237 4741 3.421218e-01 2.435296e+01  1.994990899190086338e+03  1.000000000000000000e+04  1.000202755477515166e+04  1.000221560689543912e+04
238 4761 3.408115e-01 2.436647e+01  1.994990899190086338e+03  1.000000000000000000e+04  1.000204991819713905e+04  1.000220508277307817e+04
239 4781 3.411210e-01 2.436717e+01  1.994990899190086338e+03  1.000201784085116742e+04  1.000204745287222249e+04  1.000314499263578546e+04
240 4801 3.403111e-01 2.437663e+01  1.994990899190086338e+03  1.996973392110533268e+03  1.000205766411492186e+04  1.000229087822783185e+04
241 4821 3.405590e-01 2.437707e+01  1.994990899190086338e+03  1.000200255991470840e+04  1.000204386212678219e+04  1.000213967573528862e+04
242 4841 3.394527e-01 2.437815e+01  1.994990899190086338e+03  1.000000000000000000e+04  1.000207008819604744e+04  1.000333403444133364e+04
243 4861 3.376384e-01 2.438630e+01  1.994990899190086338e+03  1.000000000000000000e+04  1.000205322900031570e+04  1.000217244249970463e+04
244 4881 3.376500e-01 2.440135e+01  1.994990899190086338e+03  2.000169195112121997e+03  1.000204596888443484e+04  1.000213150047295858e+04
245 4901 3.363139e-01 2.441476e+01  1.994990899190086338e+03  1.000000000000000000e+04  1.000202408505488711e+04  1.000558790994852825e+04
246 4921 3.327149e-01 2.442744e+01  1.994990899190086338e+03  1.996963719573166145e+03  1.000203242720714843e+04  1.000332349997315760e+04
247 4941 3.300265e-01 2.443579e+01  1.994990899190086338e+03  1.996926194156423890e+03  1.000203518068802441e+04  1.000218489620428409e+04
248 4961 3.281072e-01 2.444735e+01  1.994990899190086338e+03  2.000168767393815187e+03  1.000202764190555536e+04  1.000211321106951800e+04
249 4981 3.258612e-01 2.446236e+01  1.994990899190086338e+03  2.000167919251371814e+03  1.000204037037180387e+04  1.000210741604645409e+04
250 5001 3.250070e-01 2.447826e+01  1.994990899190086338e+03  1.000000000000000000e+04  1.000202265211756458e+04  1.000218771746385937e+04
251 5021 3.244940e-01 2.449196e+01  1.994990899190086338e+03  2.000168338745717847e+03  1.000203492722345618e+04  1.000325586528008716e+04
252 5041 3.260387e-01 2.451857e+01  1.994990899190086338e+03  2.000167970872665592e+03  1.000202667914506856e+04  1.000209454002508028e+04
253 5061 3.282547e-01 2.453324e+01  1.994990899190086338e+03  1.000000000000000000e+04  1.000203050389933014e+04  1.000225388202109571e+04
254 5081 3.287391e-01 2.455284e+01  1.994990899190086338e+03  1.000000000000000000e+04  1.000204487933057862e+04  1.000217327115982516e+04
255 5101 3.285920e-01 2.456827e+01  1.994990899190086338e+03  1.996900377785144656e+03  1.000203294571370861e+04  1.000324327566058491e+04
256 5121 3.289192e-01 2.458147e+01  1.994990899190086338e+03  1.996896684524561806e+03  1.000204780268838294e+04  1.000334980056907443e+04
257 5141 3.286336e-01 2.459809e+01  1.994990899190086338e+03  1.996892586459646964e+03  1.000201602694283247e+04  1.000211024223928325e+04
258 5161 3.264676e-01 2.461450e+01  1.994990899190086338e+03  1.996914352060018473e+03  1.000203809793769688e+04  1.000233465394486848e+04
259 5181 3.243497e-01 2.463380e+01  1.994990899190086338e+03  2.000162964755848179e+03  1.000204590414726044e+04  1.000352877593231460e+04
260 5201 3.217630e-01 2.464534e+01  1.994990899190086338e+03  1.000000000000000000e+04  1.000202784235318541e+04  1.000324612360535866e+04
261 5221 3.204640e-01 2.465828e+01  1.994990899190086338e+03  2.000168043280548090e+03  1.000203386243602836e+04  1.000287349707911198e+04
262 5241 3.188410e-01 2.466050e+01  1.994990899190086338e+03  2.000167315748733472e+03  1.000204302111682409e+04  1.000213268590623920e+04
263 5261 3.162376e-01 2.466716e+01  1.994990899190086338e+03  1.000000000000000000e+04  1.000205730933751875e+04  1.000325392821182868e+04
264 5281 3.138633e-01 2.467254e+01  1.994990899190086338e+03  2.000165671002989257e+03  1.000202575206905021e+04  1.000223003222139232e+04
265 5301 3.108493e-01 2.470779e+01  1.994990899190086338e+03  2.000167749522830036e+03  1.000203395355694192e+04  1.000230994089579690e+04
266 5321 3.065554e-01 2.472770e+01  1.994990899190086338e+03  1.000000000000000000e+04  1.000203243352476420e+04  1.000214205485803541e+04
267 5341 3.033250e-01 2.473299e+01  1.994990899190086338e+03  2.000164681404389057e+03  1.000000000000000000e+04  1.000212530593399788e+04
268 5361 3.012110e-01 2.473803e+01  1.994990899190086338e+03  2.000168798201307027e+03  1.000201735425036168e+04  1.000218953621707806e+04
269 5381 2.987413e-01 2.474211e+01  1.994990899190086338e+03  2.000159511778512297e+03  1.000201985139570024e+04  1.000212100918879696e+04
270 5401 2.963353e-01 2.475454e+01  1.994990899190086338e+03  2.000168621634168630e+03  1.000201858900425395e+04  1.000241497057944798e+04
271 5421 2.946358e-01 2.475507e+01  1.994990899190086338e+03  2.000168908152553740e+03  1.000200222835294153e+04  1.000209470224501820e+04
272 5441 2.938649e-01 2.475590e+01  1.994990899190086338e+03  2.000168881138779398e+03  1.000200781049080433e+04  1.000212634090752545e+04
273 5461 2.926130e-01 2.476405e+01  1.994990899190086338e+03  1.000000000000000000e+04  1.000203171488201588e+04  1.000207667639408464e+04
274 5481 2.913378e-01 2.476027e+01  1.994990899190086338e+03  2.000167810876239400e+03  1.000200518803802879e+04  1.000324778245277048e+04
275 5501 2.889469e-01 2.476249e+01  1.994990899190086338e+03  2.000154715636794435e+03  1.000201688240305884e+04  1.000329591928762238e+04
276 5521 2.872252e-01 2.475762e+01  1.994990899190086338e+03  2.000159279186462300e+03  1.000201402088961913e+04  1.000321027017390043e+04
277 5541 2.850519e-01 2.476578e+01  1.994990899190086338e+03  2.000168518157836616e+03  1.000201627737918716e+04  1.000218737134323601e+04
278 5561 2.822906e-01 2.477020e+01  1.994990899190086338e+03  2.000161403665654007e+03  1.000201192804840503e+04  1.000206492375488779e+04
279 5581 2.782145e-01 2.476891e+01  1.994990899190086338e+03  1.000000000000000000e+04  1.000202219610033717e+04  1.000332511244291709e+04
280 5601 2.759634e-01 2.476744e+01  1.994990899190086338e+03  2.000159551141733573e+03  1.000200688954064208e+04  1.000206029018270419e+04
281 5621 2.729626e-01 2.476972e+01  1.994990899190086338e+03  1.000000000000000000e+04  1.000201064320274963e+04  1.000207951338456769e+04
282 5641 2.701264e-01 2.476895e+01  1.994990899190086338e+03  2.000149946954458073e+03  1.000201634778725747e+04  1.000206292488169493e+04
283 5661 2.678378e-01 2.477388e+01  1.994990899190086338e+03  2.000163415963444777e+03  1.000202267412014771e+04  1.000209041016623996e+04
284 5681 2.660662e-01 2.478424e+01  1.994990899190086338e+03  2.000162383087941407e+03  1.000201748292241609e+04  1.000207308159668537e+04
285 5701 2.645054e-01 2.478165e+01  1.994990899190086338e+03  2.000168656862878606e+03  1.000100543644207755e+04  1.000208104372602429e+04
286 5721 2.628061e-01 2.478716e+01  1.994990899190086338e+03  2.000168863458388614e+03  1.000200700377621251e+04  1.000324440987970229e+04
287 5741 2.608807e-01 2.479875e+01  1.994990899190086338e+03  1.996976915692369857e+03  1.000200559843684096e+04  1.000206506715179603e+04
288 5761 2.592937e-01 2.479043e+01  1.994990899190086338e+03  1.996900026971771467e+03  1.000201096741428410e+04  1.000208317828403051e+04
289 5781 2.568030e-01 2.478996e+01  1.994990899190086338e+03  1.996852738243159365e+03  1.000200599609417077e+04  1.000209175060696180e+04
290 5801 2.533174e-01 2.479622e+01  1.994990899190086338e+03  2.000164093926274063e+03  1.000201488394898843e+04  1.000205501691870450e+04
291 5821 2.510889e-01 2.479767e+01  1.994990899190086338e+03  2.000168991081376817e+03  1.000200439431492850e+04  1.000205653998627167e+04
292 5841 2.501565e-01 2.480868e+01  1.994990899190086338e+03  2.000161506509841047e+03  1.000200682596069419e+04  1.000205687397651491e+04
293 5861 2.496818e-01 2.481029e+01  1.994990899190086338e+03  2.000156516798103667e+03  1.000201165569106888e+04  1.000208150261509218e+04
294 5881 2.497061e-01 2.481065e+01  1.994990899190086338e+03  2.000169009233801489e+03  1.000100003381236093e+04  1.000317134788593285e+04
295 5901 2.490660e-01 2.482128e+01  1.994990899190086338e+03  2.000160491838826601e+03  1.000000000000000000e+04  1.000318037565826671e+04
296 5921 2.490549e-01 2.482953e+01  1.994990899190086338e+03  2.000149869268336488e+03  1.000200146947008761e+04  1.000206443289609524e+04
297 5941 2.492000e-01 2.483582e+01  1.994990899190086338e+03  2.000160711733870130e+03  1.000201526683755037e+04  1.000206731632932861e+04
298 5961 2.493160e-01 2.482795e+01  1.994990899190086338e+03  1.997317555188434881e+03  1.000000000000000000e+04  1.000224619236857870e+04
299 5981 2.495168e-01 2.482672e+01  1.994990899190086338e+03  2.000156550657967045e+03  1.000000000000000000e+04  1.000203062254311590e+04
300 6001 2.492233e-01 2.482873e+01  1.994990899190086338e+03  2.000167395692390528e+03  1.000000000000000000e+04  1.000204731508764598e+04
301 6021 2.479540e-01 2.483058e+01  1.994990899190086338e+03  1.996922689178627024e+03  1.000100303734159752e+04  1.000249322976854455e+04
302 6041 2.466755e-01 2.483117e+01  1.994990899190086338e+03  1.000000000000000000e+04  1.000202037818148528e+04  1.000210964644363048e+04
303 6061 2.457098e-01 2.482765e+01  1.994990899190086338e+03  1.996937495837712504e+03  1.000202098167529766e+04  1.000211560304540399e+04
304 6081 2.434241e-01 2.483524e+01  1.994990899190086338e+03  2.000167015809465056e+03  1.000200816252996810e+04  1.000215100661968427e+04
305 6101 2.413936e-01 2.484669e+01  1.994990899190086338e+03  1.996930454562228078e+03  1.000100187096888476e+04  1.000317403692699918e+04
306 6121 2.388984e-01 2.485115e+01  1.994990899190086338e+03  2.000168800679776950e+03  1.000200918162083144e+04  1.000322121215120933e+04
307 6141 2.371732e-01 2.486810e+01  1.994990899190086338e+03  2.000163859483570832e+03  1.000201071911946383e+04  1.000205422594431002e+04
308 6161 2.353351e-01 2.486641e+01  1.994990899190086338e+03  2.000164558441574172e+03  1.000200826059747124e+04  1.000208153172443599e+04
309 6181 2.330179e-01 2.486540e+01  1.994990899190086338e+03  2.000167303607025815e+03  1.000000000000000000e+04  1.000204715700430825e+04
310 6201 2.312543e-01 2.487032e+01  1.994990899190086338e+03  2.000168231814241835e+03  1.000000000000000000e+04  1.000209487395186261e+04
311 6221 2.302882e-01 2.490438e+01  1.994990899190086338e+03  2.000160991927706846e+03  1.000000000000000000e+04  1.000318319006328238e+04
312 6241 2.290700e-01 2.491560e+01  1.994990899190086338e+03  2.000162981264636983e+03  1.000000000000000000e+04  1.000319475791536934e+04
313 6261 2.280429e-01 2.491889e+01  1.994990899190086338e+03  2.000156544716549433e+03  1.000200520124830837e+04  1.000314818526630734e+04
314 6281 2.272224e-01 2.492182e+01  1.994990899190086338e+03  2.000160574630562678e+03  1.000000000000000000e+04  1.000204335381336386e+04
315 6301 2.273156e-01 2.492492e+01  1.994990899190086338e+03  1.996890997678859094e+03  1.000000000000000000e+04  1.000206777266707286e+04
316 6321 2.273566e-01 2.492475e+01  1.994990899190086338e+03  1.996949539570080560e+03  1.000000000000000000e+04  1.000202595021625893e+04
317 6341 2.264266e-01 2.493276e+01  1.994990899190086338e+03  1.996949609530640600e+03  1.000100480550587963e+04  1.000206784949194480e+04
318 6361 2.252817e-01 2.493366e+01  1.994990899190086338e+03  2.000161419970316047e+03  1.000100051951705973e+04  1.000315289995713829e+04
319 6381 2.238723e-01 2.494964e+01  1.994990899190086338e+03  1.996863313847334894e+03  1.000000000000000000e+04  1.000321447014722617e+04
320 6401 2.226013e-01 2.497649e+01  1.994990899190086338e+03  1.996868908346080161e+03  1.000000000000000000e+04  1.000208626257255128e+04
321 6421 2.215754e-01 2.498255e+01  1.994990899190086338e+03  2.000167389819833716e+03  1.000100139191575727e+04  1.000212910427780116e+04
322 6441 2.201647e-01 2.498020e+01  1.994990899190086338e+03  1.996943098497152278e+03  1.000000000000000000e+04  1.000205532018612212e+04
323 6461 2.188420e-01 2.500134e+01  1.994990899190086338e+03  1.996874801469921977e+03  1.000100100807816671e+04  1.000204502076051540e+04
324 6481 2.173572e-01 2.500236e+01  1.994990899190086338e+03  1.996848717027354041e+03  1.000000000000000000e+04  1.000223062433802443e+04
325 6501 2.153967e-01 2.500367e+01  1.994990899190086338e+03  1.996914735033796205e+03  1.000000000000000000e+04  1.000202334520829572e+04
326 6521 2.136925e-01 2.502288e+01  1.994990899190086338e+03  1.996946688817892436e+03  1.000000000000000000e+04  1.000206381779201001e+04
327 6541 2.121718e-01 2.503261e+01  1.994990899190086338e+03  1.996924007181950628e+03  1.000000000000000000e+04  1.000208776247797869e+04
328 6561 2.101899e-01 2.504126e+01  1.994990899190086338e+03  1.996963101455057540e+03  1.000000000000000000e+04  1.000324594013068599e+04
329 6581 2.084499e-01 2.504146e+01  1.994990899190086338e+03  2.000156746987169527e+03  1.000000000000000000e+04  1.000323409714750778e+04
330 6601 2.080029e-01 2.504042e+01  1.994990899190086338e+03  2.000165570099387196e+03  1.000000000000000000e+04  1.000208811298538603e+04
331 6621 2.075379e-01 2.504259e+01  1.994990899190086338e+03  2.000165760602686987e+03  1.000000000000000000e+04  1.000214492722520117e+04
332 6641 2.066689e-01 2.504783e+01  1.994990899190086338e+03  1.996857837343214896e+03  1.000000000000000000e+04  1.000204792812342930e+04
333 6661 2.062868e-01 2.505911e+01  1.994990899190086338e+03  2.000162376585815309e+03  1.000200978403168847e+04  1.000320876142547240e+04
334 6681 2.049308e-01 2.505335e+01  1.994990899190086338e+03  1.996949385027245398e+03  1.000000000000000000e+04  1.000205785932215258e+04
335 6701 2.034365e-01 2.504257e+01  1.994990899190086338e+03  2.000161937428204055e+03  1.000000000000000000e+04  1.000269496053518924e+04
336 6721 2.023193e-01 2.503935e+01  1.994990899190086338e+03  2.000162010748587591e+03  1.000000000000000000e+04  1.000324118474097486e+04
337 6741 2.010043e-01 2.504595e+01  1.994990899190086338e+03  1.996933275552079067e+03  1.000000000000000000e+04  1.000202202923890036e+04
338 6761 2.005868e-01 2.505235e+01  1.994990899190086338e+03  1.996922624819398834e+03  1.000000000000000000e+04  1.000322791460009830e+04
339 6781 1.997934e-01 2.505024e+01  1.994990899190086338e+03  2.000166907379018085e+03  1.000000000000000000e+04  1.000220700930105886e+04
340 6801 1.994208e-01 2.507433e+01  1.994990899190086338e+03  1.996934553810449643e+03  1.000000000000000000e+04  1.000319637219784090e+04
341 6821 2.003463e-01 2.505714e+01  1.994990899190086338e+03  1.997193724232830391e+03  1.000000000000000000e+04  1.000200863052487512e+04
342 6841 2.019285e-01 2.507202e+01  1.994990899190086338e+03  1.996935348804775913e+03  1.000000000000000000e+04  1.000202238916019087e+04
343 6861 2.027835e-01 2.507739e+01  1.994990899190086338e+03  1.996860554024808380e+03  1.000000000000000000e+04  1.000210964400750345e+04
344 6881 2.035320e-01 2.511222e+01  1.994990899190086338e+03  2.000160082279483049e+03  1.000000000000000000e+04  1.000326134648932566e+04
345 6901 2.042255e-01 2.511191e+01  1.994990899190086338e+03  1.996934171804445441e+03  1.000000000000000000e+04  1.000202919625847062e+04
346 6921 2.040853e-01 2.512349e+01  1.994990899190086338e+03  1.996879804258760487e+03  1.000000000000000000e+04  1.000205799421025222e+04
347 6941 2.041016e-01 2.511565e+01  1.994990899190086338e+03  1.996854894194451845e+03  1.000000000000000000e+04  1.000326469806115347e+04
348 6961 2.026560e-01 2.513669e+01  1.994990899190086338e+03  2.000167443159731192e+03  1.000000000000000000e+04  1.000203629864592585e+04
349 6981 2.022044e-01 2.514127e+01  1.994990899190086338e+03  1.996876796228577632e+03  1.000000000000000000e+04  1.000201648938530525e+04
350 7001 2.013020e-01 2.514355e+01  1.994990899190086338e+03  2.000160851074122775e+03  1.000000000000000000e+04  1.000206078179226461e+04
351 7021 2.007641e-01 2.514027e+01  1.994990899190086338e+03  2.000162204250663990e+03  1.000000000000000000e+04  1.000202847366715105e+04
352 7041 2.003854e-01 2.515111e+01  1.994990899190086338e+03  2.000156420117673179e+03  1.000000000000000000e+04  1.000321597711930372e+04
353 7061 2.004920e-01 2.516522e+01  1.994990899190086338e+03  1.996916665036055065e+03  1.000000000000000000e+04  1.000326377631322248e+04
354 7081 2.003501e-01 2.517105e+01  1.994990899190086338e+03  1.996895827332451745e+03  1.000000000000000000e+04  1.000203625728614497e+04
355 7101 1.989076e-01 2.517908e+01  1.994990899190086338e+03  1.996911815057191234e+03  1.000000000000000000e+04  1.000320163873974889e+04
356 7121 1.983070e-01 2.519009e+01  1.994990899190086338e+03  1.996916375812608521e+03  1.000000000000000000e+04  1.000320428885401634e+04
357 7141 1.977324e-01 2.519277e+01  1.994990899190086338e+03  1.996912737108961892e+03  1.000100165643830223e+04  1.000203498545946786e+04
358 7161 1.974971e-01 2.519274e+01  1.994990899190086338e+03  2.000167600102761980e+03  1.000000000000000000e+04  1.000204338743772314e+04
359 7181 1.972248e-01 2.519434e+01  1.994990899190086338e+03  1.996922211340540798e+03  1.000000000000000000e+04  1.000207878580841498e+04
360 7201 1.974028e-01 2.519427e+01  1.994990899190086338e+03  1.996914555568055903e+03  1.000000000000000000e+04  1.000203255204709058e+04
361 7221 1.980759e-01 2.520483e+01  1.994990899190086338e+03  2.000164107980212066e+03  1.000000000000000000e+04  1.000324667985602900e+04
362 7241 1.983678e-01 2.519984e+01  1.994990899190086338e+03  1.996927787783829444e+03  1.000000000000000000e+04  1.000261699068617600e+04
363 7261 1.990013e-01 2.519584e+01  1.994990899190086338e+03  2.000162213033440594e+03  1.000000000000000000e+04  1.000206962009042218e+04
364 7281 1.996410e-01 2.520413e+01  1.994990899190086338e+03  1.996831900981268291e+03  1.000000000000000000e+04  1.000201787201564730e+04
365 7301 2.000466e-01 2.520960e+01  1.994990899190086338e+03  1.996916288403588169e+03  1.000000000000000000e+04  1.000208545109017359e+04
366 7321 2.001909e-01 2.521772e+01  1.994990899190086338e+03  2.000167391505086471e+03  1.000100055419707496e+04  1.000323882524938563e+04
367 7341 2.003974e-01 2.523942e+01  1.994990899190086338e+03  1.996921480934032161e+03  1.000000000000000000e+04  1.000207746742182826e+04
368 7361 2.004756e-01 2.525338e+01  1.994990899190086338e+03  2.000154190990569987e+03  1.000000000000000000e+04  1.000202241111554213e+04
369 7381 2.012042e-01 2.529405e+01  1.994990899190086338e+03  1.996896049059181905e+03  1.000000000000000000e+04  1.000202643668364180e+04
370 7401 2.025996e-01 2.529840e+01  1.994990899190086338e+03  2.000167338717334587e+03  1.000000000000000000e+04  1.000320144883546163e+04
371 7421 2.032093e-01 2.529839e+01  1.994990899190086338e+03  2.000167117286064240e+03  1.000000000000000000e+04  1.000207306527340370e+04
372 7441 2.037235e-01 2.529951e+01  1.994990899190086338e+03  1.996863515761644294e+03  1.000000000000000000e+04  1.000201884545607027e+04
373 7461 2.044286e-01 2.530264e+01  1.994990899190086338e+03  1.996952200912463240e+03  1.000000000000000000e+04  1.000257956394360372e+04
374 7481 2.048903e-01 2.532518e+01  1.994990899190086338e+03  1.996910948173722090e+03  1.000201409794684514e+04  1.000331176363594568e+04
375 7501 2.057509e-01 2.534971e+01  1.994990899190086338e+03  2.000165661071831892e+03  1.000000000000000000e+04  1.000318878271348149e+04
376 7521 2.060745e-01 2.536106e+01  1.994990899190086338e+03  2.000163934920245538e+03  1.000100129729621040e+04  1.000314788684119230e+04
377 7541 2.049497e-01 2.536881e+01  1.994990899190086338e+03  1.996838731418415136e+03  1.000000000000000000e+04  1.000331322650779475e+04
378 7561 2.036976e-01 2.537421e+01  1.994990899190086338e+03  1.996843923559295945e+03  1.000000000000000000e+04  1.000327755323938800e+04
379 7581 2.029416e-01 2.537368e+01  1.994990899190086338e+03  1.996916497419270172e+03  1.000000000000000000e+04  1.000217732209913993e+04
380 7601 2.023027e-01 2.537371e+01  1.994990899190086338e+03  1.000000000000000000e+04  1.000000000000000000e+04  1.000327411357239907e+04
381 7621 2.010619e-01 2.537978e+01  1.994990899190086338e+03  2.000168629508544427e+03  1.000000000000000000e+04  1.000325012808238353e+04
382 7641 1.991971e-01 2.538829e+01  1.994990899190086338e+03  1.996914940255795273e+03  1.000000000000000000e+04  1.000203291050678308e+04
383 7661 1.980163e-01 2.538848e+01  1.994990899190086338e+03  1.996897495722193298e+03  1.000000000000000000e+04  1.000205923482957223e+04
384 7681 1.962904e-01 2.539578e+01  1.994990899190086338e+03  1.996923884784442862e+03  1.000200283300818774e+04  1.000335353976879924e+04
385 7701 1.942620e-01 2.539165e+01  1.994990899190086338e+03  1.996817364068292591e+03  1.000000000000000000e+04  1.000201634163079871e+04
386 7721 1.934995e-01 2.542010e+01  1.994990899190086338e+03  2.000167962386987256e+03  1.000200437088046601e+04  1.000204392831543919e+04
387 7741 1.921888e-01 2.542556e+01  1.994990899190086338e+03  1.997029313097447130e+03  1.000100099485367173e+04  1.000333629460478369e+04
388 7761 1.909169e-01 2.541549e+01  1.994990899190086338e+03  1.996820182255877626e+03  1.000000000000000000e+04  1.000201969363125681e+04
389 7781 1.898488e-01 2.542608e+01  1.994990899190086338e+03  1.996910683862861333e+03  1.000000000000000000e+04  1.000205045254192555e+04
390 7801 1.894443e-01 2.543607e+01  1.994990899190086338e+03  2.000165375486338007e+03  1.000200178212107312e+04  1.000208119594815435e+04
391 7821 1.888902e-01 2.546315e+01  1.994990899190086338e+03  2.000167341682879169e+03  1.000000000000000000e+04  1.000205261868581510e+04
392 7841 1.884140e-01 2.547156e+01  1.994990899190086338e+03  1.996803788914266079e+03  1.000000000000000000e+04  1.000204240562228006e+04
393 7861 1.879845e-01 2.548198e+01  1.994990899190086338e+03  1.997286032701856357e+03  1.000100029580880800e+04  1.000319515972389127e+04
394 7881 1.870543e-01 2.548964e+01  1.994990899190086338e+03  2.000168773104964203e+03  1.000100181632432577e+04  1.000206894954598465e+04
395 7901 1.857677e-01 2.550278e+01  1.994990899190086338e+03  2.000167466233681807e+03  1.000000000000000000e+04  1.000202920878258919e+04
396 7921 1.848977e-01 2.551635e+01  1.994990899190086338e+03  2.000163174189366373e+03  1.000000000000000000e+04  1.000202571818513752e+04
397 7941 1.841383e-01 2.553172e+01  1.994990899190086338e+03  1.996930341145373177e+03  1.000000000000000000e+04  1.000334049333262556e+04
398 7961 1.820511e-01 2.553363e+01  1.994990899190086338e+03  2.000169026763024249e+03  1.000100069276714930e+04  1.000320202408132536e+04
399 7981 1.803288e-01 2.555117e+01  1.994990899190086338e+03  2.000167462678408810e+03  1.000000000000000000e+04  1.000203680581840854e+04
400 8001 1.785662e-01 2.555874e+01  1.994990899190086338e+03  2.000162916111410368e+03  1.000000000000000000e+04  1.000316532368964909e+04
401 8021 1.767729e-01 2.556765e+01  1.994990899190086338e+03  2.000157466876577928e+03  1.000000000000000000e+04  1.000330572124889113e+04
402 8041 1.757958e-01 2.557624e+01  1.994990899190086338e+03  1.996878719836705613e+03  1.000000000000000000e+04  1.000317800199569865e+04
403 8061 1.756358e-01 2.557901e+01  1.994990899190086338e+03  2.000163065405520456e+03  1.000000000000000000e+04  1.000204971841466431e+04
404 8081 1.749937e-01 2.557925e+01  1.994990899190086338e+03  2.000160373012101445e+03  1.000201137248363739e+04  1.000205620013254156e+04
405 8101 1.742496e-01 2.558292e+01  1.994990899190086338e+03  2.000163182901925893e+03  1.000000000000000000e+04  1.000203400167487234e+04
406 8121 1.737115e-01 2.559318e+01  1.994990899190086338e+03  1.996894369709944158e+03  1.000000000000000000e+04  1.000231779294199259e+04
407 8141 1.725733e-01 2.559304e+01  1.994990899190086338e+03  1.996920896127073775e+03  1.000000000000000000e+04  1.000316891225372092e+04
408 8161 1.719322e-01 2.558376e+01  1.994990899190086338e+03  1.996930713287755680e+03  1.000000000000000000e+04  1.000209068177815425e+04
409 8181 1.709546e-01 2.557415e+01  1.994990899190086338e+03  2.000163831610063426e+03  1.000000000000000000e+04  1.000335205875997053e+04
410 8201 1.695067e-01 2.555792e+01  1.994990899190086338e+03  1.996876035009006273e+03  1.000000000000000000e+04  1.000202901947125247e+04
411 8221 1.682351e-01 2.555644e+01  1.994990899190086338e+03  2.000167386776703779e+03  1.000200149052073903e+04  1.000317692841226381e+04
412 8241 1.673462e-01 2.554651e+01  1.994990899190086338e+03  2.000168368144278929e+03  1.000200156010113278e+04  1.000273627714085524e+04
413 8261 1.669595e-01 2.556307e+01  1.994990899190086338e+03  2.000156188336020023e+03  1.000000000000000000e+04  1.000209465503014326e+04
414 8281 1.666872e-01 2.555945e+01  1.994990899190086338e+03  1.996882114239231214e+03  1.000000000000000000e+04  1.000202459933023965e+04
415 8301 1.663832e-01 2.556655e+01  1.994990899190086338e+03  1.996919035763642114e+03  1.000000000000000000e+04  1.000330876440532120e+04
416 8321 1.662316e-01 2.555744e+01  1.994990899190086338e+03  1.997346144980767576e+03  1.000000000000000000e+04  1.000202490442625640e+04
417 8341 1.655652e-01 2.556026e+01  1.994990899190086338e+03  2.000157649187555080e+03  1.000000000000000000e+04  1.000323720595630584e+04
418 8361 1.649240e-01 2.555937e+01  1.994990899190086338e+03  2.000166682028550440e+03  1.000000000000000000e+04  1.000203900323516245e+04
419 8381 1.640641e-01 2.554190e+01  1.994990899190086338e+03  2.000163866850054319e+03  1.000000000000000000e+04  1.000331036965339626e+04
420 8401 1.628947e-01 2.554822e+01  1.994990899190086338e+03  1.996941214242957358e+03  1.000000000000000000e+04  1.000202858770931743e+04
421 8422 1.623224e-01 2.556357e+01  1.994990899190086338e+03  2.000165780950231692e+03  1.000000000000000000e+04  1.000202935647150844e+04
422 8442 1.617750e-01 2.557729e+01  1.994990899190086338e+03  2.000149492506683373e+03  1.000000000000000000e+04  1.000278131089262752e+04
423 8462 1.609487e-01 2.558116e+01  1.994990899190086338e+03  2.000157751689995393e+03  1.000000000000000000e+04  1.000200964876744911e+04
424 8482 1.607473e-01 2.556604e+01  1.994990899190086338e+03  1.996905306311820141e+03  1.000000000000000000e+04  1.000318001850274413e+04
425 8502 1.610890e-01 2.557011e+01  1.994990899190086338e+03  2.000167595104991278e+03  1.000000000000000000e+04  1.000202645828171808e+04
426 8522 1.614681e-01 2.558194e+01  1.994990899190086338e+03  1.996921477353820592e+03  1.000000000000000000e+04  1.000203799979159885e+04
427 8542 1.619519e-01 2.558273e+01  1.994990899190086338e+03  1.996938283572061891e+03  1.000000000000000000e+04  1.000204985875023704e+04
428 8562 1.614907e-01 2.558740e+01  1.994990899190086338e+03  2.000167479986166200e+03  1.000100052297759976e+04  1.000317337571437020e+04
429 8582 1.606823e-01 2.559025e+01  1.994990899190086338e+03  2.000167449414642988e+03  1.000000000000000000e+04  1.000208013290247072e+04
430 8602 1.604399e-01 2.559316e+01  1.994990899190086338e+03  1.996882750010824793e+03  1.000000000000000000e+04  1.000203392109916240e+04
431 8622 1.605229e-01 2.559487e+01  1.994990899190086338e+03  2.000166918715466636e+03  1.000200243604213028e+04  1.000332239847649362e+04
432 8643 1.602602e-01 2.560535e+01  1.994990899190086338e+03  1.996908742615365099e+03  1.000000000000000000e+04  1.000203046496884053e+04
433 8663 1.589569e-01 2.560904e+01  1.994990899190086338e+03  1.996940168259008260e+03  1.000000000000000000e+04  1.000334495806008090e+04
434 8683 1.578672e-01 2.560617e+01  1.994990899190086338e+03  2.000167460960276230e+03  1.000200942785426741e+04  1.000332794096303041e+04
435 8703 1.579164e-01 2.560589e+01  1.994990899190086338e+03  2.000151265268449151e+03  1.000200132626749837e+04  1.000333205985376298e+04
436 8723 1.567896e-01 2.561098e+01  1.994990899190086338e+03  1.996907835392073594e+03  1.000000000000000000e+04  1.000202837148887920e+04
437 8743 1.561556e-01 2.561774e+01  1.994990899190086338e+03  1.996935823532865697e+03  1.000200372552327281e+04  1.000206070847507726e+04
438 8763 1.546992e-01 2.562996e+01  1.994990899190086338e+03  1.996895356896519388e+03  1.000200101733459815e+04  1.000334636531783326e+04
439 8783 1.530351e-01 2.563302e+01  1.994990899190086338e+03  2.000156654839235443e+03  1.000000000000000000e+04  1.000201918219526306e+04
440 8803 1.516129e-01 2.565079e+01  1.994990899190086338e+03  1.996938133422230749e+03  1.000000000000000000e+04  1.000335782886633024e+04
441 8823 1.505767e-01 2.567435e+01  1.994990899190086338e+03  2.000167162455644984e+03  1.000201418582263250e+04  1.000207298747645837e+04
442 8843 1.496895e-01 2.568248e+01  1.994990899190086338e+03  2.000167158076099440e+03  1.000200258002491319e+04  1.000329040601888664e+04
443 8863 1.483990e-01 2.571090e+01  1.994990899190086338e+03  1.996931480847701096e+03  1.000000000000000000e+04  1.000333194092276972e+04
444 8883 1.464556e-01 2.573382e+01  1.994990899190086338e+03  2.000164128866672399e+03  1.000000000000000000e+04  1.000204590099722009e+04
445 8903 1.437741e-01 2.575094e+01  1.994990899190086338e+03  1.996889498264833719e+03  1.000000000000000000e+04  1.000202642320732775e+04
446 8923 1.414014e-01 2.576008e+01  1.994990899190086338e+03  1.996914463888291039e+03  1.000000000000000000e+04  1.000202598063983896e+04
447 8943 1.395484e-01 2.576526e+01  1.994990899190086338e+03  1.996912513328983550e+03  1.000000000000000000e+04  1.000203171570994346e+04
448 8963 1.382116e-01 2.576903e+01  1.994990899190086338e+03  2.000157627903115326e+03  1.000000000000000000e+04  1.000204766593534987e+04
449 8983 1.374487e-01 2.579361e+01  1.994990899190086338e+03  2.000156531281810203e+03  1.000000000000000000e+04  1.000204163304372560e+04
450 9003 1.365270e-01 2.579547e+01  1.994990899190086338e+03  1.996894206526166499e+03  1.000000000000000000e+04  1.000202999130790704e+04
451 9023 1.360995e-01 2.580839e+01  1.994990899190086338e+03  2.000160328229427932e+03  1.000000000000000000e+04  1.000200802788972942e+04
452 9043 1.349836e-01 2.582292e+01  1.994990899190086338e+03  2.000167134261548426e+03  1.000000000000000000e+04  1.000200693507618780e+04
