%  columns="iteration, evaluation, sigma, axis ratio, bestever, best, median, worst fitness function value, further objective values of best" (startseed=208739, 2017/10/7 6:38:9.40)
1 21 1.074390e+00 2.241116e+01  9.925517057534290188e+02  9.955209578955302732e+02  9.967329077292655484e+02  9.972799999999999727e+02
2 41 1.047431e+00 2.242307e+01  9.925517057534290188e+02  9.960433120061662748e+02  9.968577809305053279e+02  9.974797184439015609e+02
3 61 1.019846e+00 2.245420e+01  9.925517057534290188e+02  9.956909823731442657e+02  9.971106587386300362e+02  9.999946960987683724e+02
4 81 9.982507e-01 2.246909e+01  9.925517057534290188e+02  9.964108599861077664e+02  9.969757578712794839e+02  9.973278764595974053e+02
5 101 9.807293e-01 2.247603e+01  9.925517057534290188e+02  9.957732772616377588e+02  9.969155744731946243e+02  9.972455063600192489e+02
6 121 9.623408e-01 2.248202e+01  9.925517057534290188e+02  9.954252651802166838e+02  9.967942645025748334e+02  9.973893989535484934e+02
7 141 9.500353e-01 2.249307e+01  9.925517057534290188e+02  9.955023688753390161e+02  9.968752226252880746e+02  9.972899999999999636e+02
8 161 9.406280e-01 2.250656e+01  9.925517057534290188e+02  9.962022445319589679e+02  9.969436705055990160e+02  9.973536517900680565e+02
9 181 9.300128e-01 2.251242e+01  9.925517057534290188e+02  9.963060807022873178e+02  9.967711153906507207e+02  9.972814287193602922e+02
10 201 9.206968e-01 2.253260e+01  9.925517057534290188e+02  9.955539988747776761e+02  9.967263617170485759e+02  9.972981640155071545e+02
11 221 9.170764e-01 2.253863e+01  9.925517057534290188e+02  9.956058125737771434e+02  9.967595190051916916e+02  9.972431534882383630e+02
12 241 9.201035e-01 2.254552e+01  9.925517057534290188e+02  9.948812088311246953e+02  9.967700673825054309e+02  9.974179636644983020e+02
13 261 9.193944e-01 2.255544e+01  9.925517057534290188e+02  9.959398282150849582e+02  9.967342910677466534e+02  9.972946071584298124e+02
14 281 9.192384e-01 2.255695e+01  9.925517057534290188e+02  9.956384849115910356e+02  9.968928708938144609e+02  9.973327173062656357e+02
15 301 9.167953e-01 2.257333e+01  9.925517057534290188e+02  9.961121408878278771e+02  9.968835056430289114e+02  9.973344542937393271e+02
16 321 9.152430e-01 2.259225e+01  9.925517057534290188e+02  9.957092020546656386e+02  9.968647164235010223e+02  9.972799999999999727e+02
17 341 9.171583e-01 2.262154e+01  9.925517057534290188e+02  9.963154228494460085e+02  9.967425547501064784e+02  9.972003707597071980e+02
18 361 9.154201e-01 2.262143e+01  9.925517057534290188e+02  9.957165898006305724e+02  9.967960896051876034e+02  9.972364914015297472e+02
19 381 9.171275e-01 2.263802e+01  9.925517057534290188e+02  9.963626333096420922e+02  9.969550185116232797e+02  9.971905593670873031e+02
20 401 9.197766e-01 2.265846e+01  9.925517057534290188e+02  9.953073008873180925e+02  9.966119840705390516e+02  9.971582222839343785e+02
21 421 9.189612e-01 2.267272e+01  9.925517057534290188e+02  9.958859245414425914e+02  9.969108326377609046e+02  9.973020412855587438e+02
22 441 9.170512e-01 2.268437e+01  9.925517057534290188e+02  9.956145129651608841e+02  9.969671043419250509e+02  9.973888944802433798e+02
23 461 9.159794e-01 2.269530e+01  9.925517057534290188e+02  9.961166155456864999e+02  9.967790872025976796e+02  9.974299999999999500e+02
24 481 9.156940e-01 2.270915e+01  9.925517057534290188e+02  9.960075293434136938e+02  9.968184896702184687e+02  9.973610904916813524e+02
25 501 9.147568e-01 2.271538e+01  9.925517057534290188e+02  9.959133984094939933e+02  9.968485514509653740e+02  9.972556661203627755e+02
26 521 9.126432e-01 2.272340e+01  9.925517057534290188e+02  9.960989218617166898e+02  9.968189091404785813e+02  9.973452620616288868e+02
27 541 9.137091e-01 2.273146e+01  9.925517057534290188e+02  9.959569247882566287e+02  9.969322139164898999e+02  9.973776863671796491e+02
28 561 9.108368e-01 2.276197e+01  9.925517057534290188e+02  9.961851823817014520e+02  9.968771919281321061e+02  9.974865278869602889e+02
29 581 9.107728e-01 2.276741e+01  9.925517057534290188e+02  9.960720002941967550e+02  9.967888018657214388e+02  9.973064453982976829e+02
30 601 9.141758e-01 2.277463e+01  9.925517057534290188e+02  9.959535407852806657e+02  9.968242224394564346e+02  9.973687874986367206e+02
31 621 9.159697e-01 2.278600e+01  9.925517057534290188e+02  9.957031057540293659e+02  9.967529835922229040e+02  9.974033667878751430e+02
32 641 9.187823e-01 2.279112e+01  9.925517057534290188e+02  9.953899999999999864e+02  9.969999294395086054e+02  9.973106616785157712e+02
33 661 9.159411e-01 2.279725e+01  9.925517057534290188e+02  9.955794953634024296e+02  9.967725694476555418e+02  9.972512584107333851e+02
34 681 9.163798e-01 2.281906e+01  9.925517057534290188e+02  9.956581534596330130e+02  9.968087399085247853e+02  9.973754920741433807e+02
35 701 9.132271e-01 2.282551e+01  9.925517057534290188e+02  9.962667696836464302e+02  9.968057504752390514e+02  9.972417564432458903e+02
36 721 9.116647e-01 2.284263e+01  9.925517057534290188e+02  9.954562637362714668e+02  9.968991886468967323e+02  9.982300000000000182e+02
37 741 9.087364e-01 2.284721e+01  9.925517057534290188e+02  9.954252061760364541e+02  9.969255032908849898e+02  9.973700000000000045e+02
38 761 9.047393e-01 2.285733e+01  9.925517057534290188e+02  9.958035661435467318e+02  9.969373921547817190e+02  9.984534660386568703e+02
39 781 9.047954e-01 2.286084e+01  9.925517057534290188e+02  9.953713953480166765e+02  9.966669103510274681e+02  9.973072757982972689e+02
40 801 9.038468e-01 2.287365e+01  9.925517057534290188e+02  9.960341033409691818e+02  9.968354541881453770e+02  9.973002722981501620e+02
41 821 9.061414e-01 2.288009e+01  9.925517057534290188e+02  9.951387926854027910e+02  9.967254068496904438e+02  9.973799999999999955e+02
42 841 9.047413e-01 2.288373e+01  9.925517057534290188e+02  9.957439463000115438e+02  9.967441862642411934e+02  9.972409249345806757e+02
43 861 9.027809e-01 2.288984e+01  9.925517057534290188e+02  9.961309580626017350e+02  9.967938348178860224e+02  9.972635528682991435e+02
44 881 8.972182e-01 2.289804e+01  9.925517057534290188e+02  9.956046202482040144e+02  9.968784520025549227e+02  9.972476638696253985e+02
45 901 8.930801e-01 2.290495e+01  9.925517057534290188e+02  9.959731378623025648e+02  9.967255413720624801e+02  9.973357774205140913e+02
46 921 8.903234e-01 2.290707e+01  9.925517057534290188e+02  9.959246087807642880e+02  9.970064023858305973e+02  9.973356049280902198e+02
47 941 8.838747e-01 2.292114e+01  9.925517057534290188e+02  9.959215362079900160e+02  9.968202403450895872e+02  9.972168224498981317e+02
48 961 8.769605e-01 2.293430e+01  9.925517057534290188e+02  9.950193124643584497e+02  9.968458165484518076e+02  9.971436082780836614e+02
49 981 8.690583e-01 2.293739e+01  9.925517057534290188e+02  9.950651673494603529e+02  9.966956485889381838e+02  9.972126280751828062e+02
50 1001 8.636292e-01 2.294834e+01  9.925517057534290188e+02  9.962324042434138391e+02  9.969156189539062325e+02  9.973400000000000318e+02
51 1021 8.578150e-01 2.296911e+01  9.925517057534290188e+02  9.961164473955534504e+02  9.968286710004508677e+02  9.973528116775212311e+02
52 1041 8.523288e-01 2.297138e+01  9.925517057534290188e+02  9.959279131491636008e+02  9.967919439364545724e+02  9.971399999999999864e+02
53 1061 8.425935e-01 2.298264e+01  9.925517057534290188e+02  9.955576266769264748e+02  9.967579865842560594e+02  9.973164444199923082e+02
54 1081 8.338855e-01 2.299944e+01  9.925517057534290188e+02  9.952899999999999636e+02  9.968471035399204538e+02  9.972469733407276635e+02
55 1101 8.260921e-01 2.299876e+01  9.925517057534290188e+02  9.960884581971826037e+02  9.968488542350902435e+02  9.972574858943689833e+02
56 1121 8.207656e-01 2.302245e+01  9.925517057534290188e+02  9.952454998472680927e+02  9.967624329970100234e+02  9.973539744178120827e+02
57 1141 8.144787e-01 2.304124e+01  9.925517057534290188e+02  9.960574038917332018e+02  9.968428693454945915e+02  9.974312151359250720e+02
58 1161 8.059492e-01 2.304383e+01  9.925517057534290188e+02  9.955002855783324094e+02  9.968261419514840327e+02  9.973318628525665872e+02
59 1181 7.977179e-01 2.304656e+01  9.925517057534290188e+02  9.962237507053955596e+02  9.967891381653257667e+02  9.973544534734911622e+02
60 1201 7.912944e-01 2.304807e+01  9.925517057534290188e+02  9.963729284151157799e+02  9.967406250592158585e+02  9.971538559063767480e+02
61 1221 7.847506e-01 2.306844e+01  9.925517057534290188e+02  9.959928829388020404e+02  9.969415549420330080e+02  9.973528111709360928e+02
62 1241 7.798739e-01 2.307762e+01  9.925517057534290188e+02  9.952527577407344097e+02  9.968761745139336199e+02  9.972293354013390854e+02
63 1261 7.798070e-01 2.308238e+01  9.925517057534290188e+02  9.959738045777129400e+02  9.968036436153990962e+02  9.972335924446172157e+02
64 1281 7.806060e-01 2.309202e+01  9.925517057534290188e+02  9.951890375582028128e+02  9.967372635452348959e+02  9.971907042949455899e+02
65 1301 7.827532e-01 2.310242e+01  9.925517057534290188e+02  9.960853072774004886e+02  9.966827568222282707e+02  9.973931940673885492e+02
66 1321 7.853092e-01 2.310689e+01  9.925517057534290188e+02  9.959324001337101890e+02  9.969380840924998211e+02  9.972533711207602209e+02
67 1341 7.874303e-01 2.311649e+01  9.925517057534290188e+02  9.959567482639748732e+02  9.967553357029430572e+02  9.971548416487956956e+02
68 1361 7.876161e-01 2.311830e+01  9.925517057534290188e+02  9.953200000000000500e+02  9.969684319553750811e+02  9.972759213759609338e+02
69 1381 7.853691e-01 2.312440e+01  9.925517057534290188e+02  9.956264374203515217e+02  9.968114295776526887e+02  9.972999999999999545e+02
70 1401 7.822240e-01 2.312508e+01  9.925517057534290188e+02  9.952709990648997973e+02  9.968146360436966233e+02  9.972999999999999545e+02
71 1421 7.765835e-01 2.312829e+01  9.925517057534290188e+02  9.959412082564010689e+02  9.968680186866131407e+02  9.970502588420721395e+02
72 1441 7.723766e-01 2.313537e+01  9.925517057534290188e+02  9.957319345904273860e+02  9.967797928859604326e+02  9.972519340397311680e+02
73 1461 7.684907e-01 2.313698e+01  9.925517057534290188e+02  9.959800000000000182e+02  9.967752891423693882e+02  9.971450890878176097e+02
74 1481 7.696158e-01 2.314994e+01  9.925517057534290188e+02  9.949631737722362459e+02  9.968378672153035041e+02  9.972952987177354771e+02
75 1501 7.700481e-01 2.316256e+01  9.925517057534290188e+02  9.958029489375029470e+02  9.968847242394729165e+02  9.972725117705649609e+02
76 1521 7.711174e-01 2.317042e+01  9.925517057534290188e+02  9.954638235806360171e+02  9.967941600327587821e+02  9.971857400713528250e+02
77 1541 7.705904e-01 2.317677e+01  9.925517057534290188e+02  9.962947362420214859e+02  9.968807448037143786e+02  9.971838186711431717e+02
78 1561 7.663677e-01 2.318065e+01  9.925517057534290188e+02  9.950787112516895832e+02  9.968493001237029603e+02  9.972565102635716130e+02
79 1581 7.618514e-01 2.318976e+01  9.925517057534290188e+02  9.962296217423163398e+02  9.968881217497726084e+02  9.971482467167281811e+02
80 1601 7.589135e-01 2.320073e+01  9.925517057534290188e+02  9.954950609248791125e+02  9.968716022262508432e+02  9.972231627125381692e+02
81 1621 7.541012e-01 2.320816e+01  9.925517057534290188e+02  9.963661348489241618e+02  9.967988569806293526e+02  9.971752911940369586e+02
82 1641 7.488113e-01 2.321350e+01  9.925517057534290188e+02  9.961801536094349103e+02  9.968400000000000318e+02  9.971689315183349436e+02
83 1661 7.469390e-01 2.321542e+01  9.925517057534290188e+02  9.964878269289924901e+02  9.968327774200354270e+02  9.972329752979181876e+02
84 1681 7.480820e-01 2.321740e+01  9.925517057534290188e+02  9.962110871032472232e+02  9.965935687048356613e+02  9.973743433891104360e+02
85 1701 7.482351e-01 2.322006e+01  9.925517057534290188e+02  9.962899999999999636e+02  9.967324790315428800e+02  9.973059130349728321e+02
86 1721 7.490488e-01 2.323130e+01  9.925517057534290188e+02  9.961836136419294689e+02  9.969194782964847263e+02  9.975111673248778743e+02
87 1741 7.506724e-01 2.326354e+01  9.925517057534290188e+02  9.959074143166817521e+02  9.967988640379469416e+02  9.971620564670395197e+02
88 1761 7.532060e-01 2.328663e+01  9.925517057534290188e+02  9.962236565445340375e+02  9.967675392394078244e+02  9.972618448458481453e+02
89 1781 7.551867e-01 2.328817e+01  9.925517057534290188e+02  9.963445861664251879e+02  9.968278341689433546e+02  9.973295125036853506e+02
90 1801 7.518625e-01 2.328925e+01  9.925517057534290188e+02  9.954199999999999591e+02  9.968661488863474460e+02  9.973700000000000045e+02
91 1821 7.504545e-01 2.330170e+01  9.925517057534290188e+02  9.952599999999999909e+02  9.969646062967055968e+02  9.973529915622434601e+02
92 1841 7.492614e-01 2.330861e+01  9.925517057534290188e+02  9.954368798167888599e+02  9.966531999540975448e+02  9.971541317612102375e+02
93 1861 7.481014e-01 2.331507e+01  9.925517057534290188e+02  9.959817920696515330e+02  9.967494376372620764e+02  9.973561439119156375e+02
94 1881 7.461206e-01 2.333205e+01  9.925517057534290188e+02  9.962927830809725265e+02  9.966788477435500226e+02  9.972413431277572045e+02
95 1901 7.455503e-01 2.334262e+01  9.925517057534290188e+02  9.947200000000000273e+02  9.969760943325068183e+02  9.973526152682266002e+02
96 1921 7.424533e-01 2.335126e+01  9.925517057534290188e+02  9.955296801424818796e+02  9.967913895343330068e+02  9.972350684447923186e+02
97 1941 7.378838e-01 2.338289e+01  9.925517057534290188e+02  9.961306309843812414e+02  9.967906286661823287e+02  9.971716018576540819e+02
98 1961 7.346709e-01 2.338809e+01  9.925517057534290188e+02  9.951780711195970071e+02  9.964963946208844163e+02  9.970128589571119164e+02
99 1981 7.291555e-01 2.339679e+01  9.925517057534290188e+02  9.961904654597408353e+02  9.967901824295240658e+02  9.972240524631480412e+02
100 2001 7.246056e-01 2.339977e+01  9.925517057534290188e+02  9.953370247162627038e+02  9.966735156726909963e+02  9.971779548212408599e+02
101 2021 7.238984e-01 2.340325e+01  9.925517057534290188e+02  9.962590290738107797e+02  9.968651756107153687e+02  9.972753511363858934e+02
102 2041 7.216466e-01 2.341120e+01  9.925517057534290188e+02  9.955145262609270276e+02  9.968345003705841236e+02  9.972862008435813550e+02
103 2061 7.192312e-01 2.342202e+01  9.925517057534290188e+02  9.959654612702502163e+02  9.967684240291996502e+02  9.972964745687060031e+02
104 2081 7.158949e-01 2.343170e+01  9.925517057534290188e+02  9.957235644314765750e+02  9.967423085958968159e+02  9.970893495214425002e+02
105 2101 7.119057e-01 2.345355e+01  9.925517057534290188e+02  9.952775077609971959e+02  9.966461949155532238e+02  9.970641470658433718e+02
106 2121 7.086958e-01 2.346702e+01  9.925517057534290188e+02  9.956773029276058651e+02  9.968803683006567553e+02  9.973914746981528197e+02
107 2141 7.069247e-01 2.347425e+01  9.925517057534290188e+02  9.962323871262090051e+02  9.969406059855269859e+02  9.973712325366406048e+02
108 2161 7.071908e-01 2.349175e+01  9.925517057534290188e+02  9.960638285348858290e+02  9.966490925334617259e+02  9.972682387401354163e+02
109 2181 7.060973e-01 2.349575e+01  9.925517057534290188e+02  9.956625806577893627e+02  9.966875212229408589e+02  9.971473985986984871e+02
110 2201 7.030799e-01 2.350497e+01  9.925517057534290188e+02  9.949780206044291617e+02  9.967670259056307032e+02  9.973192341059910859e+02
111 2221 7.002994e-01 2.351750e+01  9.925517057534290188e+02  9.952618912073527326e+02  9.966675477440780924e+02  9.972559250250001242e+02
112 2241 6.984736e-01 2.352589e+01  9.925517057534290188e+02  9.950961165994724524e+02  9.965291881693835876e+02  9.971915643860229466e+02
113 2261 6.960846e-01 2.353485e+01  9.925517057534290188e+02  9.959400000000000546e+02  9.966339786152598208e+02  9.971203395551382300e+02
114 2281 6.954611e-01 2.354893e+01  9.925517057534290188e+02  9.957813285152062690e+02  9.964531580780999320e+02  9.972321103042133927e+02
115 2301 6.943519e-01 2.357298e+01  9.925517057534290188e+02  9.960045138147190755e+02  9.967038277226516811e+02  9.970511983691848172e+02
116 2321 6.946677e-01 2.357758e+01  9.925517057534290188e+02  9.952200000000000273e+02  9.967569461666666939e+02  9.972382943852963990e+02
117 2341 6.925545e-01 2.357920e+01  9.925517057534290188e+02  9.955370393427594990e+02  9.966866504722589752e+02  9.970909115775948521e+02
118 2361 6.905482e-01 2.358742e+01  9.925517057534290188e+02  9.961101053866980237e+02  9.968326489670907904e+02  9.975902432838229288e+02
119 2381 6.859997e-01 2.359385e+01  9.925517057534290188e+02  9.958358223849220394e+02  9.966922601690419015e+02  9.972210993777864587e+02
120 2401 6.791733e-01 2.360684e+01  9.925517057534290188e+02  9.961276804162649796e+02  9.968323591309991798e+02  9.972034772311485540e+02
121 2421 6.751505e-01 2.361398e+01  9.925517057534290188e+02  9.959345274736567717e+02  9.967659826907431579e+02  9.971606786991293347e+02
122 2441 6.703858e-01 2.362518e+01  9.925517057534290188e+02  9.957587280608363471e+02  9.966054531047819864e+02  9.972056253847678136e+02
123 2461 6.679403e-01 2.362913e+01  9.925517057534290188e+02  9.958903417936860478e+02  9.966954392086352073e+02  9.973876293894830951e+02
124 2481 6.657522e-01 2.363286e+01  9.925517057534290188e+02  9.946225535423004658e+02  9.966530651058183139e+02  9.971399999999999864e+02
125 2501 6.660438e-01 2.363796e+01  9.925517057534290188e+02  9.963323982923616313e+02  9.967445034218371802e+02  9.973294134622644833e+02
126 2521 6.656586e-01 2.364138e+01  9.925517057534290188e+02  9.961499999999999773e+02  9.968289632743039874e+02  9.972376662809572281e+02
127 2541 6.690886e-01 2.365519e+01  9.925517057534290188e+02  9.960828955541890082e+02  9.967897754873132499e+02  9.971824010866766912e+02
128 2561 6.767069e-01 2.366589e+01  9.925517057534290188e+02  9.957373514506925858e+02  9.965634363251198238e+02  9.972170049146676547e+02
129 2581 6.829912e-01 2.367369e+01  9.925517057534290188e+02  9.954345125458779648e+02  9.966165598670565942e+02  9.972718686205004133e+02
130 2601 6.893191e-01 2.369118e+01  9.925517057534290188e+02  9.956625085447803940e+02  9.966483038438246922e+02  9.974728974750230464e+02
131 2621 6.997048e-01 2.369461e+01  9.925517057534290188e+02  9.957494740436466145e+02  9.968297809931525535e+02  9.972559999781548186e+02
132 2641 7.061644e-01 2.369446e+01  9.925517057534290188e+02  9.959500000000000455e+02  9.968097025669544564e+02  9.972565733561829120e+02
133 2661 7.130302e-01 2.370869e+01  9.925517057534290188e+02  9.954199999999999591e+02  9.968491164277885446e+02  9.973958917262231125e+02
134 2681 7.176796e-01 2.371991e+01  9.925517057534290188e+02  9.956907406836461405e+02  9.967465092724099804e+02  9.974509859849671329e+02
135 2701 7.224208e-01 2.373783e+01  9.925517057534290188e+02  9.960827185604600800e+02  9.967835261846757930e+02  9.971683538392335322e+02
136 2721 7.284894e-01 2.373868e+01  9.925517057534290188e+02  9.955175444319462486e+02  9.966457354385556755e+02  9.978611487189225500e+02
137 2741 7.352299e-01 2.374215e+01  9.925517057534290188e+02  9.961563947486733923e+02  9.966143027136448609e+02  9.970986540639609075e+02
138 2761 7.420944e-01 2.374782e+01  9.925517057534290188e+02  9.956385398584513950e+02  9.965825909314660294e+02  9.972126522987786075e+02
139 2781 7.471397e-01 2.376510e+01  9.925517057534290188e+02  9.961310560096239897e+02  9.967647981512764090e+02  9.974340157629230816e+02
140 2801 7.522032e-01 2.378231e+01  9.925517057534290188e+02  9.954059710054075367e+02  9.966921744345345360e+02  9.971359288320600172e+02
141 2821 7.568181e-01 2.379002e+01  9.925517057534290188e+02  9.961077166893344383e+02  9.967315213452134230e+02  9.973099999999999454e+02
142 2841 7.589604e-01 2.379326e+01  9.925517057534290188e+02  9.963934053054140350e+02  9.967717238287591499e+02  9.971736767546051396e+02
143 2861 7.601627e-01 2.380240e+01  9.925517057534290188e+02  9.959495906972425701e+02  9.967370221354926798e+02  9.974619585187668918e+02
144 2881 7.636255e-01 2.382452e+01  9.925517057534290188e+02  9.952200000000000273e+02  9.967403182652452642e+02  9.970570420224288455e+02
145 2901 7.660537e-01 2.382755e+01  9.925517057534290188e+02  9.963492873586674250e+02  9.968999999999999773e+02  9.972608899817817019e+02
146 2921 7.662232e-01 2.383023e+01  9.925517057534290188e+02  9.957746609053839393e+02  9.967649999999999864e+02  9.972333711209457761e+02
147 2941 7.662549e-01 2.383541e+01  9.925517057534290188e+02  9.959299999999999500e+02  9.965310470105954437e+02  9.973541018307897730e+02
148 2961 7.675995e-01 2.385343e+01  9.925517057534290188e+02  9.959800000000000182e+02  9.967039171375574824e+02  9.972447820275976937e+02
149 2981 7.694264e-01 2.386726e+01  9.925517057534290188e+02  9.953962523093994150e+02  9.967932013142519736e+02  9.970776863227420108e+02
150 3001 7.730357e-01 2.388140e+01  9.925517057534290188e+02  9.941931910158236860e+02  9.968070112948432779e+02  9.973765544014459010e+02
151 3021 7.785087e-01 2.389483e+01  9.925517057534290188e+02  9.960283235152867292e+02  9.967074923765013637e+02  9.971684796632175676e+02
152 3041 7.840722e-01 2.391064e+01  9.925517057534290188e+02  9.957870297287158792e+02  9.967112633432839175e+02  9.974371303175089452e+02
153 3061 7.911885e-01 2.391699e+01  9.925517057534290188e+02  9.949583389338132520e+02  9.966587480447021790e+02  9.972211706626413843e+02
154 3081 7.968438e-01 2.392796e+01  9.925517057534290188e+02  9.957000000000000455e+02  9.966267214785273154e+02  9.972972948457653501e+02
155 3101 8.035035e-01 2.393076e+01  9.925517057534290188e+02  9.956104976531165676e+02  9.967498517180652016e+02  9.971828238767901667e+02
156 3121 8.122480e-01 2.393639e+01  9.925517057534290188e+02  9.960882061256019142e+02  9.967589132168557171e+02  9.973150861640137919e+02
157 3141 8.215100e-01 2.394949e+01  9.925517057534290188e+02  9.953909397019687049e+02  9.968035560127136705e+02  9.971804773693636434e+02
158 3161 8.255842e-01 2.396206e+01  9.925517057534290188e+02  9.961900000000000546e+02  9.966139254124132094e+02  9.971857209813821328e+02
159 3181 8.284823e-01 2.397980e+01  9.925517057534290188e+02  9.957880747354112145e+02  9.968155211805769795e+02  9.974469792332928364e+02
160 3201 8.344113e-01 2.400427e+01  9.925517057534290188e+02  9.957416645995939461e+02  9.967132369365408522e+02  9.971921490789854943e+02
161 3221 8.427870e-01 2.401173e+01  9.925517057534290188e+02  9.957526185530056182e+02  9.966977482433292153e+02  9.971166791590003413e+02
162 3241 8.499644e-01 2.401021e+01  9.925517057534290188e+02  9.961717632460789673e+02  9.968705595755686772e+02  9.975578986414778910e+02
163 3261 8.540139e-01 2.401861e+01  9.925517057534290188e+02  9.945508331645256703e+02  9.967846812686145768e+02  9.973701538052407614e+02
164 3281 8.570568e-01 2.402377e+01  9.925517057534290188e+02  9.958825539012659647e+02  9.967817956354093667e+02  9.972287066389100119e+02
165 3301 8.591268e-01 2.404529e+01  9.925517057534290188e+02  9.957626866999444246e+02  9.967141423129749001e+02  9.972919538096073211e+02
166 3321 8.630895e-01 2.405742e+01  9.925517057534290188e+02  9.961855494424916060e+02  9.968191180476926547e+02  9.972981043542519046e+02
167 3341 8.692495e-01 2.407417e+01  9.925517057534290188e+02  9.962530469330445158e+02  9.969728867546011770e+02  9.974721886650524993e+02
168 3361 8.701874e-01 2.408363e+01  9.925517057534290188e+02  9.953400000000000318e+02  9.967621340331538704e+02  9.972312706850373161e+02
169 3381 8.724218e-01 2.409248e+01  9.925517057534290188e+02  9.949550960254412075e+02  9.967395696238743312e+02  9.974751715114035733e+02
170 3401 8.814002e-01 2.410111e+01  9.925517057534290188e+02  9.957782890484346581e+02  9.967096464527348871e+02  9.971862936122564633e+02
171 3421 8.890701e-01 2.411101e+01  9.925517057534290188e+02  9.957481417007314803e+02  9.969453583126230569e+02  9.973826726104282443e+02
172 3441 8.964364e-01 2.412479e+01  9.925517057534290188e+02  9.954386535967687450e+02  9.969722328722700695e+02  9.973071243059068820e+02
173 3461 9.011264e-01 2.413318e+01  9.925517057534290188e+02  9.956293740514832962e+02  9.966729291936317168e+02  9.972100000000000364e+02
174 3481 9.042555e-01 2.414656e+01  9.925517057534290188e+02  9.953231615009892721e+02  9.967872922702031246e+02  9.972990201336135669e+02
175 3501 8.997423e-01 2.416855e+01  9.925517057534290188e+02  9.953028279294148888e+02  9.969038221748489832e+02  9.972599999999999909e+02
176 3521 8.958137e-01 2.418890e+01  9.925517057534290188e+02  9.960265067072294869e+02  9.967026826902437051e+02  9.972562300672760784e+02
177 3541 8.916534e-01 2.420334e+01  9.925517057534290188e+02  9.954546724381243621e+02  9.967601122452995241e+02  9.974243495150667513e+02
178 3561 8.889069e-01 2.420835e+01  9.925517057534290188e+02  9.956634676024649480e+02  9.967992143627589030e+02  9.973150992249973115e+02
179 3581 8.884487e-01 2.421373e+01  9.925517057534290188e+02  9.952599999999999909e+02  9.968289546358951156e+02  9.971420676803983270e+02
180 3601 8.903929e-01 2.422373e+01  9.925517057534290188e+02  9.954404693689051555e+02  9.967722465213300893e+02  9.970800000000000409e+02
181 3621 8.944221e-01 2.423415e+01  9.925517057534290188e+02  9.954305538715146895e+02  9.967302814342936017e+02  9.970838202280367568e+02
182 3641 8.951583e-01 2.424279e+01  9.925517057534290188e+02  9.949794084033247827e+02  9.967141257093835520e+02  9.970601781456962271e+02
183 3661 8.977946e-01 2.425569e+01  9.925517057534290188e+02  9.954125615170048604e+02  9.967668821744634897e+02  9.973773170633265863e+02
184 3681 9.009794e-01 2.426607e+01  9.925517057534290188e+02  9.958607232436364711e+02  9.967698045777342486e+02  9.971076824474226896e+02
185 3701 9.052524e-01 2.427209e+01  9.925517057534290188e+02  9.955514500848346415e+02  9.965811907716006317e+02  9.972259003223625768e+02
186 3721 9.057086e-01 2.427973e+01  9.925517057534290188e+02  9.955800000000000409e+02  9.969024281236756906e+02  9.973844010872309127e+02
187 3741 9.038938e-01 2.428426e+01  9.925517057534290188e+02  9.956516325858640357e+02  9.966693119435722110e+02  9.973600000000000136e+02
188 3761 9.023055e-01 2.429748e+01  9.925517057534290188e+02  9.954683461201746013e+02  9.967075449978660799e+02  9.972942275809482453e+02
189 3781 8.990722e-01 2.431393e+01  9.925517057534290188e+02  9.948621604600557475e+02  9.967056918739776847e+02  9.971550297089542028e+02
190 3801 8.950369e-01 2.431380e+01  9.925517057534290188e+02  9.958600000000000136e+02  9.968729474116446454e+02  9.972061166238213445e+02
191 3821 8.889812e-01 2.431979e+01  9.925517057534290188e+02  9.958065722983971000e+02  9.966314812673250572e+02  9.970509227229151747e+02
192 3841 8.841343e-01 2.432994e+01  9.925517057534290188e+02  9.954099999999999682e+02  9.966060709917921940e+02  9.973200000000000500e+02
193 3861 8.740999e-01 2.434710e+01  9.925517057534290188e+02  9.963644373765677074e+02  9.967195788018436815e+02  9.971369968175301892e+02
194 3881 8.670928e-01 2.434774e+01  9.925517057534290188e+02  9.955634917456346784e+02  9.967774680984209681e+02  9.973503962575376818e+02
195 3901 8.582669e-01 2.435667e+01  9.925517057534290188e+02  9.963866541456199002e+02  9.969151128473696417e+02  9.970868543123978043e+02
196 3921 8.556301e-01 2.436928e+01  9.925517057534290188e+02  9.960568012040807844e+02  9.968294400940715150e+02  9.972679519994253496e+02
197 3941 8.457129e-01 2.437449e+01  9.925517057534290188e+02  9.957772535707243833e+02  9.969588940522278335e+02  9.972380212040202423e+02
198 3961 8.389663e-01 2.439198e+01  9.925517057534290188e+02  9.957945576839460955e+02  9.967546655408769993e+02  9.972382048758629480e+02
199 3981 8.323481e-01 2.440444e+01  9.925517057534290188e+02  9.959394850263408898e+02  9.968880688590500085e+02  9.972531582067061890e+02
200 4001 8.258242e-01 2.441151e+01  9.925517057534290188e+02  9.947327300804216748e+02  9.970146584786421045e+02  9.973375302278428762e+02
201 4021 8.180708e-01 2.442535e+01  9.925517057534290188e+02  9.959198392632940795e+02  9.967588641880629439e+02  9.972699999999999818e+02
202 4041 8.110039e-01 2.443245e+01  9.925517057534290188e+02  9.962432400872958169e+02  9.968381469332781535e+02  9.973519585859014569e+02
203 4061 8.041972e-01 2.444892e+01  9.925517057534290188e+02  9.962069700475562968e+02  9.968054586760795246e+02  9.972149724098560455e+02
204 4081 7.961458e-01 2.446317e+01  9.925517057534290188e+02  9.954964169464183215e+02  9.967537691045207566e+02  9.971576057477678887e+02
205 4101 7.899915e-01 2.449235e+01  9.925517057534290188e+02  9.957534833436991448e+02  9.965960814794543694e+02  9.971577389756905632e+02
206 4121 7.842351e-01 2.449336e+01  9.925517057534290188e+02  9.957498854803110362e+02  9.967865814460233196e+02  9.970435368618204848e+02
207 4141 7.810886e-01 2.450883e+01  9.925517057534290188e+02  9.954972027893859376e+02  9.966268201077507456e+02  9.973700000000000045e+02
208 4161 7.793679e-01 2.452587e+01  9.925517057534290188e+02  9.957717054660989788e+02  9.967537161203629239e+02  9.971864422095617329e+02
209 4181 7.774680e-01 2.455055e+01  9.925517057534290188e+02  9.953266096433810617e+02  9.967183356927879458e+02  9.970402269502346826e+02
210 4201 7.785245e-01 2.456444e+01  9.925517057534290188e+02  9.953999999999999773e+02  9.966405848921997404e+02  9.971299999999999955e+02
211 4221 7.785922e-01 2.457298e+01  9.925517057534290188e+02  9.958406010931846595e+02  9.966941376088630022e+02  9.971567206283123141e+02
212 4241 7.778874e-01 2.457933e+01  9.925517057534290188e+02  9.957211634625871284e+02  9.967754880109619080e+02  9.972599999999999909e+02
213 4261 7.794628e-01 2.458462e+01  9.925517057534290188e+02  9.942418233674803787e+02  9.967253436685705310e+02  9.972368152053013546e+02
214 4281 7.826149e-01 2.459270e+01  9.925517057534290188e+02  9.958252099854107655e+02  9.966350212370689405e+02  9.973306353774657964e+02
215 4301 7.879901e-01 2.460008e+01  9.925517057534290188e+02  9.959727217718008205e+02  9.967374541337674145e+02  9.971895331321679805e+02
216 4321 7.907764e-01 2.461540e+01  9.925517057534290188e+02  9.959700000000000273e+02  9.967882702754660613e+02  9.971097085135882025e+02
217 4341 7.962867e-01 2.462284e+01  9.925517057534290188e+02  9.957446565646295085e+02  9.968738786613832872e+02  9.972928588398742704e+02
218 4361 7.997795e-01 2.462577e+01  9.925517057534290188e+02  9.958462243571896124e+02  9.967419211364911007e+02  9.971029593678664469e+02
219 4381 8.011811e-01 2.462908e+01  9.925517057534290188e+02  9.958691752429884900e+02  9.969123578209646439e+02  9.971850786239641593e+02
220 4401 8.018764e-01 2.463704e+01  9.925517057534290188e+02  9.944968456050215764e+02  9.967641417945685589e+02  9.971076778476702884e+02
221 4421 8.008480e-01 2.464235e+01  9.925517057534290188e+02  9.961616640649997407e+02  9.967585204400879775e+02  9.972587724215622984e+02
222 4441 8.003502e-01 2.464309e+01  9.925517057534290188e+02  9.944315671236752223e+02  9.968138464571736677e+02  9.970860787424328464e+02
223 4461 7.969310e-01 2.465033e+01  9.925517057534290188e+02  9.957588019683863649e+02  9.966697296527543131e+02  9.973334997767057075e+02
224 4481 7.922281e-01 2.465900e+01  9.925517057534290188e+02  9.958131755708675428e+02  9.967818707604865267e+02  9.972838312070754228e+02
225 4501 7.906783e-01 2.466635e+01  9.925517057534290188e+02  9.958907002015292846e+02  9.969004042529359140e+02  9.971893326202317667e+02
226 4521 7.884746e-01 2.470062e+01  9.925517057534290188e+02  9.955514895569399414e+02  9.968227018274045577e+02  9.971900000000000546e+02
227 4541 7.852861e-01 2.470786e+01  9.925517057534290188e+02  9.958028500023950755e+02  9.967845870289796721e+02  9.973411847626369990e+02
228 4561 7.816935e-01 2.471484e+01  9.925517057534290188e+02  9.957904247263031721e+02  9.965995356723856275e+02  9.971160398404309717e+02
229 4581 7.784126e-01 2.472965e+01  9.925517057534290188e+02  9.956764078185642575e+02  9.966136116900424895e+02  9.970299999999999727e+02
230 4601 7.751362e-01 2.474125e+01  9.925517057534290188e+02  9.955844107556650897e+02  9.967095509815555943e+02  9.971925115408648708e+02
231 4621 7.721809e-01 2.475195e+01  9.925517057534290188e+02  9.953300000000000409e+02  9.966415439954243993e+02  9.972288283445375328e+02
232 4641 7.683207e-01 2.475709e+01  9.925517057534290188e+02  9.952417855600237999e+02  9.967595552090573392e+02  9.971866691501966216e+02
233 4661 7.631984e-01 2.477947e+01  9.925517057534290188e+02  9.957951787522584937e+02  9.967127050335400327e+02  9.973688584417853917e+02
234 4681 7.556260e-01 2.478962e+01  9.925517057534290188e+02  9.956073255124446177e+02  9.968378611568763290e+02  9.972978864035877677e+02
235 4701 7.490570e-01 2.479732e+01  9.925517057534290188e+02  9.957823410628200236e+02  9.967013127572670328e+02  9.971140430811766464e+02
236 4721 7.478376e-01 2.479856e+01  9.925517057534290188e+02  9.957290805487289163e+02  9.967792276521682879e+02  9.972218118436760506e+02
237 4741 7.479111e-01 2.480236e+01  9.925517057534290188e+02  9.961151401996297636e+02  9.968594418704949476e+02  9.971918169267584062e+02
238 4761 7.546264e-01 2.481857e+01  9.925517057534290188e+02  9.947302774501664544e+02  9.968527720445756586e+02  9.973200000000000500e+02
239 4781 7.624033e-01 2.482387e+01  9.925517057534290188e+02  9.955930305725291873e+02  9.966889654518015504e+02  9.973562070719596022e+02
240 4801 7.713167e-01 2.484189e+01  9.925517057534290188e+02  9.954555886392100774e+02  9.968624908864300096e+02  9.971703633802242166e+02
241 4821 7.791742e-01 2.486654e+01  9.925517057534290188e+02  9.959779296223100573e+02  9.967335600751542870e+02  9.971752441757631686e+02
242 4841 7.873586e-01 2.487898e+01  9.925517057534290188e+02  9.960014934083336584e+02  9.967173922050521924e+02  9.971399999999999864e+02
243 4861 7.904296e-01 2.488888e+01  9.925517057534290188e+02  9.952912853929602761e+02  9.968770489542894211e+02  9.973443754903454419e+02
244 4881 7.912662e-01 2.490766e+01  9.925517057534290188e+02  9.947637621385796365e+02  9.966322867888466135e+02  9.971235559614160593e+02
245 4901 7.939392e-01 2.492883e+01  9.925517057534290188e+02  9.956828444447829725e+02  9.965505869895116575e+02  9.970508953383775861e+02
246 4921 7.957518e-01 2.494784e+01  9.925517057534290188e+02  9.950225050134761204e+02  9.965122937196599651e+02  9.974317644498544269e+02
247 4941 7.972360e-01 2.495807e+01  9.925517057534290188e+02  9.949700000000000273e+02  9.967214587963594568e+02  9.972277018024142308e+02
248 4961 8.026742e-01 2.496324e+01  9.925517057534290188e+02  9.954694095916108836e+02  9.965996094155241281e+02  9.970741430033233428e+02
249 4981 8.048995e-01 2.497446e+01  9.925517057534290188e+02  9.957294374943637649e+02  9.967841428224783158e+02  9.971275048418141296e+02
250 5001 8.075349e-01 2.498729e+01  9.925517057534290188e+02  9.960213403578418365e+02  9.966768495821638680e+02  9.972769202848979830e+02
251 5021 8.072434e-01 2.500872e+01  9.925517057534290188e+02  9.947703957094073530e+02  9.963860332970000400e+02  9.972569175953425429e+02
252 5041 8.085840e-01 2.501003e+01  9.925517057534290188e+02  9.950079094010989138e+02  9.968230037010141587e+02  9.973889213989866676e+02
253 5061 8.088026e-01 2.501666e+01  9.925517057534290188e+02  9.947674108922135474e+02  9.967511450823202495e+02  9.973060632395380480e+02
254 5081 8.086342e-01 2.502447e+01  9.925517057534290188e+02  9.956616129654784118e+02  9.968022506123037374e+02  9.974717739935416603e+02
255 5101 8.094023e-01 2.503801e+01  9.925517057534290188e+02  9.956803014225596371e+02  9.966674077713037150e+02  9.973614904779362860e+02
256 5121 8.105055e-01 2.504605e+01  9.925517057534290188e+02  9.957066949779440392e+02  9.968072712419033223e+02  9.973331497248223059e+02
257 5141 8.083201e-01 2.505371e+01  9.925517057534290188e+02  9.959185226938836877e+02  9.967152188147487095e+02  9.972163170808578343e+02
258 5161 8.061128e-01 2.505891e+01  9.925517057534290188e+02  9.962098471076280930e+02  9.968693014614534604e+02  9.971699999999999591e+02
259 5181 8.056696e-01 2.506373e+01  9.925517057534290188e+02  9.952796302376777930e+02  9.967086327269098547e+02  9.972269151985042299e+02
260 5201 8.075743e-01 2.507224e+01  9.925517057534290188e+02  9.958141807076078749e+02  9.966978672324606805e+02  9.971910428371863873e+02
261 5221 8.078852e-01 2.508169e+01  9.925517057534290188e+02  9.952035021907432792e+02  9.969030752808587295e+02  9.973746184415626885e+02
262 5241 8.082104e-01 2.508746e+01  9.925517057534290188e+02  9.950700000000000500e+02  9.965874810168886597e+02  9.973280803634525000e+02
263 5261 8.068200e-01 2.510674e+01  9.925517057534290188e+02  9.960608363567582728e+02  9.967742258487057825e+02  9.972756817029212471e+02
264 5281 8.059438e-01 2.511185e+01  9.925517057534290188e+02  9.961626129473753508e+02  9.967260478179023266e+02  9.972300000000000182e+02
265 5301 8.040127e-01 2.513719e+01  9.925517057534290188e+02  9.960730203709360921e+02  9.967169639901781011e+02  9.972959488957433223e+02
266 5321 8.038411e-01 2.514637e+01  9.925517057534290188e+02  9.959895451179288557e+02  9.965808343703475884e+02  9.973411366446383681e+02
267 5341 8.059167e-01 2.515112e+01  9.925517057534290188e+02  9.957186177530124951e+02  9.965519474504513937e+02  9.973310729102499863e+02
268 5361 8.090592e-01 2.515587e+01  9.925517057534290188e+02  9.959118801293871002e+02  9.966882257391853273e+02  9.973737973821490641e+02
269 5381 8.101073e-01 2.517040e+01  9.925517057534290188e+02  9.958333254895102300e+02  9.968172386188934979e+02  9.974352226201309577e+02
270 5401 8.066576e-01 2.517931e+01  9.925517057534290188e+02  9.960276724912397412e+02  9.967838505265324329e+02  9.973793966825234065e+02
271 5421 8.019837e-01 2.519378e+01  9.925517057534290188e+02  9.955900000000000318e+02  9.969297618951027289e+02  9.973644914874712413e+02
272 5441 7.975232e-01 2.519497e+01  9.925517057534290188e+02  9.958910849797518949e+02  9.968344024001974049e+02  9.972583970841277505e+02
273 5461 7.941480e-01 2.519289e+01  9.925517057534290188e+02  9.963204304024128533e+02  9.968223498923400712e+02  9.973380158533111626e+02
274 5481 7.921742e-01 2.520528e+01  9.925517057534290188e+02  9.961399999999999864e+02  9.967609791680773696e+02  9.973899999999999864e+02
275 5501 7.886770e-01 2.521718e+01  9.925517057534290188e+02  9.958191058916358998e+02  9.967175665121125121e+02  9.972797406692327513e+02
276 5521 7.837267e-01 2.525789e+01  9.925517057534290188e+02  9.953921920463701554e+02  9.968455359323370431e+02  9.972462136819476655e+02
277 5541 7.791858e-01 2.526532e+01  9.925517057534290188e+02  9.962247639892717643e+02  9.967001840716118295e+02  9.972161617002661842e+02
278 5561 7.728856e-01 2.527587e+01  9.925517057534290188e+02  9.961442576246518001e+02  9.968705277097897124e+02  9.972129914987017401e+02
279 5581 7.648748e-01 2.528185e+01  9.925517057534290188e+02  9.950235077742393059e+02  9.967991225324485640e+02  9.974517397757870185e+02
280 5601 7.602963e-01 2.529796e+01  9.925517057534290188e+02  9.958799999999999955e+02  9.967623549056831962e+02  9.971934784684638089e+02
281 5621 7.549573e-01 2.531114e+01  9.925517057534290188e+02  9.958511023240563418e+02  9.966522457664271997e+02  9.974407547556480722e+02
282 5641 7.500103e-01 2.531709e+01  9.925517057534290188e+02  9.961076998970662544e+02  9.968259106708169384e+02  9.974045205937673018e+02
283 5661 7.443508e-01 2.533749e+01  9.925517057534290188e+02  9.961880858240929228e+02  9.967656324739882621e+02  9.973027044956247664e+02
284 5681 7.409004e-01 2.534262e+01  9.925517057534290188e+02  9.951685942948549837e+02  9.965922758133866637e+02  9.972753884589418476e+02
285 5701 7.357228e-01 2.534847e+01  9.925517057534290188e+02  9.958178119231671417e+02  9.968563474574488055e+02  9.993928427014609497e+02
286 5721 7.311748e-01 2.536700e+01  9.925517057534290188e+02  9.955964075211948057e+02  9.968682897118849269e+02  9.993719837782867899e+02
287 5741 7.259617e-01 2.537589e+01  9.925517057534290188e+02  9.961100000000000136e+02  9.968028079422267638e+02  9.990700000000000500e+02
288 5761 7.169113e-01 2.538349e+01  9.925517057534290188e+02  9.958774762938639924e+02  9.969010394645806628e+02  9.995632350678740750e+02
289 5781 7.082893e-01 2.539209e+01  9.925517057534290188e+02  9.959777912974927858e+02  9.969747761142474474e+02  9.988980939698554948e+02
290 5801 7.022089e-01 2.541677e+01  9.925517057534290188e+02  9.959160685205237087e+02  9.966846649617245930e+02  9.982425649461700914e+02
291 5821 7.019708e-01 2.541944e+01  9.925517057534290188e+02  9.955065411415738481e+02  9.968798734195543148e+02  9.995313556789891436e+02
292 5841 6.988813e-01 2.542084e+01  9.925517057534290188e+02  9.953306375469937848e+02  9.969688061692079373e+02  9.993614455865412083e+02
293 5861 6.976189e-01 2.541700e+01  9.925517057534290188e+02  9.956409933710378937e+02  9.969516084775345917e+02  9.990089066419599249e+02
294 5881 6.976112e-01 2.542263e+01  9.925517057534290188e+02  9.957016346018054946e+02  9.971076736573063499e+02  9.995199999999999818e+02
295 5901 6.954928e-01 2.543191e+01  9.925517057534290188e+02  9.963667967534840955e+02  9.968423243689768469e+02  9.972822958898448178e+02
296 5921 6.939638e-01 2.544450e+01  9.925517057534290188e+02  9.964085505015797253e+02  9.968742457317566732e+02  9.972784210043680559e+02
297 5941 6.937796e-01 2.543254e+01  9.925517057534290188e+02  9.960765010087916380e+02  9.969088189193148537e+02  9.973721163286824094e+02
298 5961 6.933335e-01 2.542319e+01  9.925517057534290188e+02  9.958963493090591328e+02  9.965618321733038556e+02  9.975260387419441486e+02
299 5981 6.967330e-01 2.543633e+01  9.925517057534290188e+02  9.961747675802021149e+02  9.967482430236923392e+02  9.974199999999999591e+02
300 6001 6.982372e-01 2.544804e+01  9.925517057534290188e+02  9.952624596595045432e+02  9.965669436910648074e+02  9.971842737154604492e+02
301 6021 7.020286e-01 2.545291e+01  9.925517057534290188e+02  9.954943961252447480e+02  9.966458816032843515e+02  9.972422657634837151e+02
302 6041 7.038978e-01 2.545832e+01  9.925517057534290188e+02  9.954861705828265031e+02  9.969303790928519220e+02  9.973200000000000500e+02
303 6061 7.067507e-01 2.546411e+01  9.925517057534290188e+02  9.958899999999999864e+02  9.967473651857053483e+02  9.973088619667505554e+02
304 6081 7.075026e-01 2.547412e+01  9.925517057534290188e+02  9.952061042827255051e+02  9.967702259640923330e+02  9.975088302232861679e+02
305 6101 7.082723e-01 2.548214e+01  9.925517057534290188e+02  9.954618649303556595e+02  9.968286739067584676e+02  9.973271381576288377e+02
306 6121 7.070503e-01 2.548871e+01  9.925517057534290188e+02  9.954420088324749258e+02  9.966359091803722094e+02  9.972643550429796733e+02
307 6141 7.079927e-01 2.549514e+01  9.925517057534290188e+02  9.949213838193957145e+02  9.967548977380522501e+02  9.971990926172385343e+02
308 6161 7.121164e-01 2.549435e+01  9.925517057534290188e+02  9.948855200064366500e+02  9.964994837050849128e+02  9.971189895352995336e+02
309 6181 7.186918e-01 2.549835e+01  9.925517057534290188e+02  9.955875390644051777e+02  9.967766043312367401e+02  9.972500000000000000e+02
310 6201 7.275127e-01 2.549972e+01  9.925517057534290188e+02  9.959029471043496642e+02  9.966669069507495351e+02  9.974600000000000364e+02
311 6221 7.327513e-01 2.549644e+01  9.925517057534290188e+02  9.956729952393662870e+02  9.967955045268060985e+02  9.973109436095712681e+02
312 6241 7.392626e-01 2.550550e+01  9.925517057534290188e+02  9.955448933213322107e+02  9.966857169766346942e+02  9.976114444725980093e+02
313 6261 7.428410e-01 2.550701e+01  9.925517057534290188e+02  9.957418202616645431e+02  9.968542860597262916e+02  9.973350988247750593e+02
314 6281 7.454213e-01 2.551587e+01  9.925517057534290188e+02  9.961548190763486446e+02  9.968845783797621607e+02  9.981190061145508707e+02
315 6301 7.446104e-01 2.551799e+01  9.925517057534290188e+02  9.960301757838765297e+02  9.967121997846899148e+02  9.973703669978231119e+02
316 6321 7.455530e-01 2.552347e+01  9.925517057534290188e+02  9.959571787438205774e+02  9.968030703533476071e+02  9.972560625562182395e+02
317 6341 7.474866e-01 2.553086e+01  9.925517057534290188e+02  9.961610691826233506e+02  9.969142660808471419e+02  9.973186616803333209e+02
318 6361 7.475936e-01 2.553430e+01  9.925517057534290188e+02  9.961654985548383365e+02  9.966792602490102126e+02  9.971519534684839527e+02
319 6381 7.448463e-01 2.553873e+01  9.925517057534290188e+02  9.960971490439924310e+02  9.967981140253559715e+02  9.975155482379568639e+02
320 6401 7.441806e-01 2.554864e+01  9.925517057534290188e+02  9.960571736925759296e+02  9.968563261439687722e+02  9.981012498192139901e+02
321 6421 7.434226e-01 2.555538e+01  9.925517057534290188e+02  9.951799999999999500e+02  9.968511186982550498e+02  9.971699999999999591e+02
322 6441 7.407199e-01 2.555922e+01  9.925517057534290188e+02  9.962087986902363355e+02  9.969589590397190477e+02  9.981200000000000045e+02
323 6461 7.356206e-01 2.558103e+01  9.925517057534290188e+02  9.954641744353332342e+02  9.967331886801719065e+02  9.973064324840212294e+02
324 6481 7.302557e-01 2.559331e+01  9.925517057534290188e+02  9.949795554793897736e+02  9.965740416186238235e+02  9.970558655320550088e+02
325 6501 7.252460e-01 2.560684e+01  9.925517057534290188e+02  9.955087361918685929e+02  9.967364672363623868e+02  9.975269027546343068e+02
326 6521 7.200860e-01 2.562861e+01  9.925517057534290188e+02  9.953854667926235607e+02  9.967127543330036588e+02  9.971499999999999773e+02
327 6541 7.169294e-01 2.563281e+01  9.925517057534290188e+02  9.944244309165092091e+02  9.966572742946370909e+02  9.973249447766462481e+02
328 6561 7.124132e-01 2.565248e+01  9.925517057534290188e+02  9.961262461224312119e+02  9.966372288821395387e+02  9.972664070647550716e+02
329 6581 7.069504e-01 2.565496e+01  9.925517057534290188e+02  9.952772906589214017e+02  9.966921085865878922e+02  9.971565673288400831e+02
330 6601 7.018608e-01 2.566023e+01  9.925517057534290188e+02  9.959402606637581812e+02  9.967202193280179472e+02  9.971399999999999864e+02
331 6621 6.996169e-01 2.565754e+01  9.925517057534290188e+02  9.952953589073027842e+02  9.966951337153261647e+02  9.975981852997273336e+02
332 6641 6.954748e-01 2.566839e+01  9.925517057534290188e+02  9.953850970399955713e+02  9.968417662857710866e+02  9.982459765806287351e+02
333 6661 6.900260e-01 2.567185e+01  9.925517057534290188e+02  9.950756014764197062e+02  9.966589447834414841e+02  9.972434031134267798e+02
334 6681 6.880825e-01 2.568309e+01  9.925517057534290188e+02  9.956699999999999591e+02  9.968000722389147086e+02  9.975917266061045439e+02
335 6701 6.838918e-01 2.568266e+01  9.925517057534290188e+02  9.960599999999999454e+02  9.969481123022568454e+02  9.982229235164344345e+02
336 6721 6.801349e-01 2.568677e+01  9.925517057534290188e+02  9.958631191335555286e+02  9.965991542010408466e+02  9.972340588257255831e+02
337 6741 6.781050e-01 2.569302e+01  9.925517057534290188e+02  9.953338351348146489e+02  9.966719206130162547e+02  9.979584774068547404e+02
338 6761 6.757652e-01 2.570768e+01  9.925517057534290188e+02  9.958003851527784036e+02  9.968753879749439193e+02  9.974181186618945958e+02
339 6781 6.733640e-01 2.570941e+01  9.925517057534290188e+02  9.952200000000000273e+02  9.966221378241511957e+02  9.973230171541871414e+02
340 6801 6.697239e-01 2.571785e+01  9.925517057534290188e+02  9.958441922077167874e+02  9.968032783696035040e+02  9.976439608793251637e+02
341 6821 6.665430e-01 2.572505e+01  9.925517057534290188e+02  9.949073602787040045e+02  9.967908768275237890e+02  9.972899999999999636e+02
342 6841 6.607728e-01 2.573098e+01  9.925517057534290188e+02  9.957781029380652171e+02  9.966259158221538428e+02  9.971920626343492131e+02
343 6861 6.555595e-01 2.573320e+01  9.925517057534290188e+02  9.954747625885934212e+02  9.967315701409938811e+02  9.976255901438275941e+02
344 6881 6.503112e-01 2.574493e+01  9.925517057534290188e+02  9.948276694643190012e+02  9.965016412637548910e+02  9.972621704872296959e+02
345 6901 6.473101e-01 2.575282e+01  9.925517057534290188e+02  9.957074599168360010e+02  9.967155858456021633e+02  9.974227353342697597e+02
346 6921 6.403401e-01 2.575677e+01  9.925517057534290188e+02  9.954066727079006114e+02  9.966556704943493514e+02  9.971776185799010364e+02
347 6941 6.333510e-01 2.575888e+01  9.925517057534290188e+02  9.957647869035195072e+02  9.967631990944933023e+02  9.973112749329180815e+02
348 6961 6.287366e-01 2.576043e+01  9.925517057534290188e+02  9.957648277563296233e+02  9.965071325048434119e+02  9.969920233937132252e+02
349 6981 6.269529e-01 2.575948e+01  9.925517057534290188e+02  9.959274329451421863e+02  9.968179230972327787e+02  9.972725684338993233e+02
350 7001 6.239433e-01 2.575158e+01  9.925517057534290188e+02  9.953843123335400378e+02  9.968382246032786043e+02  9.976537598778702431e+02
351 7021 6.242117e-01 2.574362e+01  9.925517057534290188e+02  9.949106575871010136e+02  9.966594383985326431e+02  9.981303976103097284e+02
352 7041 6.252371e-01 2.575734e+01  9.925517057534290188e+02  9.958727841888667172e+02  9.968329903619803645e+02  9.975339081008702351e+02
353 7061 6.242610e-01 2.577804e+01  9.925517057534290188e+02  9.954031367296425969e+02  9.968409624652490493e+02  9.971212846519339337e+02
354 7081 6.245113e-01 2.577646e+01  9.925517057534290188e+02  9.950509658141710361e+02  9.965100190535157481e+02  9.972824396578010919e+02
355 7101 6.245045e-01 2.577127e+01  9.925517057534290188e+02  9.957162021041467597e+02  9.968181410425181639e+02  9.980529603699910695e+02
356 7121 6.257200e-01 2.576999e+01  9.925517057534290188e+02  9.954768493461218668e+02  9.968585711919513415e+02  9.972917416965500479e+02
357 7141 6.253198e-01 2.577060e+01  9.925517057534290188e+02  9.957376961305973282e+02  9.966623138264549198e+02  9.970361936776041603e+02
358 7161 6.250668e-01 2.576926e+01  9.925517057534290188e+02  9.960363017207488383e+02  9.969598246436718227e+02  9.972909984571537052e+02
359 7181 6.250797e-01 2.577195e+01  9.925517057534290188e+02  9.962384270496206682e+02  9.969102916612232548e+02  9.972264011667824661e+02
360 7201 6.230837e-01 2.576840e+01  9.925517057534290188e+02  9.952017014954262777e+02  9.966622814562103940e+02  9.973099999999999454e+02
361 7221 6.196835e-01 2.576790e+01  9.925517057534290188e+02  9.953731390005012827e+02  9.969202922305235006e+02  9.972699999999999818e+02
362 7241 6.139314e-01 2.576722e+01  9.925517057534290188e+02  9.962865152401147952e+02  9.968457580031825955e+02  9.971835458814938420e+02
363 7261 6.097335e-01 2.576920e+01  9.925517057534290188e+02  9.962167517681780282e+02  9.967378298353891068e+02  9.972078309458237300e+02
364 7281 6.048953e-01 2.577507e+01  9.925517057534290188e+02  9.958429261301436100e+02  9.968534478704045796e+02  9.974038090699873464e+02
365 7301 6.010904e-01 2.578015e+01  9.925517057534290188e+02  9.955992292666156800e+02  9.967605161805981879e+02  9.972811334051580161e+02
366 7321 5.991163e-01 2.579948e+01  9.925517057534290188e+02  9.953600000000000136e+02  9.968110497533093621e+02  9.976329131224384810e+02
367 7341 5.944774e-01 2.580086e+01  9.925517057534290188e+02  9.955737796394653287e+02  9.965323637511978632e+02  9.972384491556780404e+02
368 7361 5.894623e-01 2.580368e+01  9.925517057534290188e+02  9.947676415326903907e+02  9.968153468208299728e+02  9.971795134546275676e+02
369 7381 5.863755e-01 2.584506e+01  9.925517057534290188e+02  9.964700000000000273e+02  9.968373921769882600e+02  9.974064379720199440e+02
370 7401 5.842462e-01 2.584658e+01  9.925517057534290188e+02  9.954729496283858907e+02  9.969505802394900229e+02  9.974656421513528812e+02
371 7421 5.796254e-01 2.585323e+01  9.925517057534290188e+02  9.957699999999999818e+02  9.968791137034338590e+02  9.972473705360397389e+02
372 7441 5.756515e-01 2.585394e+01  9.925517057534290188e+02  9.958680861997346483e+02  9.967990911763820350e+02  9.972230219027695739e+02
373 7461 5.718577e-01 2.586685e+01  9.925517057534290188e+02  9.951823111456835704e+02  9.967686687714838172e+02  9.973375784366287462e+02
374 7481 5.688043e-01 2.587689e+01  9.925517057534290188e+02  9.946543105316146693e+02  9.966953187840603050e+02  9.973419840741543112e+02
375 7501 5.639463e-01 2.589633e+01  9.925517057534290188e+02  9.959710897621430377e+02  9.969249673829854146e+02  9.981566004279542312e+02
376 7521 5.606993e-01 2.590685e+01  9.925517057534290188e+02  9.954356418807961973e+02  9.966876367917348034e+02  9.973500000000000227e+02
377 7541 5.566488e-01 2.591611e+01  9.925517057534290188e+02  9.955023137648186093e+02  9.965625411739190440e+02  9.972147887347426831e+02
378 7561 5.531584e-01 2.592685e+01  9.925517057534290188e+02  9.947493657890007626e+02  9.968272005831778415e+02  9.971699999999999591e+02
379 7581 5.513702e-01 2.593423e+01  9.925517057534290188e+02  9.957841567630102872e+02  9.967076176318769285e+02  9.973058846408772524e+02
380 7601 5.495798e-01 2.593791e+01  9.925517057534290188e+02  9.956831729758885103e+02  9.966486860902859917e+02  9.971422087015465650e+02
381 7621 5.448937e-01 2.594456e+01  9.925517057534290188e+02  9.954139043948033532e+02  9.966526427152039105e+02  9.976074700099798065e+02
382 7641 5.441038e-01 2.594621e+01  9.925517057534290188e+02  9.961646652225075513e+02  9.967911973229836349e+02  9.974099999999999682e+02
383 7661 5.427490e-01 2.596100e+01  9.925517057534290188e+02  9.958497036058192862e+02  9.968291679144745103e+02  9.979456288710646277e+02
384 7681 5.390851e-01 2.595735e+01  9.925517057534290188e+02  9.957690694002515102e+02  9.968972293081508269e+02  9.971046801864598592e+02
385 7701 5.388673e-01 2.597324e+01  9.925517057534290188e+02  9.959055760978984608e+02  9.968029324103430326e+02  9.972838702331359855e+02
386 7721 5.397880e-01 2.597148e+01  9.925517057534290188e+02  9.957728425792480493e+02  9.968186855302353706e+02  9.971299999999999955e+02
387 7741 5.398165e-01 2.597795e+01  9.925517057534290188e+02  9.953857121478818044e+02  9.968070040060571273e+02  9.972085675303895869e+02
388 7761 5.394184e-01 2.598967e+01  9.925517057534290188e+02  9.957280141680581664e+02  9.967308753445229286e+02  9.972108615604175839e+02
389 7781 5.397868e-01 2.600013e+01  9.925517057534290188e+02  9.952390001015262442e+02  9.967814335902689891e+02  9.972166480566206701e+02
390 7801 5.404391e-01 2.600540e+01  9.925517057534290188e+02  9.949413430312658875e+02  9.966768330026097829e+02  9.971347702626192131e+02
391 7821 5.395930e-01 2.602123e+01  9.925517057534290188e+02  9.954882827321279137e+02  9.968282594349409464e+02  9.973362476954168869e+02
392 7841 5.398159e-01 2.601653e+01  9.925517057534290188e+02  9.958094142381602296e+02  9.965363744553175138e+02  9.971719396790520022e+02
393 7861 5.390718e-01 2.600959e+01  9.925517057534290188e+02  9.958736341560615983e+02  9.966236972742533453e+02  9.972923271740837663e+02
394 7881 5.384317e-01 2.601702e+01  9.925517057534290188e+02  9.952773994579183636e+02  9.966820942797385214e+02  9.974740267916331504e+02
395 7901 5.367156e-01 2.602144e+01  9.925517057534290188e+02  9.956599999999999682e+02  9.968054733354423433e+02  9.971085618429098076e+02
396 7921 5.359317e-01 2.602351e+01  9.925517057534290188e+02  9.958182829216700611e+02  9.966519913277679734e+02  9.981378749037405669e+02
397 7941 5.356338e-01 2.602834e+01  9.925517057534290188e+02  9.959381600829082117e+02  9.966734927331008294e+02  9.980569394427676571e+02
398 7961 5.337343e-01 2.603429e+01  9.925517057534290188e+02  9.962207654403828201e+02  9.969550823923161715e+02  9.981380179152154142e+02
399 7981 5.318510e-01 2.603702e+01  9.925517057534290188e+02  9.953805657619333260e+02  9.968216474951600503e+02  9.981407034993280831e+02
400 8001 5.304242e-01 2.605015e+01  9.925517057534290188e+02  9.962179083328150000e+02  9.968030818221852769e+02  9.973882263047933066e+02
401 8021 5.288001e-01 2.605666e+01  9.925517057534290188e+02  9.961310517917892184e+02  9.966618408138751875e+02  9.970916022264980256e+02
402 8041 5.251843e-01 2.605758e+01  9.925517057534290188e+02  9.961261850497566002e+02  9.968507850081568904e+02  9.972748910670896976e+02
403 8061 5.212328e-01 2.606086e+01  9.925517057534290188e+02  9.961834456822895163e+02  9.968809018580225256e+02  9.972712879275281921e+02
404 8081 5.186127e-01 2.606639e+01  9.925517057534290188e+02  9.952625681715378505e+02  9.965010641584721043e+02  9.971831312318299751e+02
405 8101 5.161907e-01 2.607578e+01  9.925517057534290188e+02  9.958676518839275786e+02  9.965735235503855165e+02  9.999903759591112475e+02
406 8121 5.131823e-01 2.608985e+01  9.925517057534290188e+02  9.951202856300922122e+02  9.965193871867784310e+02  9.972324713322436764e+02
407 8141 5.099323e-01 2.610614e+01  9.925517057534290188e+02  9.951912351769404950e+02  9.967190767826650699e+02  9.973529039719095408e+02
408 8161 5.083050e-01 2.611211e+01  9.925517057534290188e+02  9.960775393429746600e+02  9.967767031027140092e+02  9.975591877816654005e+02
409 8181 5.059129e-01 2.611095e+01  9.925517057534290188e+02  9.952243101663540301e+02  9.967361509615898285e+02  9.971951302456208168e+02
410 8201 5.044911e-01 2.611753e+01  9.925517057534290188e+02  9.955369938362584890e+02  9.969094729585322057e+02  9.975489263258399433e+02
411 8221 5.053099e-01 2.612348e+01  9.925517057534290188e+02  9.957378806563178841e+02  9.968678005639645789e+02  9.975496173159200453e+02
412 8241 5.065870e-01 2.612602e+01  9.925517057534290188e+02  9.959578194196323011e+02  9.967837508104992139e+02  9.999911482748669869e+02
413 8261 5.076584e-01 2.613131e+01  9.925517057534290188e+02  9.954625445891484787e+02  9.965450000000000728e+02  9.981141985854169434e+02
414 8281 5.090567e-01 2.616370e+01  9.925517057534290188e+02  9.948982168203830270e+02  9.967135206493252326e+02  9.971565763316451694e+02
415 8301 5.104820e-01 2.618945e+01  9.925517057534290188e+02  9.960000000000000000e+02  9.967545115357352188e+02  9.999884662520421443e+02
416 8321 5.112778e-01 2.620043e+01  9.925517057534290188e+02  9.959880171218671876e+02  9.967489346196214228e+02  9.999889535651610686e+02
417 8341 5.108999e-01 2.621899e+01  9.925517057534290188e+02  9.948484969112972749e+02  9.966929766333814769e+02  9.975368487781011027e+02
418 8361 5.095550e-01 2.622996e+01  9.925517057534290188e+02  9.952255020164649295e+02  9.964469475538676306e+02  9.977078783156465533e+02
419 8381 5.069341e-01 2.624409e+01  9.925517057534290188e+02  9.955800000000000409e+02  9.969645242515753125e+02  9.975526426229902199e+02
420 8401 5.030266e-01 2.626741e+01  9.925517057534290188e+02  9.957235922985826164e+02  9.967479299719407209e+02  9.978405081552625688e+02
421 8421 4.986500e-01 2.628583e+01  9.925517057534290188e+02  9.951046665861498468e+02  9.968519052707001720e+02  9.978939879910082027e+02
422 8441 4.955393e-01 2.630805e+01  9.925517057534290188e+02  9.956837828241381203e+02  9.967919961630161652e+02  9.978600000000000136e+02
423 8461 4.934180e-01 2.631946e+01  9.925517057534290188e+02  9.947057316987878721e+02  9.964931570573712634e+02  9.975435997608757361e+02
424 8481 4.936937e-01 2.633147e+01  9.925517057534290188e+02  9.959142720871877827e+02  9.967536653987131103e+02  9.972325775136977200e+02
425 8501 4.968738e-01 2.634670e+01  9.925517057534290188e+02  9.957070947908061953e+02  9.968308422836552154e+02  9.971678408377171081e+02
426 8521 4.990552e-01 2.635261e+01  9.925517057534290188e+02  9.963088217567799347e+02  9.966909555258150704e+02  9.974400000000000546e+02
427 8541 5.010490e-01 2.637153e+01  9.925517057534290188e+02  9.953732125630974679e+02  9.967071060084472265e+02  9.973336592709122215e+02
428 8561 5.006696e-01 2.640795e+01  9.925517057534290188e+02  9.962237976642728654e+02  9.967366530175770549e+02  9.981056149021427473e+02
429 8581 4.996596e-01 2.643460e+01  9.925517057534290188e+02  9.957722431805493670e+02  9.967382819809431567e+02  9.975666537269084984e+02
430 8601 4.965787e-01 2.644312e+01  9.925517057534290188e+02  9.953949900126884813e+02  9.968411324934626236e+02  9.980822259128207179e+02
431 8621 4.962888e-01 2.645145e+01  9.925517057534290188e+02  9.962203720578107777e+02  9.968260919465715233e+02  9.972000000000000455e+02
432 8641 4.978860e-01 2.647422e+01  9.925517057534290188e+02  9.955299999999999727e+02  9.966514172113475070e+02  9.981263574548760289e+02
433 8661 5.024057e-01 2.648313e+01  9.925517057534290188e+02  9.953574575002389793e+02  9.968410928095463532e+02  9.974918401590887242e+02
434 8681 5.055393e-01 2.648621e+01  9.925517057534290188e+02  9.959582203063880570e+02  9.968016634338375752e+02  9.999891918532774753e+02
435 8701 5.075468e-01 2.649876e+01  9.925517057534290188e+02  9.957175653754542282e+02  9.968158872087935833e+02  9.972283771891640072e+02
436 8721 5.090496e-01 2.650378e+01  9.925517057534290188e+02  9.950761806461812284e+02  9.967522228676793929e+02  9.980084725266142414e+02
437 8741 5.100090e-01 2.650398e+01  9.925517057534290188e+02  9.966200000000000045e+02  9.969952868252717053e+02  9.979361188549828512e+02
438 8761 5.122589e-01 2.650576e+01  9.925517057534290188e+02  9.958711575302264691e+02  9.967544271533990923e+02  9.971205518541039510e+02
439 8781 5.143315e-01 2.650899e+01  9.925517057534290188e+02  9.958743881010834684e+02  9.964787493069850370e+02  9.971137279729559850e+02
440 8801 5.143987e-01 2.650789e+01  9.925517057534290188e+02  9.958310575936562827e+02  9.963734004482284945e+02  9.971086264379958948e+02
441 8821 5.124750e-01 2.649856e+01  9.925517057534290188e+02  9.951337368846103573e+02  9.966870281911675420e+02  9.972317527756366644e+02
442 8841 5.110534e-01 2.649567e+01  9.925517057534290188e+02  9.954726402568402364e+02  9.967956227853370592e+02  9.980499999999999545e+02
443 8861 5.100544e-01 2.649510e+01  9.925517057534290188e+02  9.962923513728555918e+02  9.967596968131189215e+02  9.970910680093302290e+02
444 8881 5.104897e-01 2.649663e+01  9.925517057534290188e+02  9.963454696046474055e+02  9.967930473417256962e+02  9.973544745796850748e+02
445 8901 5.132735e-01 2.650394e+01  9.925517057534290188e+02  9.955800000000000409e+02  9.965534713478698450e+02  9.968847027277603274e+02
446 8921 5.148474e-01 2.651011e+01  9.925517057534290188e+02  9.957443420520301061e+02  9.965585870297215934e+02  9.980813199087675684e+02
447 8941 5.167440e-01 2.651367e+01  9.925517057534290188e+02  9.953816973603544511e+02  9.969061665947464235e+02  9.999910177528595341e+02
448 8961 5.177265e-01 2.652806e+01  9.925517057534290188e+02  9.956468589843527752e+02  9.965899746127890921e+02  9.972723452919166220e+02
449 8981 5.167868e-01 2.652726e+01  9.925517057534290188e+02  9.950399999999999636e+02  9.967651390007072223e+02  9.980661152039627950e+02
450 9001 5.162077e-01 2.652448e+01  9.925517057534290188e+02  9.954188133124245041e+02  9.965490608673660518e+02  9.977056730055819571e+02
451 9021 5.154396e-01 2.653715e+01  9.925517057534290188e+02  9.949782204615111141e+02  9.965687588184161996e+02  9.979840998121716211e+02
452 9041 5.140249e-01 2.652935e+01  9.925517057534290188e+02  9.962982397912951456e+02  9.969235841023780722e+02  9.979530915465351200e+02
453 9061 5.113832e-01 2.652740e+01  9.925517057534290188e+02  9.948923778103279574e+02  9.966354388990655480e+02  9.970714778120682240e+02
454 9081 5.084881e-01 2.654324e+01  9.925517057534290188e+02  9.958451883428361953e+02  9.968708353977056049e+02  9.981265067431578473e+02
455 9101 5.048792e-01 2.654826e+01  9.925517057534290188e+02  9.957011817104737474e+02  9.965876418147981894e+02  9.971747256479138741e+02
456 9121 5.028972e-01 2.655316e+01  9.925517057534290188e+02  9.959377395264436927e+02  9.967987218959078746e+02  9.971835200682619416e+02
457 9141 5.025839e-01 2.655009e+01  9.925517057534290188e+02  9.957761060077318689e+02  9.965625403580374950e+02  9.975910967312493085e+02
458 9161 5.023724e-01 2.655103e+01  9.925517057534290188e+02  9.955010518787495357e+02  9.968220260334753675e+02  9.979263219166073213e+02
459 9181 5.022432e-01 2.656330e+01  9.925517057534290188e+02  9.960620025734071987e+02  9.967758317020613958e+02  9.973894113103134487e+02
460 9201 5.039512e-01 2.656427e+01  9.925517057534290188e+02  9.957420001810194208e+02  9.965769909928885681e+02  9.971764522594673963e+02
461 9221 5.068164e-01 2.656718e+01  9.925517057534290188e+02  9.953574067397382805e+02  9.966972881930605581e+02  9.973929696746596392e+02
462 9241 5.130890e-01 2.656958e+01  9.925517057534290188e+02  9.956100000000000136e+02  9.967916628911056023e+02  9.976924250875438247e+02
463 9261 5.196707e-01 2.656878e+01  9.925517057534290188e+02  9.956282970329112914e+02  9.968504739616978441e+02  9.973275974847905445e+02
464 9281 5.281398e-01 2.657537e+01  9.925517057534290188e+02  9.956012602686402033e+02  9.965517000975686415e+02  9.972772395066733679e+02
465 9301 5.384180e-01 2.658142e+01  9.925517057534290188e+02  9.962337110136996898e+02  9.968789393631584517e+02  9.999893783150822628e+02
466 9321 5.442440e-01 2.658585e+01  9.925517057534290188e+02  9.950392085634829300e+02  9.967383519241657268e+02  9.971890865833256612e+02
467 9341 5.461182e-01 2.658747e+01  9.925517057534290188e+02  9.958779437449583156e+02  9.969397198536039468e+02  9.974567288698854099e+02
468 9361 5.503612e-01 2.659228e+01  9.925517057534290188e+02  9.958978432346666523e+02  9.968050533513450091e+02  9.972914863549224265e+02
469 9381 5.544423e-01 2.659884e+01  9.925517057534290188e+02  9.960207104804813980e+02  9.965955569178120186e+02  9.973434013260863367e+02
470 9401 5.595009e-01 2.660458e+01  9.925517057534290188e+02  9.958536780956451366e+02  9.966959935439929268e+02  9.972344629079809692e+02
471 9421 5.647241e-01 2.661434e+01  9.925517057534290188e+02  9.959096854864999386e+02  9.969500576918687784e+02  9.972484209621043192e+02
472 9441 5.689078e-01 2.661827e+01  9.925517057534290188e+02  9.952651171000170507e+02  9.966659982203215122e+02  9.972653247242177486e+02
473 9461 5.728451e-01 2.661835e+01  9.925517057534290188e+02  9.958267452637059023e+02  9.967319178648170919e+02  9.972799999999999727e+02
474 9481 5.795866e-01 2.663075e+01  9.925517057534290188e+02  9.961133056628276563e+02  9.968337591605377384e+02  9.970833889434326238e+02
475 9501 5.854025e-01 2.663578e+01  9.925517057534290188e+02  9.954433179183687344e+02  9.966001227409545891e+02  9.972516398645817617e+02
476 9521 5.921852e-01 2.664139e+01  9.925517057534290188e+02  9.955112832690857658e+02  9.968462406312341955e+02  9.971378133726252599e+02
477 9541 5.980979e-01 2.663685e+01  9.925517057534290188e+02  9.957680996692439521e+02  9.967839302588711234e+02  9.977625357955289473e+02
478 9561 6.057198e-01 2.662984e+01  9.925517057534290188e+02  9.960473727152234460e+02  9.967013310195262648e+02  9.971271957560163628e+02
479 9581 6.126431e-01 2.664033e+01  9.925517057534290188e+02  9.955560994941822628e+02  9.967971197105641750e+02  9.972710872213159519e+02
480 9601 6.152690e-01 2.664064e+01  9.925517057534290188e+02  9.955815573281932984e+02  9.966907880853850656e+02  9.973252078742933691e+02
481 9621 6.182965e-01 2.664476e+01  9.925517057534290188e+02  9.940476733629122919e+02  9.968220479349049583e+02  9.999902782580895746e+02
482 9641 6.224808e-01 2.664716e+01  9.925517057534290188e+02  9.960060010661152319e+02  9.967995567660982488e+02  9.971058784964695860e+02
483 9661 6.276948e-01 2.665636e+01  9.925517057534290188e+02  9.951114428357573161e+02  9.967507048277732338e+02  9.972583797152275338e+02
484 9681 6.292865e-01 2.666253e+01  9.925517057534290188e+02  9.959605901195639035e+02  9.967824677139924461e+02  9.978447755045746135e+02
485 9701 6.313297e-01 2.667032e+01  9.925517057534290188e+02  9.961631853989953242e+02  9.967575765349176891e+02  9.972544795685711279e+02
486 9721 6.327884e-01 2.668170e+01  9.925517057534290188e+02  9.958722847231614423e+02  9.967983184745194194e+02  9.972572954505877760e+02
487 9741 6.331541e-01 2.669418e+01  9.925517057534290188e+02  9.957277136159819975e+02  9.965579899303063485e+02  9.971177241856676119e+02
488 9761 6.308480e-01 2.670592e+01  9.925517057534290188e+02  9.960408567086991525e+02  9.967278207508777541e+02  9.972281220110183995e+02
489 9781 6.306730e-01 2.671017e+01  9.925517057534290188e+02  9.956429749630237893e+02  9.966765122474184864e+02  9.970147592156995415e+02
490 9801 6.309290e-01 2.671771e+01  9.925517057534290188e+02  9.955812874865057438e+02  9.968017978732837037e+02  9.971359696519997442e+02
491 9821 6.327156e-01 2.672596e+01  9.925517057534290188e+02  9.958347774347066661e+02  9.967603265326604287e+02  9.974600000000000364e+02
492 9841 6.342122e-01 2.674593e+01  9.925517057534290188e+02  9.954231064715751245e+02  9.969768126180665604e+02  9.979975340594645559e+02
493 9861 6.360094e-01 2.674723e+01  9.925517057534290188e+02  9.957278195518608754e+02  9.967291793491399403e+02  9.971645826911749282e+02
494 9881 6.363380e-01 2.674344e+01  9.925517057534290188e+02  9.960199999999999818e+02  9.968967556252332542e+02  9.979083934449352000e+02
495 9901 6.328945e-01 2.673522e+01  9.925517057534290188e+02  9.957008746692246177e+02  9.968542874443055553e+02  9.975142264593206392e+02
496 9921 6.289161e-01 2.673874e+01  9.925517057534290188e+02  9.957373500465909046e+02  9.968892953378370976e+02  9.999919281773073862e+02
497 9941 6.257056e-01 2.675016e+01  9.925517057534290188e+02  9.950048010278809443e+02  9.966160697524758234e+02  9.972272038584736720e+02
498 9961 6.227933e-01 2.675631e+01  9.925517057534290188e+02  9.961100000000000136e+02  9.969391269686664145e+02  9.973076917023578289e+02
499 9981 6.200441e-01 2.675558e+01  9.925517057534290188e+02  9.953497686644458327e+02  9.967061432050622898e+02  9.972538967874786522e+02
500 10001 6.223048e-01 2.676127e+01  9.925517057534290188e+02  9.960800000000000409e+02  9.967449327132023882e+02  9.975489174023300620e+02
501 10021 6.238674e-01 2.677425e+01  9.925517057534290188e+02  9.955264494180026986e+02  9.967052538966331667e+02  9.972906052984096732e+02
502 10041 6.236944e-01 2.677610e+01  9.925517057534290188e+02  9.958881675534536271e+02  9.967381797921316320e+02  9.973491436171788109e+02
503 10061 6.241379e-01 2.677494e+01  9.925517057534290188e+02  9.954504882856721224e+02  9.967210314355290848e+02  9.971104255342063425e+02
504 10081 6.236897e-01 2.678759e+01  9.925517057534290188e+02  9.952948860341232376e+02  9.968111476032172504e+02  9.973257634231700877e+02
505 10101 6.237871e-01 2.680272e+01  9.925517057534290188e+02  9.955000000000000000e+02  9.968636646830556174e+02  9.972848034295104753e+02
506 10121 6.227961e-01 2.680548e+01  9.925517057534290188e+02  9.960547233712100024e+02  9.966765068529217615e+02  9.970349246163461885e+02
507 10141 6.203476e-01 2.681867e+01  9.925517057534290188e+02  9.955218072777622638e+02  9.964757425545485603e+02  9.971770321796831240e+02
508 10161 6.177195e-01 2.683118e+01  9.925517057534290188e+02  9.960499999999999545e+02  9.966946302301275864e+02  9.972825318305752944e+02
509 10181 6.158332e-01 2.683432e+01  9.925517057534290188e+02  9.949647813083330448e+02  9.967051933323992898e+02  9.973030023182720925e+02
510 10201 6.147363e-01 2.682368e+01  9.925517057534290188e+02  9.957339675735446463e+02  9.969361393306292030e+02  9.972025527738022674e+02
511 10221 6.151642e-01 2.683084e+01  9.925517057534290188e+02  9.953086084298819287e+02  9.968484797683684064e+02  9.973007589073548615e+02
512 10241 6.144916e-01 2.686047e+01  9.925517057534290188e+02  9.956991439931618970e+02  9.968487711296345424e+02  9.973039222288648489e+02
513 10261 6.140763e-01 2.688183e+01  9.925517057534290188e+02  9.955800000000000409e+02  9.967922099924901431e+02  9.980158506138869825e+02
514 10281 6.145321e-01 2.688041e+01  9.925517057534290188e+02  9.959213737312381909e+02  9.967927619824965859e+02  9.972633275633940002e+02
515 10301 6.157714e-01 2.687902e+01  9.925517057534290188e+02  9.961267916267211149e+02  9.968785101058913369e+02  9.972224125810344049e+02
516 10321 6.146506e-01 2.688483e+01  9.925517057534290188e+02  9.958028035390476589e+02  9.966787061985576202e+02  9.976364411960017833e+02
517 10341 6.143583e-01 2.689709e+01  9.925517057534290188e+02  9.954299999999999500e+02  9.968267839971035755e+02  9.973773333435880204e+02
518 10361 6.155052e-01 2.688437e+01  9.925517057534290188e+02  9.950170673174180820e+02  9.966688485468641829e+02  9.971863487262429544e+02
519 10381 6.154164e-01 2.688305e+01  9.925517057534290188e+02  9.956550068147670345e+02  9.967902491050219851e+02  9.972029416055912634e+02
520 10401 6.143071e-01 2.689890e+01  9.925517057534290188e+02  9.957243438556929505e+02  9.968532197039544371e+02  9.972606393592245695e+02
521 10421 6.145203e-01 2.690997e+01  9.925517057534290188e+02  9.955245865597622696e+02  9.966729152074374269e+02  9.973606546826589465e+02
522 10441 6.168706e-01 2.691858e+01  9.925517057534290188e+02  9.959846591787171519e+02  9.965379056128427919e+02  9.973119001017502114e+02
523 10461 6.215098e-01 2.693086e+01  9.925517057534290188e+02  9.956778613303201837e+02  9.966998917487530889e+02  9.974653293283871562e+02
524 10481 6.256087e-01 2.695220e+01  9.925517057534290188e+02  9.960512278889904110e+02  9.967324837038884198e+02  9.973539859091067683e+02
525 10501 6.246439e-01 2.695266e+01  9.925517057534290188e+02  9.958434747230593302e+02  9.968515294958770028e+02  9.972300000000000182e+02
526 10521 6.252118e-01 2.695919e+01  9.925517057534290188e+02  9.937252490842627140e+02  9.968168625752689422e+02  9.972500000000000000e+02
527 10541 6.266010e-01 2.698065e+01  9.925517057534290188e+02  9.958265119844436413e+02  9.966594596318299182e+02  9.970722364494778276e+02
528 10561 6.281623e-01 2.697672e+01  9.925517057534290188e+02  9.956695107081800415e+02  9.968348558081888768e+02  9.972563507636903068e+02
529 10581 6.338808e-01 2.699377e+01  9.925517057534290188e+02  9.957599999999999909e+02  9.968274022913802810e+02  9.975190657382727295e+02
530 10601 6.359730e-01 2.700767e+01  9.925517057534290188e+02  9.950412409849770938e+02  9.966154037617511676e+02  9.969925033692547913e+02
531 10621 6.355873e-01 2.700918e+01  9.925517057534290188e+02  9.961317980449393872e+02  9.967451294476609291e+02  9.972279077048204954e+02
532 10641 6.366555e-01 2.701997e+01  9.925517057534290188e+02  9.960975791107103987e+02  9.967260764400773496e+02  9.972469757897647469e+02
533 10661 6.352976e-01 2.702502e+01  9.925517057534290188e+02  9.957725591086118584e+02  9.968292004686888959e+02  9.972952806729066424e+02
534 10681 6.326045e-01 2.702516e+01  9.925517057534290188e+02  9.951059400645091273e+02  9.968099591054136681e+02  9.972278678338086593e+02
535 10701 6.286753e-01 2.703254e+01  9.925517057534290188e+02  9.962643448597505085e+02  9.967188131578733419e+02  9.972013919414125667e+02
536 10721 6.291529e-01 2.702944e+01  9.925517057534290188e+02  9.956185908066822776e+02  9.967235994055461106e+02  9.972230797562563112e+02
537 10741 6.293267e-01 2.702135e+01  9.925517057534290188e+02  9.960837012259161156e+02  9.965650000000000546e+02  9.972033564574793445e+02
538 10761 6.315353e-01 2.701536e+01  9.925517057534290188e+02  9.957883723889394787e+02  9.966990633732029892e+02  9.970871858279316484e+02
539 10781 6.333251e-01 2.703645e+01  9.925517057534290188e+02  9.953999999999999773e+02  9.966211476596477041e+02  9.972815757250563138e+02
540 10801 6.336454e-01 2.705805e+01  9.925517057534290188e+02  9.959727777156185766e+02  9.966655512214997543e+02  9.971699999999999591e+02
541 10821 6.336963e-01 2.706920e+01  9.925517057534290188e+02  9.957999999999999545e+02  9.966943653139087473e+02  9.972640588822418977e+02
542 10841 6.315776e-01 2.707018e+01  9.925517057534290188e+02  9.954631618633469543e+02  9.966730322894245546e+02  9.973643025653068435e+02
543 10861 6.302776e-01 2.707219e+01  9.925517057534290188e+02  9.956924448761458279e+02  9.968887383542315774e+02  9.973407684851780459e+02
544 10881 6.308885e-01 2.708686e+01  9.925517057534290188e+02  9.956223181302482317e+02  9.967929664160726588e+02  9.974395073353164207e+02
545 10901 6.311710e-01 2.708638e+01  9.925517057534290188e+02  9.959016610659276694e+02  9.967202174829492378e+02  9.974014893328682092e+02
546 10921 6.291228e-01 2.709183e+01  9.925517057534290188e+02  9.956114718217316977e+02  9.965926056562473150e+02  9.971996028342155114e+02
547 10941 6.248006e-01 2.710709e+01  9.925517057534290188e+02  9.957148632399848793e+02  9.967007401258820209e+02  9.972334329035863902e+02
548 10961 6.200374e-01 2.711251e+01  9.925517057534290188e+02  9.960145733271091331e+02  9.968328713180453633e+02  9.973103618942674302e+02
549 10981 6.174858e-01 2.711478e+01  9.925517057534290188e+02  9.959324148343495153e+02  9.968695969609140093e+02  9.971299999999999955e+02
550 11001 6.133336e-01 2.710393e+01  9.925517057534290188e+02  9.958946914741738965e+02  9.967489372555514819e+02  9.972500000000000000e+02
551 11021 6.123360e-01 2.710434e+01  9.925517057534290188e+02  9.959222293617725654e+02  9.966188277552319050e+02  9.970661449075064411e+02
552 11041 6.137431e-01 2.710705e+01  9.925517057534290188e+02  9.949741505402389521e+02  9.967020996872563501e+02  9.970810046509743643e+02
553 11061 6.108033e-01 2.710978e+01  9.925517057534290188e+02  9.955669398577506399e+02  9.967599999999999909e+02  9.972121662818343566e+02
554 11081 6.111622e-01 2.710987e+01  9.925517057534290188e+02  9.961292153351434990e+02  9.969489147762506036e+02  9.975471259012510927e+02
555 11101 6.099605e-01 2.713130e+01  9.925517057534290188e+02  9.945204273942520103e+02  9.968786712078174332e+02  9.971564893503318672e+02
556 11121 6.093316e-01 2.714200e+01  9.925517057534290188e+02  9.960783981478640499e+02  9.968329877679104811e+02  9.971943652451066100e+02
557 11141 6.090943e-01 2.714925e+01  9.925517057534290188e+02  9.951506178800588032e+02  9.967355522133373142e+02  9.971401786789690505e+02
558 11161 6.139432e-01 2.715721e+01  9.925517057534290188e+02  9.955717397632766961e+02  9.967825183335894508e+02  9.977100000000000364e+02
559 11181 6.198138e-01 2.716533e+01  9.925517057534290188e+02  9.959358280547846789e+02  9.967750901315232568e+02  9.972294562894011278e+02
560 11201 6.259233e-01 2.716030e+01  9.925517057534290188e+02  9.958710760008402758e+02  9.966839681372284758e+02  9.978799999999999955e+02
561 11221 6.300766e-01 2.716725e+01  9.925517057534290188e+02  9.945347493863185946e+02  9.966624760444969979e+02  9.974258782040287770e+02
562 11241 6.358140e-01 2.720991e+01  9.925517057534290188e+02  9.953422474585767077e+02  9.967220798677528819e+02  9.973108812309105815e+02
563 11261 6.423024e-01 2.721542e+01  9.925517057534290188e+02  9.955599999999999454e+02  9.967432172176195309e+02  9.972305844974539468e+02
564 11281 6.479672e-01 2.723127e+01  9.925517057534290188e+02  9.961017911079065925e+02  9.968004202797812923e+02  9.974117602793936612e+02
565 11301 6.546865e-01 2.722723e+01  9.925517057534290188e+02  9.952279333266584445e+02  9.967552910333236014e+02  9.973534604161790185e+02
566 11321 6.590655e-01 2.723905e+01  9.925517057534290188e+02  9.962885957383738287e+02  9.968714138501563866e+02  9.973082159536767222e+02
567 11341 6.632579e-01 2.723725e+01  9.925517057534290188e+02  9.952599999999999909e+02  9.967710361989848025e+02  9.973344162085018070e+02
568 11361 6.667313e-01 2.723458e+01  9.925517057534290188e+02  9.952694958779977696e+02  9.965996076643741617e+02  9.971241726120402973e+02
569 11381 6.716219e-01 2.722530e+01  9.925517057534290188e+02  9.955000000000000000e+02  9.967661197852962687e+02  9.973149822311403341e+02
570 11401 6.769438e-01 2.722844e+01  9.925517057534290188e+02  9.952663446982932101e+02  9.966749969154461724e+02  9.972873387617703429e+02
571 11421 6.807244e-01 2.724653e+01  9.925517057534290188e+02  9.961741774260658531e+02  9.968978089002625893e+02  9.973324873956008787e+02
572 11441 6.798041e-01 2.724930e+01  9.925517057534290188e+02  9.956381309676884257e+02  9.967303197135488517e+02  9.971505446025208812e+02
573 11461 6.776479e-01 2.724787e+01  9.925517057534290188e+02  9.952150252266897041e+02  9.967230195932068000e+02  9.972085962962963777e+02
574 11481 6.766267e-01 2.725087e+01  9.925517057534290188e+02  9.959836378498777094e+02  9.967394396289812448e+02  9.972500000000000000e+02
575 11501 6.759550e-01 2.725473e+01  9.925517057534290188e+02  9.954388367446597385e+02  9.967623572282192299e+02  9.971410172983370330e+02
576 11521 6.773638e-01 2.726144e+01  9.925517057534290188e+02  9.961816722398056072e+02  9.969114684248503409e+02  9.976991701136532811e+02
577 11541 6.780542e-01 2.727772e+01  9.925517057534290188e+02  9.958584171591683116e+02  9.967268073214718243e+02  9.972907180382476326e+02
578 11561 6.787821e-01 2.728758e+01  9.925517057534290188e+02  9.949866450647729152e+02  9.967541051144577295e+02  9.974110450606427776e+02
579 11581 6.804505e-01 2.730427e+01  9.925517057534290188e+02  9.955082109649795257e+02  9.968599517871018634e+02  9.975873268220595946e+02
580 11601 6.809103e-01 2.731744e+01  9.925517057534290188e+02  9.964500000000000455e+02  9.968956687126324141e+02  9.979131245440319162e+02
581 11621 6.840091e-01 2.732735e+01  9.925517057534290188e+02  9.961968527640730144e+02  9.969431824153883781e+02  9.999899650939173625e+02
582 11641 6.856194e-01 2.733379e+01  9.925517057534290188e+02  9.959500000000000455e+02  9.968384231889173179e+02  9.979928749426578634e+02
583 11661 6.861216e-01 2.732503e+01  9.925517057534290188e+02  9.956063643524140616e+02  9.968618327629512805e+02  9.980839317442640777e+02
584 11681 6.839687e-01 2.733947e+01  9.925517057534290188e+02  9.952721748446210768e+02  9.965738701066183012e+02  9.999917471989365367e+02
585 11701 6.842285e-01 2.735846e+01  9.925517057534290188e+02  9.958461960924100822e+02  9.965643518263910892e+02  9.972200000000000273e+02
586 11721 6.833533e-01 2.736992e+01  9.925517057534290188e+02  9.957515136759542429e+02  9.967307100111117961e+02  9.981838006218794135e+02
587 11741 6.812189e-01 2.738701e+01  9.925517057534290188e+02  9.960800000000000409e+02  9.967906729640319554e+02  9.999877232704046719e+02
588 11761 6.780606e-01 2.740051e+01  9.925517057534290188e+02  9.962300000000000182e+02  9.969458578296398628e+02  9.972107423153256605e+02
589 11781 6.709006e-01 2.741357e+01  9.925517057534290188e+02  9.957739050434463479e+02  9.967662463847082108e+02  9.976989748348277089e+02
590 11801 6.678401e-01 2.742362e+01  9.925517057534290188e+02  9.958279370525840477e+02  9.968052537603584824e+02  9.973359344161251556e+02
591 11821 6.666109e-01 2.744117e+01  9.925517057534290188e+02  9.957628220478152343e+02  9.968846319604641621e+02  9.979303221607345904e+02
592 11841 6.653708e-01 2.746553e+01  9.925517057534290188e+02  9.953711635107239317e+02  9.965749888980285505e+02  9.974299999999999500e+02
593 11861 6.650653e-01 2.747677e+01  9.925517057534290188e+02  9.947902011633868824e+02  9.966107223089784384e+02  9.979980973863174540e+02
594 11881 6.635816e-01 2.747437e+01  9.925517057534290188e+02  9.959736474388216720e+02  9.965972109256008480e+02  9.975047602704298697e+02
595 11901 6.617738e-01 2.747946e+01  9.925517057534290188e+02  9.945032463049899434e+02  9.968915564486940184e+02  9.972992404170213376e+02
596 11921 6.610520e-01 2.748389e+01  9.925517057534290188e+02  9.950610852160014019e+02  9.966382455313041646e+02  9.971136084638505963e+02
597 11941 6.579926e-01 2.749426e+01  9.925517057534290188e+02  9.958700000000000045e+02  9.967443891381635694e+02  9.999888779105459662e+02
598 11961 6.549735e-01 2.750312e+01  9.925517057534290188e+02  9.960518744400649211e+02  9.968562792713150884e+02  9.971546685717297578e+02
599 11981 6.520857e-01 2.750102e+01  9.925517057534290188e+02  9.948334125336228908e+02  9.966983363020331126e+02  9.970448572054240230e+02
600 12001 6.534716e-01 2.750388e+01  9.925517057534290188e+02  9.958999999999999773e+02  9.968057672746722346e+02  9.973491902323610248e+02
