%  columns="iteration, evaluation, sigma, axis ratio, bestever, best, median, worst fitness function value, further objective values of best" (startseed=214772, 2017/09/7 23:44:47.73)
1 21 1.071616e+00 2.240807e+01  1.593872272797404621e+00  9.968926632631403209e+02  1.000321071877493523e+04  1.000406818615089287e+04
2 41 1.035003e+00 2.242542e+01  1.593872272797404621e+00  9.963302914680477897e+02  1.000000000000000000e+04  1.000369713826901716e+04
3 61 1.006591e+00 2.244400e+01  1.593872272797404621e+00  9.928324363970249351e+02  5.499189763638147269e+03  1.000374149324806240e+04
4 81 9.832956e-01 2.245175e+01  1.593872272797404621e+00  9.813873377061548808e+02  1.000000000000000000e+04  1.000423075308225634e+04
5 101 9.618367e-01 2.246061e+01  1.593872272797404621e+00  9.936235403065445553e+02  5.499067708368248532e+03  1.000337963958723594e+04
6 121 9.447701e-01 2.246785e+01  1.593872272797404621e+00  9.939023345868600927e+02  1.000000000000000000e+04  1.000344485682340201e+04
7 141 9.291995e-01 2.247207e+01  1.593872272797404621e+00  9.918797583743888708e+02  9.977601384400088591e+02  1.000325000537795495e+04
8 161 9.166896e-01 2.247740e+01  1.593872272797404621e+00  9.894354980369777195e+02  9.980882697825724108e+02  1.000313627229553276e+04
9 181 9.058417e-01 2.248064e+01  1.593872272797404621e+00  9.881741300999152600e+02  9.974647515443271004e+02  1.000305217015422750e+04
10 201 8.954700e-01 2.249067e+01  1.593872272797404621e+00  1.056935500484902235e+02  9.974021165988499433e+02  1.000324723788937263e+04
11 221 8.884312e-01 2.249013e+01  1.593872272797404621e+00  9.898436995674651371e+02  5.499219205618207525e+03  1.000328444251461588e+04
12 241 8.845426e-01 2.250128e+01  1.593872272797404621e+00  9.813848988773755764e+02  9.972612840063605972e+02  1.000339436682188534e+04
13 261 8.791404e-01 2.250630e+01  1.593872272797404621e+00  9.814465638037924009e+02  9.973409040694324403e+02  1.000329424848662893e+04
14 281 8.747298e-01 2.251305e+01  1.593872272797404621e+00  9.874744971099408986e+02  9.966065520767143653e+02  1.000309500324166765e+04
15 301 8.690931e-01 2.252040e+01  1.593872272797404621e+00  1.057343165572251422e+02  9.962960512692307020e+02  1.000000000000000000e+04
16 321 8.670092e-01 2.252942e+01  1.593872272797404621e+00  2.039497859046052852e+00  9.986423142359901703e+02  1.000317077889575557e+04
17 341 8.643211e-01 2.253016e+01  1.593872272797404621e+00  9.936613775131226021e+02  1.000000000000000000e+04  1.000311132361258024e+04
18 361 8.641755e-01 2.253257e+01  1.593872272797404621e+00  9.797402380812388856e+02  1.000000000000000000e+04  1.000344094173993835e+04
19 381 8.620514e-01 2.253166e+01  1.593872272797404621e+00  9.912362230334639435e+02  9.971690092334720248e+02  1.000318727264457812e+04
20 401 8.613612e-01 2.253412e+01  1.593872272797404621e+00  9.901082625449878378e+02  9.962187214128066444e+02  1.000309696797524884e+04
21 421 8.604509e-01 2.254375e+01  1.593872272797404621e+00  9.929669667586503010e+02  1.000000000000000000e+04  1.000403316120018098e+04
22 441 8.586769e-01 2.254909e+01  1.593872272797404621e+00  9.909644876735120533e+02  1.000301005972502753e+04  1.000386249073335239e+04
23 461 8.553791e-01 2.255219e+01  1.593872272797404621e+00  9.904601970826413435e+02  9.984936492080812513e+02  1.000325704528725510e+04
24 481 8.498925e-01 2.255335e+01  1.593872272797404621e+00  9.823802236486804986e+02  9.963104150270180526e+02  1.000316442236913463e+04
25 501 8.428521e-01 2.256179e+01  1.593872272797404621e+00  9.827751850035429015e+02  9.970166034732035314e+02  1.000312890114298898e+04
26 521 8.378875e-01 2.256012e+01  1.593872272797404621e+00  1.379917808952224618e+02  9.965317453274053605e+02  1.000316380110350838e+04
27 541 8.296857e-01 2.257327e+01  1.593872272797404621e+00  9.912078567656943733e+02  9.975669212031345978e+02  1.000636253925313758e+04
28 561 8.269600e-01 2.257770e+01  1.593872272797404621e+00  1.580077783718539877e+02  9.973115812676405767e+02  1.000331096675293520e+04
29 581 8.289475e-01 2.258745e+01  1.593872272797404621e+00  2.168321012413998439e+00  9.971616324216845442e+02  1.000626169439522346e+04
30 601 8.309943e-01 2.259887e+01  1.593872272797404621e+00  1.051379366522184853e+02  9.963151272846417896e+02  1.000314231248718534e+04
31 621 8.297761e-01 2.259964e+01  1.593872272797404621e+00  1.097523922786277666e+02  9.968719566664169633e+02  1.000370835102072488e+04
32 641 8.283397e-01 2.261586e+01  1.593872272797404621e+00  9.874472287746671100e+02  9.967069171995879060e+02  1.000335832328610923e+04
33 661 8.278977e-01 2.262168e+01  1.593872272797404621e+00  1.080804584685108125e+02  9.965404192757736155e+02  1.000347296587484198e+04
34 681 8.266101e-01 2.263048e+01  1.593872272797404621e+00  1.086868634625329548e+02  1.000000000000000000e+04  1.000350341251302052e+04
35 701 8.226294e-01 2.263395e+01  1.593872272797404621e+00  2.149024919099297382e+00  9.984428015328689980e+02  1.000673491206103427e+04
36 721 8.149029e-01 2.263050e+01  1.593872272797404621e+00  1.036644475225934059e+02  5.500795633597058441e+03  1.000376622164473338e+04
37 741 8.116971e-01 2.264189e+01  1.593872272797404621e+00  2.717383337966140289e+00  9.958573537895003938e+02  1.000402475162080918e+04
38 761 8.092958e-01 2.264799e+01  1.593872272797404621e+00  9.850428137199987759e+02  9.966205055967859607e+02  1.000361161806625751e+04
39 781 8.098338e-01 2.265260e+01  1.593872272797404621e+00  1.074221088490992742e+02  9.962179540663204307e+02  1.000318597549411606e+04
40 801 8.135143e-01 2.266329e+01  1.593872272797404621e+00  9.866402606981637291e+02  9.941258621498910770e+02  1.000327741206541396e+04
41 821 8.152719e-01 2.267212e+01  1.593872272797404621e+00  9.853958005045623167e+02  1.000308035484365973e+04  1.000344886908977423e+04
42 841 8.174250e-01 2.268555e+01  1.593872272797404621e+00  1.154347739529439565e+02  9.954495457371403973e+02  1.000345123800197143e+04
43 861 8.195451e-01 2.269656e+01  1.593872272797404621e+00  2.653285454086771189e+00  9.936521603159746974e+02  1.000344360667049295e+04
44 881 8.184830e-01 2.270051e+01  1.593872272797404621e+00  9.798831670923993897e+02  5.499312355636732718e+03  1.000356849167109613e+04
45 901 8.163803e-01 2.270052e+01  1.593872272797404621e+00  9.851423505236291476e+02  9.954811274353221506e+02  1.000341151201665343e+04
46 921 8.137194e-01 2.270781e+01  1.593872272797404621e+00  9.796950800236122632e+02  9.975990344467265913e+02  1.000657923471382674e+04
47 941 8.071762e-01 2.271743e+01  1.593872272797404621e+00  9.846261688309922420e+02  9.954958888241869772e+02  1.000332551581205735e+04
48 961 8.021738e-01 2.272240e+01  1.593872272797404621e+00  9.800286528807289415e+02  5.500148274549135749e+03  1.000352338053700259e+04
49 981 7.964143e-01 2.272599e+01  1.593872272797404621e+00  1.039643231836640354e+02  9.945623034943885159e+02  1.000338055951106253e+04
50 1001 7.880970e-01 2.273698e+01  1.593872272797404621e+00  1.204105741981604609e+02  9.951031800538596599e+02  1.000324071583976547e+04
51 1021 7.793462e-01 2.274258e+01  1.593872272797404621e+00  1.896663255836759543e+00  9.959066072617165446e+02  1.000324183802470179e+04
52 1041 7.685752e-01 2.275494e+01  1.593872272797404621e+00  1.039923523311937856e+02  9.944138377652586769e+02  1.000344685640906209e+04
53 1061 7.598889e-01 2.276239e+01  1.593872272797404621e+00  2.980946960793972256e+00  9.960663559859699490e+02  1.000331954304826832e+04
54 1081 7.559181e-01 2.277205e+01  1.593872272797404621e+00  1.088333704089201461e+02  9.941199172649482989e+02  1.000324124807532098e+04
55 1101 7.510210e-01 2.278077e+01  1.593872272797404621e+00  1.090195734982424085e+02  9.919610858039958430e+02  1.000314869727041696e+04
56 1121 7.487214e-01 2.278384e+01  1.593872272797404621e+00  1.035895906033745746e+02  9.981906592175256492e+02  1.000323428671351940e+04
57 1141 7.446737e-01 2.279128e+01  1.593872272797404621e+00  2.735090624980866636e+00  9.968158313716230623e+02  1.000318715320161209e+04
58 1161 7.386408e-01 2.279703e+01  1.593872272797404621e+00  1.052357494479249596e+02  9.977569634372100609e+02  1.000315284163964498e+04
59 1181 7.345905e-01 2.279382e+01  1.593872272797404621e+00  2.908190134569848873e+00  9.949203593894528694e+02  1.000322053887215407e+04
60 1201 7.309758e-01 2.279475e+01  1.593872272797404621e+00  1.066505050428881987e+02  9.962929796658455643e+02  1.000327145258506425e+04
61 1221 7.282801e-01 2.279829e+01  1.593872272797404621e+00  9.899472548738973501e+02  9.980940615745378182e+02  1.000338490059663491e+04
62 1241 7.243876e-01 2.279881e+01  1.593872272797404621e+00  1.042653660125922386e+02  9.941010187482239644e+02  1.000638151111271873e+04
63 1261 7.176608e-01 2.280822e+01  1.593872272797404621e+00  2.877370125917727783e+00  9.898307540440296179e+02  1.000322394734187765e+04
64 1281 7.116094e-01 2.281815e+01  1.593872272797404621e+00  2.398245313731727446e+00  9.936229425222720693e+02  1.000316970292881160e+04
65 1301 7.025107e-01 2.280919e+01  1.593872272797404621e+00  2.064172243387152328e+00  9.899917590370774860e+02  1.000325298128887698e+04
66 1321 6.915640e-01 2.281936e+01  1.593872272797404621e+00  2.224845485909471066e+00  9.791727261747300872e+02  1.000317637104170353e+04
67 1341 6.832201e-01 2.282820e+01  1.593872272797404621e+00  1.105961507880704460e+02  1.000302286546140022e+04  1.000317433539213926e+04
68 1361 6.704141e-01 2.282837e+01  1.593872272797404621e+00  2.558130463966501011e+00  9.918274818239272008e+02  1.000670779759723519e+04
69 1381 6.603157e-01 2.282320e+01  1.593872272797404621e+00  2.237710719514916846e+00  9.871381916026720091e+02  1.000313349590566577e+04
70 1401 6.533545e-01 2.282484e+01  1.593872272797404621e+00  1.951620908573119983e+00  9.848046144100210313e+02  1.000316511860131141e+04
71 1421 6.485184e-01 2.283472e+01  1.593872272797404621e+00  1.051763088607976186e+02  9.946016793273388430e+02  1.000318633149427660e+04
72 1441 6.452693e-01 2.284143e+01  1.593872272797404621e+00  1.048791846181387086e+02  9.928014068783095354e+02  1.000311466419978024e+04
73 1461 6.402207e-01 2.283943e+01  1.593872272797404621e+00  2.981945574427293355e+00  9.921306861804688424e+02  1.000308544011352387e+04
74 1481 6.354895e-01 2.284187e+01  1.593872272797404621e+00  2.351813857238735039e+00  9.842727721566413948e+02  1.000324439469814570e+04
75 1501 6.309367e-01 2.285621e+01  1.593872272797404621e+00  1.848565085876740621e+00  9.951904163364583837e+02  1.000320772030177613e+04
76 1521 6.282917e-01 2.285500e+01  1.593872272797404621e+00  2.445199234271168365e+00  9.945684421790133456e+02  1.000306436159545956e+04
77 1541 6.279860e-01 2.286010e+01  1.593872272797404621e+00  2.810906846178155227e+00  9.855116496490659301e+02  1.000328963758157624e+04
78 1561 6.255422e-01 2.287325e+01  1.593872272797404621e+00  2.810577676537669767e+00  5.535284912957091592e+02  1.000320539467242816e+04
79 1581 6.225522e-01 2.287790e+01  1.593872272797404621e+00  2.307463587217902123e+00  5.480702525509843781e+02  1.000328192623804171e+04
80 1601 6.224554e-01 2.288353e+01  1.593872272797404621e+00  1.036193852749229052e+02  9.848793669333829257e+02  1.000302528680332944e+04
81 1621 6.222734e-01 2.288661e+01  1.593872272797404621e+00  2.322432379173684502e+00  9.878980043094709345e+02  1.000312690799230404e+04
82 1641 6.184851e-01 2.289718e+01  1.593872272797404621e+00  2.420429873013097755e+00  1.148789548386076547e+02  1.000322305235125896e+04
83 1661 6.140371e-01 2.289687e+01  1.593872272797404621e+00  2.562162050181197692e+00  9.906674177215464852e+02  1.000304485120116442e+04
84 1681 6.066669e-01 2.289957e+01  1.593872272797404621e+00  2.445949139050387799e+00  5.538183396120905400e+02  1.000313375911509320e+04
85 1701 5.985485e-01 2.291612e+01  1.593872272797404621e+00  2.264587937282798169e+00  1.071725851072501428e+02  1.000301186856566710e+04
86 1721 5.924178e-01 2.292094e+01  1.593872272797404621e+00  2.679518260000020469e+00  9.829271473253345448e+02  1.000313710144476499e+04
87 1741 5.885095e-01 2.293172e+01  1.593872272797404621e+00  2.350968173006496187e+00  9.918046376669187794e+02  1.000310333589624315e+04
88 1761 5.840369e-01 2.293220e+01  1.593872272797404621e+00  2.295950896888645953e+00  9.864904129347798971e+02  1.000309844715108193e+04
89 1781 5.820427e-01 2.293560e+01  1.593872272797404621e+00  1.042035058881798335e+02  9.911676814249492509e+02  1.000330214111926216e+04
90 1801 5.799614e-01 2.292596e+01  1.593872272797404621e+00  2.163001283294440746e+00  9.863375374124050268e+02  1.000303485275576713e+04
91 1821 5.782646e-01 2.292719e+01  1.593872272797404621e+00  2.286782735702869829e+00  9.830468209837977156e+02  1.000309774421368820e+04
92 1841 5.753070e-01 2.293608e+01  1.593872272797404621e+00  2.628577636153718977e+00  9.930744297032032364e+02  1.000307108084407810e+04
93 1861 5.722329e-01 2.293605e+01  1.593872272797404621e+00  1.035243022313308074e+02  9.914060527554960345e+02  1.000317943263481720e+04
94 1881 5.716293e-01 2.293516e+01  1.593872272797404621e+00  2.626947797672452900e+00  9.870940262918927601e+02  1.000319469840108468e+04
95 1901 5.703040e-01 2.293212e+01  1.593872272797404621e+00  2.346341274170996805e+00  1.064780499545917536e+02  1.000305040186553560e+04
96 1921 5.671560e-01 2.293082e+01  1.593872272797404621e+00  1.032512035022899965e+02  5.565491748570904065e+02  1.000311538555143852e+04
97 1941 5.624655e-01 2.294701e+01  1.593872272797404621e+00  2.214397204004663777e+00  9.888646460293699647e+02  1.000312406779551202e+04
98 1961 5.596440e-01 2.295022e+01  1.593872272797404621e+00  2.542851670470957615e+00  1.093886485818926246e+02  1.000311274822129599e+04
99 1981 5.552763e-01 2.295709e+01  1.593872272797404621e+00  2.475419082553714567e+00  9.931290415775170004e+02  9.984986617805029709e+02
100 2001 5.518419e-01 2.295658e+01  1.593872272797404621e+00  2.534691631424407010e+00  9.903981081886209950e+02  1.000306091542890317e+04
101 2021 5.490998e-01 2.296194e+01  1.593872272797404621e+00  2.778564407081550058e+00  9.929289230125094718e+02  1.000310075500381936e+04
102 2041 5.446739e-01 2.295800e+01  1.593872272797404621e+00  2.995324679360011899e+00  9.919510568978906804e+02  1.000309856103303355e+04
103 2061 5.415348e-01 2.296270e+01  1.593872272797404621e+00  2.621040745066536282e+00  9.910848568578990125e+02  1.000305597724902509e+04
104 2081 5.383746e-01 2.296253e+01  1.593872272797404621e+00  1.030353532804013525e+02  5.565660000069366333e+02  1.000300301409519125e+04
105 2101 5.355199e-01 2.296553e+01  1.593872272797404621e+00  2.746562798562078633e+00  9.946710600390214267e+02  1.000649709188478482e+04
106 2121 5.297050e-01 2.297006e+01  1.593872272797404621e+00  2.981962648083734013e+00  5.572250589811771988e+02  1.000325147536130316e+04
107 2141 5.257399e-01 2.297109e+01  1.593872272797404621e+00  2.525147698186497092e+00  1.210229982332368053e+02  1.000328170705815319e+04
108 2161 5.215383e-01 2.297638e+01  1.593872272797404621e+00  2.793456258510241597e+00  9.851846906984987982e+02  1.000307598688629878e+04
109 2181 5.179654e-01 2.298200e+01  1.593872272797404621e+00  2.644646710895329988e+00  1.062070822627929374e+02  1.000325696526406500e+04
110 2201 5.139101e-01 2.298614e+01  1.593872272797404621e+00  2.949283141944327724e+00  1.087003708525045198e+02  1.000315566188912999e+04
111 2221 5.098820e-01 2.298913e+01  1.593872272797404621e+00  2.164805408239963036e+00  5.468675347427590623e+02  1.000300750069531932e+04
112 2241 5.061751e-01 2.300004e+01  1.593872272797404621e+00  2.342348395154549401e+00  9.823608054380483736e+02  1.000310075855078685e+04
113 2261 5.011692e-01 2.300758e+01  1.593872272797404621e+00  2.587000029099193910e+00  5.520624025246994506e+02  1.000333370491479582e+04
114 2281 4.969754e-01 2.300805e+01  1.593872272797404621e+00  2.514279492025960572e+00  5.480905811015014706e+02  1.000315204964434270e+04
115 2301 4.923992e-01 2.302143e+01  1.593872272797404621e+00  2.775306140869999716e+00  9.829528149298361086e+02  1.000319408355206360e+04
116 2321 4.849739e-01 2.303414e+01  1.593872272797404621e+00  2.436194255640120598e+00  5.496419127115037554e+03  1.000313798947301439e+04
117 2341 4.794890e-01 2.303727e+01  1.593872272797404621e+00  2.282782592742677252e+00  1.090709417323976425e+02  1.000308894057556245e+04
118 2361 4.743410e-01 2.304125e+01  1.593872272797404621e+00  3.463724998432605062e+00  1.161208870260122694e+02  1.000329696605254321e+04
119 2381 4.697881e-01 2.304446e+01  1.593872272797404621e+00  2.780501992023488356e+00  9.842723918651704480e+02  1.000328088701612614e+04
120 2401 4.656220e-01 2.305318e+01  1.593872272797404621e+00  2.548975746551797261e+00  1.065435663343578483e+02  1.000315299293317912e+04
121 2421 4.640198e-01 2.305894e+01  1.593872272797404621e+00  2.598214503248700513e+00  1.088300948770656476e+02  1.000304600370630396e+04
122 2441 4.590727e-01 2.306204e+01  1.593872272797404621e+00  2.482968826102135207e+00  5.553480053235758760e+02  1.000335536726748978e+04
123 2461 4.551674e-01 2.306252e+01  1.593872272797404621e+00  2.590720452483174174e+00  1.086070696501824955e+02  1.000305982410118122e+04
124 2481 4.504968e-01 2.306418e+01  1.593872272797404621e+00  2.588659220837056019e+00  5.551294416402765819e+02  1.000300747952217898e+04
125 2501 4.454790e-01 2.307915e+01  1.593872272797404621e+00  2.363390536808445574e+00  9.783008115995249909e+02  1.000300446121771347e+04
126 2521 4.404847e-01 2.309462e+01  1.593872272797404621e+00  2.272398995053497295e+00  5.578169984357504063e+02  1.000318590939242131e+04
127 2541 4.352081e-01 2.309748e+01  1.593872272797404621e+00  2.067797543603600907e+00  9.950919656046793307e+02  1.000327041075577472e+04
128 2561 4.307558e-01 2.310465e+01  1.593872272797404621e+00  1.839164433178431590e+00  9.901721668792703213e+02  1.000314308552683542e+04
129 2581 4.265257e-01 2.310993e+01  1.593872272797404621e+00  2.308279344554366119e+00  5.466716408718878029e+02  1.000646679418836902e+04
130 2601 4.237938e-01 2.313003e+01  1.593872272797404621e+00  2.824635161639863057e+00  9.892561507461639394e+02  1.000308491724762825e+04
131 2621 4.233096e-01 2.313638e+01  1.593872272797404621e+00  2.218581451492422030e+00  1.063616831141749230e+02  1.000309680889875563e+04
132 2641 4.242414e-01 2.313352e+01  1.593872272797404621e+00  2.412242690193293626e+00  9.936377254892558994e+02  1.000314546259608869e+04
133 2661 4.245003e-01 2.313960e+01  1.593872272797404621e+00  2.377370201589874554e+00  5.527017988571215028e+02  1.000305704612856243e+04
134 2681 4.249434e-01 2.314940e+01  1.593872272797404621e+00  2.646176744378179180e+00  9.929648422916809523e+02  1.000311787100108450e+04
135 2701 4.252238e-01 2.315330e+01  1.593872272797404621e+00  2.506124232358096116e+00  5.475390517537994128e+02  1.000306986046807833e+04
136 2721 4.247458e-01 2.315668e+01  1.593872272797404621e+00  2.405115778730086085e+00  1.050100314978278391e+02  1.000301015280672436e+04
137 2741 4.252287e-01 2.315562e+01  1.593872272797404621e+00  2.355989620392674233e+00  9.857442831018074685e+02  1.000300035690619734e+04
138 2761 4.260982e-01 2.315587e+01  1.593872272797404621e+00  2.291945825773080259e+00  1.077575698883820650e+02  1.000300989802250115e+04
139 2781 4.240800e-01 2.315660e+01  1.593872272797404621e+00  2.194948607682902342e+00  1.051355050455433826e+02  1.000300275770011467e+04
140 2801 4.220739e-01 2.315645e+01  1.593872272797404621e+00  2.264932795312003755e+00  1.051899797755650212e+02  1.000306559196482704e+04
141 2821 4.197299e-01 2.316974e+01  1.593872272797404621e+00  2.343259893994137588e+00  1.137087090831355880e+02  1.000305649795221325e+04
142 2841 4.183153e-01 2.316884e+01  1.593872272797404621e+00  2.307124443426910254e+00  1.051251685011110766e+02  1.000302928884080575e+04
143 2861 4.169750e-01 2.316844e+01  1.593872272797404621e+00  2.323911612123120918e+00  5.433451239848934620e+02  1.000303334749018904e+04
144 2881 4.133446e-01 2.317519e+01  1.593872272797404621e+00  2.239171344195074465e+00  5.568411379180956828e+02  1.000000000000000000e+04
145 2901 4.102270e-01 2.317551e+01  1.593872272797404621e+00  2.269448786130475959e+00  1.156854968606157144e+02  1.000306838573690402e+04
146 2921 4.069911e-01 2.318377e+01  1.593872272797404621e+00  2.168589472634221860e+00  1.037631070896262031e+02  1.000307948663416028e+04
147 2941 4.041361e-01 2.319486e+01  1.593872272797404621e+00  1.841610310791876648e+00  1.165707914303145571e+02  1.000301852963177225e+04
148 2961 4.009374e-01 2.319920e+01  1.593872272797404621e+00  2.179051406192270779e+00  1.119979086027309876e+02  1.000300021796719375e+04
149 2981 3.977966e-01 2.320252e+01  1.593872272797404621e+00  1.793510504610904555e+00  9.840375749876634472e+02  1.000304610854042949e+04
150 3001 3.936217e-01 2.321057e+01  1.593872272797404621e+00  2.536311167513800591e+00  1.368857824388775839e+02  1.000304650548088648e+04
151 3021 3.900614e-01 2.321715e+01  1.593872272797404621e+00  2.358792150529960274e+00  1.111804255540796476e+02  1.000643750176059621e+04
152 3041 3.860025e-01 2.320752e+01  1.593872272797404621e+00  1.856264885266341702e+00  1.212074744384944296e+02  1.000000000000000000e+04
153 3061 3.838789e-01 2.321212e+01  1.593872272797404621e+00  2.415370804760140544e+00  1.055461674726300885e+02  9.842258750272458201e+02
154 3081 3.798997e-01 2.322047e+01  1.593872272797404621e+00  2.431572522408164794e+00  1.055141911734342983e+02  1.000305147689394835e+04
155 3101 3.761366e-01 2.322337e+01  1.593872272797404621e+00  2.238952322637310033e+00  1.039332782401626503e+02  1.000305580151248068e+04
156 3121 3.742494e-01 2.323064e+01  1.593872272797404621e+00  2.231689223247637521e+00  1.040583932863411292e+02  1.000314988619820724e+04
157 3141 3.734185e-01 2.324943e+01  1.593872272797404621e+00  2.127788159592164163e+00  1.039669203835775448e+02  1.000308823409146680e+04
158 3161 3.714666e-01 2.325236e+01  1.593872272797404621e+00  2.077279956127689786e+00  1.039244188874262989e+02  1.000000000000000000e+04
159 3181 3.688406e-01 2.325608e+01  1.593872272797404621e+00  2.008972200319450341e+00  1.033650044878079086e+02  1.000000000000000000e+04
160 3201 3.667251e-01 2.326832e+01  1.593872272797404621e+00  2.133602859976981847e+00  1.039028204870836589e+02  1.000308878865603947e+04
161 3221 3.645021e-01 2.326669e+01  1.593872272797404621e+00  1.941144952887850827e+00  1.213361295239432991e+02  1.000650221267333836e+04
162 3241 3.619759e-01 2.326509e+01  1.593872272797404621e+00  1.900209559067701282e+00  1.271919429820654273e+02  1.000303404230755586e+04
163 3261 3.607950e-01 2.326724e+01  1.593872272797404621e+00  1.948520929908898136e+00  1.169915162586118953e+02  1.000307994066953142e+04
164 3281 3.596728e-01 2.326491e+01  1.593872272797404621e+00  1.920567344264675347e+00  1.039046862670131475e+02  1.000307017073283532e+04
165 3301 3.561645e-01 2.327023e+01  1.593872272797404621e+00  1.913252855711969014e+00  1.053091736775177338e+02  1.000000000000000000e+04
166 3321 3.534505e-01 2.327875e+01  1.593872272797404621e+00  1.810968398826972470e+00  5.299856893376506406e+01  1.000300545971232168e+04
167 3341 3.518118e-01 2.327690e+01  1.593872272797404621e+00  1.971914464902530417e+00  5.352540207921236259e+01  1.000302517090243964e+04
168 3361 3.518391e-01 2.328625e+01  1.593872272797404621e+00  1.921828530590987238e+00  1.037253417735483083e+02  1.000303622654532228e+04
169 3381 3.515303e-01 2.327989e+01  1.593872272797404621e+00  2.058514771692430578e+00  1.000300882640356940e+04  1.000307871326638269e+04
170 3401 3.507048e-01 2.328227e+01  1.593872272797404621e+00  1.734367488115853950e+00  2.972759411752593728e+00  1.000667805598431733e+04
171 3421 3.468224e-01 2.329112e+01  1.593872272797404621e+00  1.784729356112547238e+00  1.048912467950620737e+02  1.000304958546116177e+04
172 3441 3.430323e-01 2.329008e+01  1.593872272797404621e+00  1.814780417030399606e+00  1.038992827475917409e+02  1.000302450300731289e+04
173 3461 3.402880e-01 2.329339e+01  1.593872272797404621e+00  1.737160275967612799e+00  1.038524566142290837e+02  1.000302426623080100e+04
174 3481 3.382394e-01 2.328804e+01  1.593872272797404621e+00  1.754943499672471985e+00  2.767856268223158445e+00  1.000303386831003627e+04
175 3501 3.365856e-01 2.329195e+01  1.593872272797404621e+00  1.878472176001434457e+00  1.076925164066611273e+02  1.000302775252518950e+04
176 3521 3.341810e-01 2.328290e+01  1.593872272797404621e+00  1.744989784061037108e+00  2.602411483421162686e+00  1.000303267984520608e+04
177 3541 3.307613e-01 2.328786e+01  1.593872272797404621e+00  1.832721877036206815e+00  1.087108921998940900e+02  1.000306330836981579e+04
178 3561 3.291384e-01 2.328915e+01  1.593872272797404621e+00  1.769761133643480644e+00  2.638492197896572300e+00  9.931223759545426901e+02
179 3581 3.279329e-01 2.329427e+01  1.593872272797404621e+00  1.776475885138164790e+00  2.578936310902391504e+00  1.000656830351419558e+04
180 3601 3.280900e-01 2.330180e+01  1.593872272797404621e+00  1.735705267868252966e+00  2.634012075476639847e+00  9.941469805562047668e+02
181 3621 3.287526e-01 2.330938e+01  1.593872272797404621e+00  1.944125002356159593e+00  5.357805546929767360e+01  9.951746308222058133e+02
182 3641 3.298173e-01 2.331180e+01  1.593872272797404621e+00  1.899371432309655994e+00  1.053427824091054532e+02  1.000304779326141215e+04
183 3661 3.299454e-01 2.330851e+01  1.593872272797404621e+00  1.705956678619352518e+00  1.037868928683726324e+02  1.000301213731884854e+04
184 3681 3.323757e-01 2.330478e+01  1.593872272797404621e+00  1.857613596800703926e+00  5.433429515832311836e+02  1.000303711943837516e+04
185 3701 3.345274e-01 2.331969e+01  1.593872272797404621e+00  1.734551500278084912e+00  1.032972385431243936e+02  1.000303638433708147e+04
186 3721 3.377982e-01 2.333245e+01  1.593872272797404621e+00  1.983066088902054380e+00  1.101887111908387453e+02  1.000309228570995401e+04
187 3741 3.427809e-01 2.333420e+01  1.593872272797404621e+00  1.843899065751883670e+00  1.068409078643039720e+02  1.000307437185542767e+04
188 3761 3.472913e-01 2.333164e+01  1.593872272797404621e+00  1.973491523737021192e+00  1.039320358552199366e+02  1.000306460910116584e+04
189 3781 3.500563e-01 2.333111e+01  1.593872272797404621e+00  1.806866595082190274e+00  5.294842024990190765e+01  1.000303512375994978e+04
190 3801 3.489519e-01 2.333288e+01  1.593872272797404621e+00  1.889183619533358449e+00  5.435402642600755598e+02  1.000312599674155172e+04
191 3821 3.469297e-01 2.334366e+01  1.593872272797404621e+00  2.058024503461803878e+00  1.037040758462129588e+02  1.000000000000000000e+04
192 3841 3.438819e-01 2.334750e+01  1.593872272797404621e+00  1.974259296869379288e+00  1.045060305026709671e+02  9.960375358556183301e+02
193 3861 3.428940e-01 2.336779e+01  1.593872272797404621e+00  1.852400786033436386e+00  5.326055269144423931e+01  1.000300623897828882e+04
194 3881 3.421530e-01 2.338228e+01  1.593872272797404621e+00  1.855109136844617534e+00  1.064005988660933184e+02  1.000305528965147460e+04
195 3901 3.406871e-01 2.339297e+01  1.593872272797404621e+00  2.238047904128399157e+00  1.048622875118993534e+02  1.000306463630685539e+04
196 3921 3.411926e-01 2.339987e+01  1.593872272797404621e+00  2.091175560709140679e+00  1.053017859174333637e+02  1.000307683348851242e+04
197 3941 3.413145e-01 2.340473e+01  1.593872272797404621e+00  2.179813684766299442e+00  2.553478211124010411e+00  1.000304172402866789e+04
198 3961 3.403946e-01 2.340663e+01  1.593872272797404621e+00  2.110352213845803071e+00  1.031935792400427800e+02  1.000306443401818251e+04
199 3981 3.412995e-01 2.341405e+01  1.593872272797404621e+00  2.130193083821757760e+00  1.047515659510987547e+02  1.000302384060069016e+04
200 4001 3.400096e-01 2.342920e+01  1.593872272797404621e+00  2.209105937741969061e+00  1.479678610514758930e+02  1.000308548941171284e+04
201 4021 3.401344e-01 2.344303e+01  1.593872272797404621e+00  2.335589525888371654e+00  1.054449814097147424e+02  1.000301745756560376e+04
202 4041 3.405337e-01 2.344871e+01  1.593872272797404621e+00  2.100915993836902196e+00  1.064302977175934188e+02  1.000305083632635069e+04
203 4061 3.421540e-01 2.346670e+01  1.593872272797404621e+00  2.161751104665761147e+00  5.496749593843361481e+02  1.000307111860830810e+04
204 4081 3.446823e-01 2.348517e+01  1.593872272797404621e+00  2.093297790944561143e+00  1.066118496980035673e+02  1.000304906797001604e+04
205 4101 3.481012e-01 2.348802e+01  1.593872272797404621e+00  2.150418230733488478e+00  1.156835176789265063e+02  1.000305265042635983e+04
206 4121 3.504633e-01 2.349427e+01  1.593872272797404621e+00  2.341474283285153835e+00  1.043575516129126584e+02  1.000300395710912380e+04
207 4141 3.526956e-01 2.349724e+01  1.593872272797404621e+00  2.157139476418742596e+00  1.086993051758955886e+02  9.955045300525948733e+02
208 4161 3.542384e-01 2.350814e+01  1.593872272797404621e+00  1.843648550298393030e+00  1.248547156223990555e+02  1.000307786844032125e+04
209 4181 3.555895e-01 2.350802e+01  1.593872272797404621e+00  1.867538982199967279e+00  1.032948573312689717e+02  1.000301381783424222e+04
210 4201 3.570827e-01 2.351232e+01  1.593872272797404621e+00  2.082952616230185683e+00  5.318832589183546133e+01  1.000300796499129501e+04
211 4221 3.580740e-01 2.351644e+01  1.593872272797404621e+00  1.963720585828875764e+00  1.082712110215803847e+02  1.000664538436226758e+04
212 4241 3.581309e-01 2.351985e+01  1.593872272797404621e+00  2.136348301314879183e+00  1.058246735225575179e+02  1.000306590674970357e+04
213 4261 3.586160e-01 2.351472e+01  1.593872272797404621e+00  2.046323750005130115e+00  1.035098961078466573e+02  1.000309261977133428e+04
214 4281 3.581655e-01 2.352416e+01  1.593872272797404621e+00  1.848812445832014095e+00  1.062675412958544143e+02  1.000304164083043725e+04
215 4301 3.590608e-01 2.352816e+01  1.593872272797404621e+00  2.261393752042867522e+00  5.611486178153567153e+02  1.000300204155092979e+04
216 4321 3.593494e-01 2.353748e+01  1.593872272797404621e+00  2.130152710047569009e+00  1.104758849504249980e+02  1.000000000000000000e+04
217 4341 3.594304e-01 2.353501e+01  1.593872272797404621e+00  2.066186637746135979e+00  5.552853696228225999e+02  1.000305580741475387e+04
218 4361 3.603664e-01 2.354037e+01  1.593872272797404621e+00  2.057524044426727539e+00  1.067382040995895522e+02  1.000661814541266358e+04
219 4381 3.625516e-01 2.353667e+01  1.593872272797404621e+00  2.117257737137068219e+00  1.077230296142108870e+02  9.975655864370153267e+02
220 4401 3.645973e-01 2.353884e+01  1.593872272797404621e+00  2.052801303153712897e+00  1.039216990398889493e+02  1.000302005870168068e+04
221 4421 3.652500e-01 2.353311e+01  1.593872272797404621e+00  1.956396417757695794e+00  9.942042349717391971e+02  1.000307989894307138e+04
222 4441 3.666847e-01 2.353266e+01  1.593872272797404621e+00  2.160616399054034353e+00  1.047128236824140259e+02  1.000304486619211821e+04
223 4461 3.678014e-01 2.354451e+01  1.593872272797404621e+00  1.851818684675236248e+00  5.284837500622413131e+01  1.000303282987098282e+04
224 4481 3.694851e-01 2.355083e+01  1.593872272797404621e+00  2.022972652660110171e+00  1.141992633221926496e+02  1.000301902259165036e+04
225 4501 3.719235e-01 2.355076e+01  1.593872272797404621e+00  2.132854378158317576e+00  1.048550485996391615e+02  1.000000000000000000e+04
226 4521 3.726630e-01 2.354696e+01  1.593872272797404621e+00  2.165158615080951865e+00  1.040504769529936766e+02  1.000000000000000000e+04
227 4541 3.710500e-01 2.354487e+01  1.593872272797404621e+00  1.867880032387323919e+00  1.043860248050657162e+02  1.000303778147047706e+04
228 4561 3.682341e-01 2.355800e+01  1.593872272797404621e+00  2.127639362331191109e+00  1.049593446952324882e+02  1.000303586530706525e+04
229 4581 3.664093e-01 2.356550e+01  1.593872272797404621e+00  2.252963845299365886e+00  1.037616642036634573e+02  1.000303727455241642e+04
230 4601 3.647858e-01 2.357535e+01  1.593872272797404621e+00  2.178821879717228960e+00  1.040996525051455563e+02  1.000306109239629222e+04
231 4621 3.626704e-01 2.357626e+01  1.593872272797404621e+00  1.948873017492443127e+00  1.035777769124272965e+02  1.000304486267188804e+04
232 4641 3.611991e-01 2.358040e+01  1.593872272797404621e+00  2.021298719804715205e+00  1.037466484501015742e+02  1.000310138802963957e+04
233 4661 3.584208e-01 2.359249e+01  1.593872272797404621e+00  2.098310675694991190e+00  1.046112882177640699e+02  1.000311640820997491e+04
234 4681 3.576883e-01 2.360151e+01  1.593872272797404621e+00  1.860728103467597316e+00  1.041791542711273024e+02  1.000310893038605718e+04
235 4701 3.577134e-01 2.360175e+01  1.593872272797404621e+00  2.272235597428196918e+00  1.077085991086821508e+02  1.000315213596863214e+04
236 4721 3.601264e-01 2.360662e+01  1.593872272797404621e+00  1.960265527701606336e+00  2.735926311491974516e+00  1.000303136919265307e+04
237 4741 3.604827e-01 2.360757e+01  1.593872272797404621e+00  1.821583583265486306e+00  2.572651530962722699e+00  1.000302537981925343e+04
238 4761 3.614759e-01 2.361572e+01  1.593872272797404621e+00  2.150092000247179058e+00  1.034075336389477684e+02  1.000313035496632256e+04
239 4781 3.612634e-01 2.361824e+01  1.593872272797404621e+00  2.050482403899758221e+00  9.844140828391989544e+02  1.000302424432450243e+04
240 4801 3.609436e-01 2.362152e+01  1.593872272797404621e+00  2.025759094163857910e+00  9.824069384493831194e+02  1.000307848230199670e+04
241 4821 3.610230e-01 2.362120e+01  1.593872272797404621e+00  1.995541241296879820e+00  5.305169145574463130e+01  1.000303630018129297e+04
242 4841 3.609190e-01 2.362979e+01  1.593872272797404621e+00  1.858782998346631743e+00  1.058538020613896435e+02  1.000309558482999819e+04
243 4861 3.611189e-01 2.362994e+01  1.593872272797404621e+00  2.002751448248170529e+00  9.899745103797799857e+02  1.000305663461530457e+04
244 4881 3.602230e-01 2.362713e+01  1.593872272797404621e+00  1.968617788084382481e+00  5.449670331150941820e+02  1.000308122864163488e+04
245 4901 3.582367e-01 2.362531e+01  1.593872272797404621e+00  1.810438524163964003e+00  2.611556836887610089e+00  1.000301831562006737e+04
246 4921 3.573868e-01 2.363365e+01  1.593872272797404621e+00  1.835814836849107401e+00  1.053657657638729432e+02  1.000314077434242790e+04
247 4941 3.558393e-01 2.364046e+01  1.593872272797404621e+00  1.886756661031139037e+00  9.929740194482959623e+02  1.000312594979312234e+04
248 4961 3.541147e-01 2.363908e+01  1.593872272797404621e+00  1.857508302637280506e+00  9.909973849690625229e+02  1.000000000000000000e+04
249 4981 3.530194e-01 2.364207e+01  1.593872272797404621e+00  1.986241020870374241e+00  1.058259190727174115e+02  1.000311209321144634e+04
250 5001 3.521972e-01 2.364698e+01  1.593872272797404621e+00  2.010112766218049352e+00  9.933859733292996452e+02  1.000300422232577876e+04
251 5021 3.510063e-01 2.365076e+01  1.593872272797404621e+00  2.143957280009676225e+00  9.932302275335996455e+02  1.000309062615251969e+04
252 5041 3.506952e-01 2.365045e+01  1.593872272797404621e+00  2.386436343729572584e+00  9.922161206788356367e+02  1.000305564124614284e+04
253 5061 3.504443e-01 2.364666e+01  1.593872272797404621e+00  2.177893808826356636e+00  1.051880632526584805e+02  1.000317246731707564e+04
254 5081 3.486463e-01 2.364959e+01  1.593872272797404621e+00  2.266999001062204755e+00  5.386549678785966933e+01  1.000303451171781126e+04
255 5101 3.459812e-01 2.366119e+01  1.593872272797404621e+00  2.114715729779312881e+00  1.047259412438627919e+02  1.000309766221169411e+04
256 5121 3.442680e-01 2.367572e+01  1.593872272797404621e+00  1.974448057770233467e+00  1.041378618077013982e+02  1.000000000000000000e+04
257 5141 3.427639e-01 2.368811e+01  1.593872272797404621e+00  2.139238725246240591e+00  1.057548991489527168e+02  1.000300286139451055e+04
258 5161 3.405442e-01 2.368748e+01  1.593872272797404621e+00  2.254396646162308393e+00  1.137624470136030936e+02  1.000310414596326882e+04
259 5181 3.372832e-01 2.369841e+01  1.593872272797404621e+00  1.859307699655797785e+00  1.042687516797345353e+02  1.000311485313113917e+04
260 5201 3.353777e-01 2.370212e+01  1.593872272797404621e+00  2.242446419081441711e+00  9.915107916096869758e+02  1.000301345892182508e+04
261 5221 3.338747e-01 2.371136e+01  1.593872272797404621e+00  1.853041513836528154e+00  2.859314301602161379e+00  1.000304420856977777e+04
262 5241 3.340736e-01 2.371389e+01  1.593872272797404621e+00  1.820833458908186708e+00  2.484285258794362239e+00  1.000306783085499410e+04
263 5261 3.337584e-01 2.371987e+01  1.593872272797404621e+00  2.219798759885570405e+00  5.537211022637799260e+02  1.000310801676694246e+04
264 5281 3.340853e-01 2.372607e+01  1.593872272797404621e+00  2.045458061898653757e+00  5.364503412727459875e+01  1.000306107288072417e+04
265 5301 3.336091e-01 2.373074e+01  1.593872272797404621e+00  2.117699826559214404e+00  1.082585269705631390e+02  1.000306980772985844e+04
266 5321 3.342532e-01 2.374413e+01  1.593872272797404621e+00  2.090496631311558939e+00  2.645593930992338194e+00  1.000300815284687451e+04
267 5341 3.339269e-01 2.374869e+01  1.593872272797404621e+00  1.950722600993582523e+00  1.031800852254745848e+02  1.000302413915673242e+04
268 5361 3.338672e-01 2.375434e+01  1.593872272797404621e+00  1.858433263483068920e+00  2.453007845430119183e+00  1.000303880028324420e+04
269 5381 3.354799e-01 2.375349e+01  1.593872272797404621e+00  2.180224942045922987e+00  1.085141121200094290e+02  1.000302980472933450e+04
270 5401 3.383668e-01 2.376086e+01  1.593872272797404621e+00  1.809184280604905215e+00  9.944840370078952674e+02  1.000303726312418257e+04
271 5421 3.403612e-01 2.375775e+01  1.593872272797404621e+00  1.873809884195469344e+00  5.499764897237004334e+03  1.000313811470709152e+04
272 5441 3.427081e-01 2.376054e+01  1.593872272797404621e+00  2.053081272377254241e+00  1.048312151228077767e+02  1.000305203591788268e+04
273 5461 3.436257e-01 2.375923e+01  1.593872272797404621e+00  2.177736400324407740e+00  1.096566111316131042e+02  1.000306711082274524e+04
274 5481 3.442205e-01 2.376074e+01  1.593872272797404621e+00  1.950574406953897277e+00  2.723311374938475637e+00  1.000000000000000000e+04
275 5501 3.447950e-01 2.376059e+01  1.593872272797404621e+00  2.047539011970725742e+00  1.041569855778204214e+02  1.000308377046164969e+04
276 5521 3.456014e-01 2.377151e+01  1.593872272797404621e+00  1.952626173331049486e+00  1.032670276634338506e+02  1.000300342484053544e+04
277 5541 3.463993e-01 2.378436e+01  1.593872272797404621e+00  1.883932609329556973e+00  2.501338649421299465e+00  1.000309874060134098e+04
278 5561 3.476599e-01 2.378317e+01  1.593872272797404621e+00  1.837490523960206401e+00  2.427442449660795809e+00  1.000305392138293246e+04
279 5581 3.494711e-01 2.378184e+01  1.593872272797404621e+00  2.119543561164995982e+00  1.052150124746296882e+02  1.000312091745386715e+04
280 5601 3.507985e-01 2.378559e+01  1.593872272797404621e+00  2.100231295342766202e+00  1.059611525580024960e+02  1.000309126470035153e+04
281 5621 3.520213e-01 2.379159e+01  1.593872272797404621e+00  1.893629388080511289e+00  2.576231566739109358e+00  1.000303890126797342e+04
282 5641 3.538010e-01 2.378648e+01  1.593872272797404621e+00  2.302582022228157665e+00  1.040512972176440485e+02  1.000308395354436652e+04
283 5661 3.539829e-01 2.380452e+01  1.593872272797404621e+00  2.017617273853406612e+00  1.040353590400015094e+02  1.000000000000000000e+04
284 5681 3.539711e-01 2.380591e+01  1.593872272797404621e+00  2.313585763864277833e+00  1.039615811390129778e+02  1.000321712626173394e+04
285 5701 3.532487e-01 2.380540e+01  1.593872272797404621e+00  2.124897109886642710e+00  5.290720529246839732e+01  1.000302763496612170e+04
286 5721 3.526165e-01 2.380556e+01  1.593872272797404621e+00  2.357913819692420088e+00  2.772661860712503756e+00  1.000325623163143791e+04
287 5741 3.525866e-01 2.380630e+01  1.593872272797404621e+00  2.132682643289422586e+00  5.286301160866338478e+01  1.000320066851088632e+04
288 5761 3.514715e-01 2.381114e+01  1.593872272797404621e+00  1.887807295374088534e+00  2.529911292877188522e+00  1.000327330217308918e+04
289 5781 3.516782e-01 2.381747e+01  1.593872272797404621e+00  1.950971462892108210e+00  2.772274975027629651e+00  1.000330053476931971e+04
290 5801 3.519639e-01 2.381215e+01  1.593872272797404621e+00  1.896683305051761304e+00  1.038861679764431756e+02  1.000327452702695700e+04
291 5821 3.522444e-01 2.381718e+01  1.593872272797404621e+00  1.908621735926478546e+00  5.309715653409813285e+01  1.000308511416182955e+04
292 5841 3.517096e-01 2.382248e+01  1.593872272797404621e+00  1.841426540633370079e+00  5.313892982369427642e+01  1.000306739060603286e+04
293 5861 3.519582e-01 2.381664e+01  1.593872272797404621e+00  1.918509316988363356e+00  1.171664382349632803e+02  1.000320196385259078e+04
294 5881 3.525528e-01 2.381725e+01  1.593872272797404621e+00  1.936473149308682418e+00  1.063838255861240043e+02  1.000312652648759831e+04
295 5901 3.510487e-01 2.382529e+01  1.593872272797404621e+00  1.836222429794161171e+00  1.056149975800108933e+02  1.000302881535268716e+04
296 5921 3.470783e-01 2.382341e+01  1.593872272797404621e+00  2.091694875752884375e+00  1.038907262779029566e+02  1.000302816825413720e+04
297 5941 3.452303e-01 2.382330e+01  1.593872272797404621e+00  1.789040636972031972e+00  2.331582477655000929e+00  1.000314093759372372e+04
298 5961 3.442671e-01 2.383498e+01  1.593872272797404621e+00  1.827608702407331087e+00  1.047622819458862438e+02  1.000308887084449452e+04
299 5981 3.429080e-01 2.384531e+01  1.593872272797404621e+00  1.965050840327897008e+00  1.039248535789598975e+02  1.000308739732080539e+04
300 6001 3.410588e-01 2.385222e+01  1.593872272797404621e+00  1.872728702020090008e+00  1.053206803887662915e+02  1.000305156209927009e+04
301 6021 3.380863e-01 2.385642e+01  1.593872272797404621e+00  1.900800475842856496e+00  2.562386293858185837e+00  1.000309003507660782e+04
302 6041 3.352935e-01 2.385385e+01  1.593872272797404621e+00  1.883519244879218846e+00  1.040800317260753332e+02  1.000303183596771487e+04
303 6061 3.334489e-01 2.386015e+01  1.593872272797404621e+00  2.002145617064273075e+00  1.031890296922456969e+02  1.000300575256867887e+04
304 6081 3.330974e-01 2.386719e+01  1.593872272797404621e+00  1.869439532627798384e+00  2.470038293465409041e+00  1.000300791933178516e+04
305 6101 3.325007e-01 2.387544e+01  1.593872272797404621e+00  1.803330711272192133e+00  1.044641014117113968e+02  1.000306819112941412e+04
306 6121 3.334331e-01 2.387405e+01  1.593872272797404621e+00  1.899790708557429486e+00  1.043620730052596315e+02  1.000310642431060296e+04
307 6141 3.332717e-01 2.388012e+01  1.593872272797404621e+00  1.876540683648364904e+00  2.207294449852803986e+00  1.000300945907452478e+04
308 6161 3.332718e-01 2.387436e+01  1.593872272797404621e+00  1.832097503136530525e+00  1.034007360375729263e+02  1.000000000000000000e+04
309 6181 3.326802e-01 2.387276e+01  1.593872272797404621e+00  1.950544854982360521e+00  1.032095243327429728e+02  1.000304514047895827e+04
310 6201 3.340221e-01 2.389158e+01  1.593872272797404621e+00  1.890611981799157348e+00  1.033636689630296104e+02  1.000306839415981813e+04
311 6221 3.355176e-01 2.389638e+01  1.593872272797404621e+00  1.781088103851435900e+00  2.351262576318779551e+00  1.000306192499568351e+04
312 6241 3.375068e-01 2.390919e+01  1.593872272797404621e+00  1.874741245814001589e+00  2.118680203653135141e+00  1.000000000000000000e+04
313 6261 3.401783e-01 2.390938e+01  1.593872272797404621e+00  1.847815432851557249e+00  1.055832594517385417e+02  1.000657898015556930e+04
314 6281 3.417413e-01 2.392140e+01  1.593872272797404621e+00  1.833575584605575459e+00  2.723103822455915424e+00  1.000302746947321975e+04
315 6301 3.446796e-01 2.392801e+01  1.593872272797404621e+00  1.899969780280486686e+00  1.181642432720406077e+02  1.000303043254961631e+04
316 6321 3.450681e-01 2.392643e+01  1.593872272797404621e+00  1.907713106402255443e+00  1.032619140391399952e+02  1.000310499791741131e+04
317 6341 3.450594e-01 2.392500e+01  1.593872272797404621e+00  1.937960456431238043e+00  1.046393432919039128e+02  1.000318648922233297e+04
318 6361 3.454909e-01 2.392069e+01  1.593872272797404621e+00  1.878363114973753412e+00  1.070608739398475961e+02  1.000334948219005491e+04
319 6381 3.464530e-01 2.392355e+01  1.593872272797404621e+00  2.030177149469099440e+00  1.040958272848144475e+02  1.000309724041293885e+04
320 6401 3.474455e-01 2.393999e+01  1.593872272797404621e+00  1.829410591268174402e+00  1.034508956237071970e+02  1.000302023574868326e+04
321 6421 3.492425e-01 2.393902e+01  1.593872272797404621e+00  1.863438172720478514e+00  1.130729116740827322e+02  1.000301020163972862e+04
322 6441 3.491057e-01 2.393822e+01  1.593872272797404621e+00  1.843475407171115243e+00  1.047797090939687052e+02  1.000308899237110927e+04
323 6461 3.496433e-01 2.394239e+01  1.593872272797404621e+00  1.890063280369288945e+00  5.405097697639280341e+01  1.000314566947436651e+04
324 6481 3.520823e-01 2.395874e+01  1.593872272797404621e+00  1.862148765319373567e+00  1.042299441121039649e+02  1.000300364108486065e+04
325 6501 3.544095e-01 2.396349e+01  1.593872272797404621e+00  1.915773645621254850e+00  2.350796147476559295e+00  1.000308727980867661e+04
326 6521 3.538821e-01 2.397344e+01  1.593872272797404621e+00  1.868753477674276908e+00  5.505979098017213573e+02  1.000304349252912471e+04
327 6541 3.518333e-01 2.398596e+01  1.593872272797404621e+00  1.818247962724662159e+00  1.000000000000000000e+04  1.000310251378304019e+04
328 6561 3.507147e-01 2.399638e+01  1.593872272797404621e+00  1.891092841303428695e+00  9.932981233644470649e+02  1.000310965948659941e+04
329 6581 3.512275e-01 2.400312e+01  1.593872272797404621e+00  1.862705758517291699e+00  5.478369527450496435e+02  1.000306084110456868e+04
330 6601 3.514846e-01 2.401160e+01  1.593872272797404621e+00  1.892944155141367490e+00  9.951080743841580443e+02  1.000314107525721738e+04
331 6621 3.519846e-01 2.401214e+01  1.593872272797404621e+00  1.890617404056591733e+00  9.931194731584071178e+02  1.000311827320412158e+04
332 6641 3.528531e-01 2.401944e+01  1.593872272797404621e+00  1.886955885876381522e+00  9.950991332632344211e+02  1.000309883699591956e+04
333 6661 3.530032e-01 2.402910e+01  1.593872272797404621e+00  2.056132140741143921e+00  9.951075253547655848e+02  1.000309717697920132e+04
334 6681 3.521845e-01 2.403576e+01  1.593872272797404621e+00  1.943040493756606812e+00  2.417740805868745291e+00  1.000306255184698057e+04
335 6701 3.512891e-01 2.403638e+01  1.593872272797404621e+00  1.927615645771872277e+00  1.035114993794821316e+02  1.000301357624097000e+04
336 6721 3.501567e-01 2.403639e+01  1.593872272797404621e+00  1.988169322156590146e+00  5.527199376843227441e+01  1.000300824021222616e+04
337 6741 3.506168e-01 2.404774e+01  1.593872272797404621e+00  1.870446259289775037e+00  2.115975066559229845e+00  1.000301852089881322e+04
338 6761 3.502285e-01 2.406060e+01  1.593872272797404621e+00  1.842370584128919520e+00  5.269446336305367140e+01  1.000301120522848760e+04
339 6781 3.492507e-01 2.406893e+01  1.593872272797404621e+00  1.832033699094849588e+00  5.467440436217385695e+02  1.000324295070747576e+04
340 6801 3.492637e-01 2.407897e+01  1.593872272797404621e+00  1.789260430136014879e+00  1.052424066409177073e+02  1.000300980562955192e+04
341 6821 3.511818e-01 2.408482e+01  1.593872272797404621e+00  1.913134867091348834e+00  1.056617165417497120e+02  1.000308836296676418e+04
342 6841 3.528059e-01 2.410418e+01  1.593872272797404621e+00  1.776814249185325156e+00  1.054399099942888824e+02  9.939920499233052169e+02
343 6861 3.554899e-01 2.411717e+01  1.593872272797404621e+00  1.752531258294444338e+00  1.057018026429554993e+02  1.000306634681732248e+04
344 6881 3.591143e-01 2.413357e+01  1.593872272797404621e+00  2.152148358263897165e+00  1.048678067390234077e+02  1.000302666072296597e+04
345 6901 3.625783e-01 2.415204e+01  1.593872272797404621e+00  1.934794602200072600e+00  1.045436266369129328e+02  9.943592169484841179e+02
346 6921 3.653618e-01 2.416038e+01  1.593872272797404621e+00  1.874600574578178414e+00  5.514803238849380023e+02  1.000302930454520174e+04
347 6941 3.664820e-01 2.416005e+01  1.593872272797404621e+00  1.959054784865893017e+00  9.854052820171357325e+02  1.000304014111573451e+04
348 6961 3.681484e-01 2.417848e+01  1.593872272797404621e+00  1.817763124562492560e+00  2.179753631104284217e+00  9.927850692578998633e+02
349 6981 3.697418e-01 2.418131e+01  1.593872272797404621e+00  1.894144588265261442e+00  1.031238387665918737e+02  1.000302929969959041e+04
350 7001 3.720028e-01 2.418170e+01  1.593872272797404621e+00  1.787593909072718201e+00  5.495330635378523993e+02  1.000319708446845289e+04
351 7021 3.747631e-01 2.418337e+01  1.593872272797404621e+00  1.980750045811500826e+00  9.853809191660081979e+02  1.000301418270147951e+04
352 7041 3.770957e-01 2.418655e+01  1.593872272797404621e+00  2.078180892275486968e+00  1.071110728727778394e+02  1.000301826481875833e+04
353 7061 3.783169e-01 2.419592e+01  1.593872272797404621e+00  2.018568386660871905e+00  1.080880251334132254e+02  1.000301635183807230e+04
354 7081 3.782712e-01 2.419505e+01  1.593872272797404621e+00  1.979971779434122725e+00  1.053389014457644919e+02  1.000000000000000000e+04
355 7101 3.784307e-01 2.420376e+01  1.593872272797404621e+00  1.958258007845189219e+00  1.038292829286917538e+02  1.000302491749092405e+04
356 7121 3.762275e-01 2.421472e+01  1.593872272797404621e+00  2.056710615231625905e+00  1.536702012564189772e+02  1.000302273925480040e+04
357 7141 3.736976e-01 2.422920e+01  1.593872272797404621e+00  1.970534857740482426e+00  5.276347811823897160e+01  1.000306561215174042e+04
358 7161 3.705100e-01 2.423457e+01  1.593872272797404621e+00  1.854470090370660573e+00  1.030214752922977652e+02  1.000304117951826265e+04
359 7181 3.683958e-01 2.424123e+01  1.593872272797404621e+00  1.934654380873812141e+00  1.032719480778775392e+02  1.000306220625217247e+04
360 7201 3.661460e-01 2.424355e+01  1.593872272797404621e+00  2.046168537523779030e+00  1.055276431060649145e+02  1.000304497697963416e+04
361 7221 3.638110e-01 2.423805e+01  1.593872272797404621e+00  1.828356000356862632e+00  1.054900753134442937e+02  1.000303831630100285e+04
362 7241 3.592901e-01 2.425673e+01  1.593872272797404621e+00  2.034154761134222333e+00  1.061815214226266448e+02  1.000312419058054911e+04
363 7261 3.556892e-01 2.425378e+01  1.593872272797404621e+00  1.961346549915175874e+00  1.048091294602030530e+02  1.000303922743481780e+04
364 7281 3.510400e-01 2.425668e+01  1.593872272797404621e+00  1.936333226039593347e+00  1.034408101940733928e+02  1.000307229555892991e+04
365 7301 3.484461e-01 2.426112e+01  1.593872272797404621e+00  2.237976658533041618e+00  1.108092990223976528e+02  1.000306946455029356e+04
366 7321 3.438643e-01 2.426442e+01  1.593872272797404621e+00  1.981297958275290982e+00  1.041387416633439216e+02  1.000304756870980782e+04
367 7341 3.413673e-01 2.426174e+01  1.593872272797404621e+00  1.938409049474204560e+00  1.037444547659058003e+02  9.925442673743741580e+02
368 7361 3.384344e-01 2.426064e+01  1.593872272797404621e+00  1.794267660770866524e+00  1.035691743603330792e+02  1.000305118471847345e+04
369 7381 3.351700e-01 2.427100e+01  1.593872272797404621e+00  1.979115449477292898e+00  1.050204711799145514e+02  1.000303033963987218e+04
370 7401 3.316509e-01 2.427763e+01  1.593872272797404621e+00  1.912938793505579049e+00  2.196520197778914607e+00  1.000302145613306493e+04
371 7421 3.273603e-01 2.427836e+01  1.593872272797404621e+00  1.879010396537541538e+00  1.036860800607370834e+02  9.958651130752327845e+02
372 7441 3.246853e-01 2.428085e+01  1.593872272797404621e+00  1.888740031976376521e+00  1.042929992173362308e+02  1.000304721129156496e+04
373 7461 3.214004e-01 2.428017e+01  1.593872272797404621e+00  1.895655019613045056e+00  1.041198935394121463e+02  1.000302508813036548e+04
374 7481 3.175547e-01 2.428161e+01  1.593872272797404621e+00  1.930125893645049162e+00  1.033791612556728978e+02  1.000302095005172487e+04
375 7501 3.119825e-01 2.427961e+01  1.593872272797404621e+00  1.875137370027925021e+00  1.043844626031842182e+02  1.000314114812772641e+04
376 7521 3.070278e-01 2.428444e+01  1.593872272797404621e+00  1.946291276535839332e+00  1.076843676461894006e+02  1.000308079681853269e+04
377 7541 3.035892e-01 2.428517e+01  1.593872272797404621e+00  1.861014008339711090e+00  1.039177670056555627e+02  9.955936522480873236e+02
378 7561 3.021596e-01 2.428709e+01  1.593872272797404621e+00  1.838684237454468073e+00  1.031636451971323538e+02  9.950175169366478940e+02
379 7581 3.014033e-01 2.428866e+01  1.593872272797404621e+00  1.904213471546860381e+00  5.273363866981038939e+01  9.951528725430879376e+02
380 7601 3.005932e-01 2.429713e+01  1.593872272797404621e+00  1.860652058221973659e+00  2.190491667390142894e+00  1.000303905593119453e+04
381 7621 3.012525e-01 2.430674e+01  1.593872272797404621e+00  1.995846514262823224e+00  1.036795426689011208e+02  1.000302739270350685e+04
382 7641 3.002831e-01 2.430736e+01  1.593872272797404621e+00  1.976552467399411261e+00  1.039677383344690327e+02  9.954266996466951696e+02
383 7661 3.001978e-01 2.431705e+01  1.593872272797404621e+00  1.967831409169350509e+00  1.032382484318620754e+02  1.000305246863954744e+04
384 7681 3.016149e-01 2.431939e+01  1.593872272797404621e+00  1.818628295946006057e+00  2.469785236313091659e+00  1.000304743099870575e+04
385 7701 3.023331e-01 2.434155e+01  1.593872272797404621e+00  1.801214036791282558e+00  2.196274977009336382e+00  1.000305274562860905e+04
386 7721 3.037029e-01 2.434950e+01  1.593872272797404621e+00  1.844236591222456756e+00  1.042071622526910346e+02  1.000000000000000000e+04
387 7741 3.048394e-01 2.435302e+01  1.593872272797404621e+00  2.053975138653638233e+00  5.484865484068949399e+02  1.000301905343151702e+04
388 7761 3.045851e-01 2.436269e+01  1.593872272797404621e+00  1.908235509506633010e+00  5.293886441740001203e+01  9.953684521305457338e+02
389 7781 3.037732e-01 2.436938e+01  1.593872272797404621e+00  1.983730601009400463e+00  1.056861947817389904e+02  1.000000000000000000e+04
390 7801 3.033510e-01 2.437958e+01  1.593872272797404621e+00  1.884496752048893331e+00  1.054350017537735482e+02  9.967408509330552988e+02
391 7821 3.022502e-01 2.439335e+01  1.593872272797404621e+00  1.989187947320392169e+00  1.036727150769733612e+02  1.000303686565725184e+04
392 7841 3.009725e-01 2.439000e+01  1.593872272797404621e+00  1.810241843550383978e+00  5.292616565546413199e+01  9.952613385505561610e+02
393 7861 2.985517e-01 2.437958e+01  1.593872272797404621e+00  1.875292336609683197e+00  1.032464580410423594e+02  1.000302319997263658e+04
394 7881 2.952657e-01 2.438623e+01  1.593872272797404621e+00  1.872552145319450467e+00  5.275017310920979696e+01  1.000300445686828789e+04
395 7901 2.914727e-01 2.438655e+01  1.593872272797404621e+00  1.901892987745669394e+00  1.050179400247165518e+02  1.000310330656624865e+04
396 7921 2.880689e-01 2.440204e+01  1.593872272797404621e+00  1.791789416259610856e+00  1.137698527338582011e+02  1.000301624741411615e+04
397 7941 2.863300e-01 2.440876e+01  1.593872272797404621e+00  1.864720962055160358e+00  5.287046564879466359e+01  1.000304030937405332e+04
398 7961 2.837810e-01 2.442040e+01  1.593872272797404621e+00  1.829470544303374302e+00  1.032324387468008524e+02  1.000306626516460165e+04
399 7981 2.808431e-01 2.443224e+01  1.593872272797404621e+00  1.767570722932533922e+00  5.309560107460759326e+01  1.000302386439614384e+04
400 8001 2.774059e-01 2.444038e+01  1.593872272797404621e+00  1.810643102025118356e+00  1.093038535515304801e+02  1.000304253043413155e+04
401 8021 2.739069e-01 2.443776e+01  1.593872272797404621e+00  1.822913640397213042e+00  1.038614208523784157e+02  1.000301156968888426e+04
402 8041 2.705305e-01 2.444476e+01  1.593872272797404621e+00  1.917095353764898702e+00  5.481282221106084762e+02  1.000302003378453992e+04
403 8061 2.671433e-01 2.445707e+01  1.593872272797404621e+00  1.863152640841169161e+00  2.195617473599508873e+00  1.000302567917652232e+04
404 8081 2.635767e-01 2.445798e+01  1.593872272797404621e+00  1.882521695302252551e+00  2.291690331268876779e+00  9.967765108864952026e+02
405 8101 2.597110e-01 2.445384e+01  1.593872272797404621e+00  1.883113530197208396e+00  5.277612769873415743e+01  9.935066978450387296e+02
406 8121 2.565727e-01 2.445497e+01  1.593872272797404621e+00  1.881537358445832142e+00  1.060776064161615864e+02  1.000303583002323649e+04
407 8141 2.545433e-01 2.446845e+01  1.593872272797404621e+00  1.895272600042235744e+00  1.037214573754114610e+02  1.000300201905158974e+04
408 8161 2.526235e-01 2.446840e+01  1.593872272797404621e+00  1.920981514346309371e+00  5.265638925464062936e+01  9.953758153008753879e+02
409 8181 2.507146e-01 2.447553e+01  1.593872272797404621e+00  1.884709387577514050e+00  1.059504033725855265e+02  1.000303108862143563e+04
410 8201 2.489110e-01 2.447918e+01  1.593872272797404621e+00  1.880533920182248186e+00  1.033041387227975321e+02  1.000302793480844048e+04
411 8221 2.493579e-01 2.448549e+01  1.593872272797404621e+00  1.860295691617629865e+00  2.191077193776798104e+00  1.000301427810393761e+04
412 8241 2.497009e-01 2.449362e+01  1.593872272797404621e+00  1.904086440565370353e+00  2.326389506345294844e+00  1.000301708181803042e+04
413 8261 2.495995e-01 2.451448e+01  1.593872272797404621e+00  1.809576570823609343e+00  1.033959604512644859e+02  9.959682695785186297e+02
414 8281 2.500155e-01 2.452621e+01  1.593872272797404621e+00  1.847679859970376537e+00  5.480450674107368059e+02  1.000306298229104141e+04
415 8301 2.496678e-01 2.454500e+01  1.593872272797404621e+00  1.877382919594413835e+00  5.285197435642046315e+01  1.000300153981869153e+04
416 8321 2.494344e-01 2.455088e+01  1.593872272797404621e+00  1.904379761905113044e+00  2.195592389333883343e+00  1.000302316339479876e+04
417 8341 2.491211e-01 2.455094e+01  1.593872272797404621e+00  1.947495952046891743e+00  5.494255536396121897e+02  1.000305307809678015e+04
418 8361 2.491643e-01 2.456497e+01  1.593872272797404621e+00  1.843702999693663136e+00  1.061302246704661201e+02  1.000307328414440963e+04
419 8381 2.492249e-01 2.456426e+01  1.593872272797404621e+00  1.942719621916375594e+00  1.044687662394774179e+02  1.000301580876371190e+04
420 8401 2.493199e-01 2.456100e+01  1.593872272797404621e+00  1.951257220332522913e+00  1.035726217563491787e+02  1.000308906394071164e+04
421 8421 2.484839e-01 2.457298e+01  1.593872272797404621e+00  1.854988514906495967e+00  2.211558063684186060e+00  1.000305252452825698e+04
422 8441 2.500220e-01 2.458502e+01  1.593872272797404621e+00  1.807323616121449872e+00  2.208579995083999048e+00  1.000302629981776045e+04
423 8461 2.521131e-01 2.458702e+01  1.593872272797404621e+00  1.850800763878100108e+00  1.045116343859953503e+02  1.000399809969663875e+04
424 8481 2.535688e-01 2.459354e+01  1.593872272797404621e+00  1.878934833790617764e+00  2.101631161093745259e+00  1.000305155704810022e+04
425 8501 2.538314e-01 2.460205e+01  1.593872272797404621e+00  1.800772047421886679e+00  9.914860597921845056e+02  1.000302203078996718e+04
426 8521 2.539659e-01 2.461306e+01  1.593872272797404621e+00  1.799713088753772672e+00  1.050368447821734890e+02  1.000308127704475555e+04
427 8541 2.537840e-01 2.461738e+01  1.593872272797404621e+00  1.871050511896688029e+00  1.034428366751184853e+02  1.000305574917175363e+04
428 8561 2.524796e-01 2.462626e+01  1.593872272797404621e+00  1.902678374082755086e+00  1.036575660486302013e+02  9.927408858961167653e+02
429 8581 2.508842e-01 2.463106e+01  1.593872272797404621e+00  1.926214933018917996e+00  1.037913559449008574e+02  1.000000000000000000e+04
430 8601 2.502505e-01 2.463670e+01  1.593872272797404621e+00  1.821005365528383324e+00  1.032634279582648702e+02  1.000304464755164736e+04
431 8621 2.486321e-01 2.464125e+01  1.593872272797404621e+00  1.781944511664860897e+00  5.275717476022889940e+01  1.000000000000000000e+04
432 8641 2.474423e-01 2.464259e+01  1.593872272797404621e+00  1.795279064660518786e+00  2.165071833412877567e+00  9.964290035662319269e+02
433 8661 2.469807e-01 2.464782e+01  1.593872272797404621e+00  1.848059105287037873e+00  2.210403451794701102e+00  9.951232764710135825e+02
434 8681 2.445857e-01 2.465894e+01  1.593872272797404621e+00  1.768093853698525564e+00  2.123160287790823109e+00  1.000302950776974831e+04
435 8701 2.432001e-01 2.465849e+01  1.593872272797404621e+00  1.767937538349835691e+00  2.075524960153372511e+00  1.000000000000000000e+04
436 8721 2.411012e-01 2.466714e+01  1.593872272797404621e+00  1.749692670304057174e+00  2.136767359769821795e+00  1.000320118730262584e+04
437 8741 2.379829e-01 2.466737e+01  1.593872272797404621e+00  1.826561146965411719e+00  5.312452478481252882e+01  1.000302722731868198e+04
438 8761 2.354729e-01 2.467113e+01  1.593872272797404621e+00  1.789320898380840852e+00  2.028428045914409061e+00  1.000300077626337588e+04
439 8781 2.348631e-01 2.467247e+01  1.593872272797404621e+00  1.801197260490672081e+00  1.043461401417579566e+02  1.000300645151427852e+04
440 8801 2.353334e-01 2.467343e+01  1.593872272797404621e+00  1.783690357965710849e+00  1.032390410879077507e+02  1.000304700673754269e+04
441 8821 2.354491e-01 2.467022e+01  1.593872272797404621e+00  1.770513083969885715e+00  5.257302617986273674e+01  1.000300829110091036e+04
442 8841 2.338245e-01 2.467740e+01  1.593872272797404621e+00  1.801533785129020515e+00  1.032693949666974618e+02  1.000300278903240542e+04
443 8861 2.327933e-01 2.468172e+01  1.593872272797404621e+00  1.788637206703019622e+00  1.034111899918997608e+02  1.000300431266573833e+04
444 8881 2.312335e-01 2.468859e+01  1.593872272797404621e+00  1.760436607935986775e+00  1.921246618296996056e+00  1.000300876006206636e+04
445 8901 2.295453e-01 2.468644e+01  1.593872272797404621e+00  1.811062448374269662e+00  1.983991498811912724e+00  9.915117793741253536e+02
446 8921 2.288641e-01 2.470097e+01  1.593872272797404621e+00  1.802553722789025592e+00  5.289709589716271410e+01  1.064763130140053704e+02
447 8941 2.284392e-01 2.470171e+01  1.593872272797404621e+00  1.779927082449720199e+00  2.081287130255986106e+00  9.956585815085530839e+02
448 8961 2.272232e-01 2.470966e+01  1.593872272797404621e+00  1.802263008540339717e+00  1.990660643408876496e+00  1.000301606575529877e+04
449 8981 2.260717e-01 2.471275e+01  1.593872272797404621e+00  1.799494832491724150e+00  2.124899919228907752e+00  9.930226859615280546e+02
450 9001 2.246798e-01 2.472128e+01  1.593872272797404621e+00  1.788239385267750947e+00  2.094876138693329004e+00  1.000301776910272019e+04
451 9021 2.231026e-01 2.474361e+01  1.593872272797404621e+00  1.765266895456176544e+00  1.936883221932059307e+00  1.000303534466510609e+04
452 9041 2.209588e-01 2.475111e+01  1.593872272797404621e+00  1.754863272019755005e+00  5.274752286678316437e+01  1.000305391263244019e+04
453 9061 2.193691e-01 2.475687e+01  1.593872272797404621e+00  1.761580148304097815e+00  1.953975071183239098e+00  1.000301826237787100e+04
454 9081 2.187178e-01 2.476692e+01  1.593872272797404621e+00  1.726063423186259937e+00  1.963815486363176266e+00  1.000301962444516721e+04
455 9101 2.189178e-01 2.478168e+01  1.593872272797404621e+00  1.758940266597523117e+00  1.956001735839856703e+00  1.000304274123419964e+04
456 9121 2.189182e-01 2.478526e+01  1.593872272797404621e+00  1.725036462733884557e+00  1.907175577418763757e+00  1.000301163672483017e+04
457 9141 2.192525e-01 2.478289e+01  1.593872272797404621e+00  1.772981412452981687e+00  1.870454600928872502e+00  1.056176045625381335e+02
458 9161 2.199710e-01 2.478271e+01  1.593872272797404621e+00  1.773035325763210768e+00  1.958026587808793018e+00  9.916330099303256702e+02
459 9181 2.209335e-01 2.478556e+01  1.593872272797404621e+00  1.722293812361592291e+00  2.180388987702659875e+00  1.000302866162473765e+04
460 9201 2.214127e-01 2.479304e+01  1.593872272797404621e+00  1.758427378109569617e+00  1.914396358504397488e+00  1.057793470398239464e+02
461 9221 2.208854e-01 2.479788e+01  1.593872272797404621e+00  1.732667774057539578e+00  5.272148459525023867e+01  1.000304267147121936e+04
462 9241 2.196787e-01 2.481598e+01  1.593872272797404621e+00  1.733505949892224063e+00  1.975041393116887978e+00  1.000302670786764975e+04
463 9261 2.176880e-01 2.481919e+01  1.593872272797404621e+00  1.740701282780497294e+00  5.262863048706903157e+01  1.000307090516957396e+04
464 9281 2.168931e-01 2.482057e+01  1.593872272797404621e+00  1.738566248177069617e+00  1.903659342574038682e+00  1.000303081762499824e+04
465 9301 2.165840e-01 2.483764e+01  1.593872272797404621e+00  1.711626874960325395e+00  1.936463620336869029e+00  1.000300600190541081e+04
466 9321 2.153902e-01 2.484951e+01  1.593872272797404621e+00  1.743328213656941239e+00  1.945530636010198933e+00  1.000301670937445488e+04
467 9341 2.144949e-01 2.485089e+01  1.593872272797404621e+00  1.708607610242067976e+00  1.974091847932612609e+00  1.000306605164536086e+04
468 9361 2.147951e-01 2.485184e+01  1.593872272797404621e+00  1.734067046921012212e+00  1.931034614025845642e+00  1.000302036881658569e+04
469 9381 2.147231e-01 2.485423e+01  1.593872272797404621e+00  1.718752021828654719e+00  1.887228974305323437e+00  1.000329146041268359e+04
470 9401 2.137014e-01 2.486178e+01  1.593872272797404621e+00  1.790766756683645600e+00  5.282925865422136269e+01  1.000651763241500521e+04
471 9421 2.128497e-01 2.485917e+01  1.593872272797404621e+00  1.708628689546857204e+00  5.259146852928760296e+01  1.000305653385203914e+04
472 9441 2.110961e-01 2.485995e+01  1.593872272797404621e+00  1.737057566800015884e+00  1.970912916351725830e+00  1.000305195435543828e+04
473 9461 2.088268e-01 2.485978e+01  1.593872272797404621e+00  1.711409554502012931e+00  1.820121120123161296e+00  1.000302641720649626e+04
474 9481 2.073613e-01 2.485714e+01  1.593872272797404621e+00  1.743711437107774653e+00  1.033377815950395586e+02  1.000303844014052083e+04
475 9501 2.060751e-01 2.485552e+01  1.593872272797404621e+00  1.748036764495248807e+00  5.276003968185644055e+01  1.000305013324074025e+04
476 9521 2.044876e-01 2.485727e+01  1.593872272797404621e+00  1.688033298186385478e+00  1.033990132644551352e+02  1.000302883937459592e+04
477 9541 2.034487e-01 2.485598e+01  1.593872272797404621e+00  1.705891632150518200e+00  1.030540490747780780e+02  1.000303997975308266e+04
478 9561 2.031407e-01 2.486183e+01  1.593872272797404621e+00  1.732609332345351527e+00  1.041534473576671189e+02  1.000301251441772547e+04
479 9581 2.037507e-01 2.487539e+01  1.593872272797404621e+00  1.754849756813363415e+00  1.034549125624590431e+02  1.000301208868913454e+04
480 9601 2.040329e-01 2.487481e+01  1.593872272797404621e+00  1.707989736114447821e+00  5.270642091229208148e+01  1.000303352890634596e+04
481 9621 2.049679e-01 2.489613e+01  1.593872272797404621e+00  1.744381939593363740e+00  1.041281907444716524e+02  1.000302447922328611e+04
482 9641 2.070422e-01 2.489949e+01  1.593872272797404621e+00  1.706081990420226013e+00  1.033207324721243197e+02  1.000300077680261893e+04
483 9661 2.089753e-01 2.489637e+01  1.593872272797404621e+00  1.727763290626074699e+00  1.035700122337762821e+02  1.000305578379166218e+04
484 9681 2.105888e-01 2.489982e+01  1.593872272797404621e+00  1.736745043308497438e+00  1.985572391529293323e+00  1.000302426129613741e+04
485 9701 2.123799e-01 2.489773e+01  1.593872272797404621e+00  1.724592905340054605e+00  1.046901219208476306e+02  1.000312512638649059e+04
486 9721 2.149999e-01 2.489182e+01  1.593872272797404621e+00  1.745688758398344254e+00  1.049768352850467323e+02  1.000307505522473002e+04
487 9741 2.184531e-01 2.488582e+01  1.593872272797404621e+00  1.814570978727768846e+00  1.035220142240855807e+02  1.000301686911961224e+04
488 9761 2.221299e-01 2.488041e+01  1.593872272797404621e+00  1.768858278198360390e+00  5.262018154301217265e+01  1.000303670646972932e+04
489 9781 2.251289e-01 2.488193e+01  1.593872272797404621e+00  1.791413234740422133e+00  1.035237233062666178e+02  1.000305503517809120e+04
490 9801 2.282584e-01 2.488460e+01  1.593872272797404621e+00  1.707486735159047253e+00  1.049125857212137873e+02  1.000300209365207593e+04
491 9821 2.304294e-01 2.488964e+01  1.593872272797404621e+00  1.693091746760595484e+00  1.041833137074853539e+02  1.000306047834354285e+04
492 9841 2.313907e-01 2.489251e+01  1.593872272797404621e+00  1.722739242308060748e+00  1.051513960686432938e+02  1.000303952337234477e+04
493 9861 2.327709e-01 2.489582e+01  1.593872272797404621e+00  1.749414644862601564e+00  1.032946835165743664e+02  1.000303833383605706e+04
494 9881 2.354372e-01 2.490620e+01  1.593872272797404621e+00  1.685356821591789345e+00  1.067316490725829681e+02  1.000301275016408908e+04
495 9901 2.375471e-01 2.490710e+01  1.593872272797404621e+00  1.725352093225143157e+00  2.104353739126860301e+00  1.000300100756396932e+04
496 9921 2.402745e-01 2.492854e+01  1.593872272797404621e+00  1.704849544127500227e+00  1.072388556259719365e+02  1.000307411255830266e+04
497 9941 2.422311e-01 2.493888e+01  1.593872272797404621e+00  1.697326763834043906e+00  1.875739509280138106e+00  1.000301016176796657e+04
498 9961 2.440482e-01 2.493853e+01  1.593872272797404621e+00  1.709650454377569018e+00  1.054752719478473608e+02  1.000311406386915041e+04
499 9981 2.457335e-01 2.494123e+01  1.593872272797404621e+00  1.760521847609695545e+00  1.043636233871626615e+02  1.000305938753905866e+04
500 10001 2.474838e-01 2.494613e+01  1.593872272797404621e+00  1.717891092338607484e+00  1.037669502959750361e+02  1.000303884765703879e+04
501 10021 2.494705e-01 2.495046e+01  1.593872272797404621e+00  1.699732664296216722e+00  5.283601253253122820e+01  1.000305647467620292e+04
502 10041 2.513362e-01 2.495012e+01  1.593872272797404621e+00  1.706637003445495848e+00  1.053143809528965846e+02  1.000304162276351599e+04
503 10061 2.528745e-01 2.496010e+01  1.593872272797404621e+00  1.698477080701041197e+00  5.300565593063367231e+01  1.000305966119735422e+04
504 10081 2.548217e-01 2.496079e+01  1.593872272797404621e+00  1.654353375000845006e+00  1.030545094464653175e+02  1.000300775740217068e+04
505 10101 2.564877e-01 2.496729e+01  1.593872272797404621e+00  1.770793540298844615e+00  1.050012754740888283e+02  1.000304413554892380e+04
506 10121 2.569527e-01 2.497127e+01  1.593872272797404621e+00  1.700563547307987644e+00  1.035120734846677948e+02  1.113905659236235550e+02
507 10141 2.562951e-01 2.498037e+01  1.593872272797404621e+00  1.710495285642797070e+00  1.052393369054232153e+02  1.000306434763462676e+04
508 10161 2.557535e-01 2.497802e+01  1.593872272797404621e+00  1.733254625904222745e+00  5.261309730369595883e+01  1.000304438008788202e+04
509 10181 2.541770e-01 2.497783e+01  1.593872272797404621e+00  1.711312507515106551e+00  1.031282837615816561e+02  1.000643624805080253e+04
510 10201 2.534049e-01 2.499039e+01  1.593872272797404621e+00  1.698371448994537625e+00  5.252455593961872893e+01  1.000303040440256700e+04
511 10221 2.524547e-01 2.499920e+01  1.593872272797404621e+00  1.735167911763428661e+00  1.036551206455163481e+02  1.000304759873605872e+04
512 10241 2.514724e-01 2.500293e+01  1.593872272797404621e+00  1.698534653988026832e+00  1.034806940857846485e+02  1.000308193815880622e+04
513 10261 2.507434e-01 2.500489e+01  1.593872272797404621e+00  1.746485421580362241e+00  1.036988161803221402e+02  1.000300034706367296e+04
514 10281 2.501982e-01 2.499862e+01  1.593872272797404621e+00  1.703963799356372766e+00  5.296798513632587202e+01  1.072574610012525085e+02
515 10301 2.511543e-01 2.500014e+01  1.593872272797404621e+00  1.650720223334060544e+00  1.975699699248362862e+00  1.000303733054265649e+04
516 10321 2.518988e-01 2.501093e+01  1.593872272797404621e+00  1.674501128358690138e+00  1.045172022625804971e+02  1.000301056066456113e+04
517 10341 2.519715e-01 2.502538e+01  1.593872272797404621e+00  1.621901568330402332e+00  1.050287716720633426e+02  1.000305101579720031e+04
518 10361 2.529096e-01 2.502082e+01  1.593872272797404621e+00  1.776525867222798372e+00  1.031792856944952064e+02  1.000300732516539756e+04
519 10381 2.527332e-01 2.503113e+01  1.593872272797404621e+00  1.684658680449993229e+00  1.034440429937091466e+02  9.966960396643059994e+02
520 10401 2.518101e-01 2.502688e+01  1.593872272797404621e+00  1.733428248337820943e+00  1.034878480512422811e+02  1.000301414764474430e+04
521 10421 2.512113e-01 2.502760e+01  1.593872272797404621e+00  1.695485288382106548e+00  1.052920499011142681e+02  1.000305457494785514e+04
522 10441 2.496796e-01 2.503498e+01  1.593872272797404621e+00  1.741900828339317364e+00  1.051358471652410600e+02  1.000304680318949977e+04
523 10461 2.476800e-01 2.502833e+01  1.593872272797404621e+00  1.703318689202265368e+00  1.041375745324937583e+02  1.000304484892560140e+04
524 10481 2.456682e-01 2.502776e+01  1.593872272797404621e+00  1.671354694056388146e+00  1.036793697077806087e+02  9.934546291559394149e+02
525 10501 2.432583e-01 2.503453e+01  1.593872272797404621e+00  1.796381927939103784e+00  1.047293609045418634e+02  1.000303181726426556e+04
526 10521 2.416175e-01 2.503021e+01  1.593872272797404621e+00  1.747193459086081813e+00  1.040603893492302916e+02  9.943545092656773932e+02
527 10541 2.397333e-01 2.504312e+01  1.593872272797404621e+00  1.654025994686865619e+00  2.151596912111799043e+00  1.241752818022851841e+02
528 10561 2.386669e-01 2.504423e+01  1.593872272797404621e+00  1.829395515586599075e+00  1.040276561929630930e+02  1.000301457174091229e+04
529 10581 2.365569e-01 2.504796e+01  1.593872272797404621e+00  1.662397610929656100e+00  5.254711675610972321e+01  1.000302744455328684e+04
530 10601 2.347464e-01 2.505008e+01  1.593872272797404621e+00  1.724212145092351545e+00  1.047183291406693684e+02  1.000321439824807749e+04
531 10621 2.339658e-01 2.505776e+01  1.593872272797404621e+00  1.694077224804302784e+00  1.066825973943795702e+02  1.000301240104906901e+04
532 10641 2.329958e-01 2.506221e+01  1.593872272797404621e+00  1.765674397396581607e+00  1.049465637121984685e+02  1.000300488040005985e+04
533 10661 2.321005e-01 2.506080e+01  1.593872272797404621e+00  1.766494585136531459e+00  1.050026617982312871e+02  1.000304134806114052e+04
534 10681 2.320558e-01 2.507035e+01  1.593872272797404621e+00  1.729151561167720619e+00  1.896261762967126563e+00  1.000303043416392393e+04
535 10701 2.316691e-01 2.507987e+01  1.593872272797404621e+00  1.680830056602328648e+00  1.930028550852675551e+00  1.000300209942691617e+04
536 10721 2.321902e-01 2.508874e+01  1.593872272797404621e+00  1.694290005628420248e+00  1.927899141101510505e+00  1.000300060184965878e+04
537 10741 2.327434e-01 2.509676e+01  1.593872272797404621e+00  1.704204164717127545e+00  1.939824406816915925e+00  1.000306161760375653e+04
538 10761 2.330350e-01 2.510100e+01  1.593872272797404621e+00  1.707899262792890838e+00  1.030234697543774303e+02  1.000304012960940599e+04
539 10781 2.331884e-01 2.510187e+01  1.593872272797404621e+00  1.845033961407496648e+00  1.051186488071240603e+02  1.000304880953983775e+04
540 10801 2.340015e-01 2.509686e+01  1.593872272797404621e+00  1.704431562281408352e+00  1.036543008466089191e+02  1.000300738898710733e+04
541 10821 2.361687e-01 2.511399e+01  1.593872272797404621e+00  1.665137475257458588e+00  1.924536272115546343e+00  1.066017496960720905e+02
542 10841 2.374437e-01 2.512544e+01  1.593872272797404621e+00  1.688538220549592461e+00  1.887022339220382428e+00  9.905756115322825508e+02
543 10861 2.394137e-01 2.514551e+01  1.593872272797404621e+00  1.754207812743900252e+00  1.956677762029803258e+00  1.000300952311907713e+04
544 10881 2.411162e-01 2.514772e+01  1.593872272797404621e+00  1.781591724453880143e+00  1.039650002212423345e+02  1.000307011360487559e+04
545 10901 2.426281e-01 2.516564e+01  1.593872272797404621e+00  1.605818479001801968e+00  1.034364047075535780e+02  1.000301913759723175e+04
546 10921 2.440521e-01 2.518132e+01  1.593872272797404621e+00  1.692604376174601688e+00  1.974434832168868503e+00  1.000640363352772692e+04
547 10941 2.462122e-01 2.518638e+01  1.593872272797404621e+00  1.725022510936780940e+00  1.033322709783681006e+02  1.000305496720428710e+04
548 10961 2.484094e-01 2.519687e+01  1.593872272797404621e+00  1.685190199577301096e+00  1.034021035915378661e+02  1.000303564101013217e+04
549 10981 2.518175e-01 2.521115e+01  1.593872272797404621e+00  1.623490799521468686e+00  1.037162121946786044e+02  1.000307291603052727e+04
550 11001 2.548743e-01 2.522082e+01  1.593872272797404621e+00  1.723452824903888292e+00  5.255585733311447427e+01  1.000307362057146383e+04
551 11021 2.583378e-01 2.523646e+01  1.593872272797404621e+00  1.706911390428339725e+00  1.969682536098107173e+00  1.000315210710033352e+04
552 11041 2.614545e-01 2.527633e+01  1.593872272797404621e+00  1.677320233820214446e+00  1.954060704321344044e+00  1.000303193084137456e+04
553 11061 2.651316e-01 2.529121e+01  1.593872272797404621e+00  1.705323761062620624e+00  5.254305496081197902e+01  1.000314150773964138e+04
554 11081 2.688920e-01 2.529684e+01  1.593872272797404621e+00  1.677572532017832074e+00  1.912798567610586975e+00  1.000302860925093955e+04
555 11101 2.715969e-01 2.531505e+01  1.593872272797404621e+00  1.664138313797556279e+00  1.831926180651027858e+00  1.000300575796215162e+04
556 11121 2.755485e-01 2.533182e+01  1.593872272797404621e+00  1.677978453602445130e+00  5.264425295091069046e+01  1.000305127036057638e+04
557 11141 2.780404e-01 2.534264e+01  1.593872272797404621e+00  1.661985459005000054e+00  1.040329835296055307e+02  1.000303207986645975e+04
558 11161 2.807174e-01 2.535547e+01  1.593872272797404621e+00  1.643739436051343317e+00  2.005367007477292240e+00  1.070075634508872611e+02
559 11181 2.828278e-01 2.537253e+01  1.593872272797404621e+00  1.648200867527981561e+00  1.852326680651866564e+00  1.000304479602935135e+04
560 11201 2.833960e-01 2.539532e+01  1.593872272797404621e+00  1.698158191698305286e+00  5.265193108650838383e+01  1.000303858305278845e+04
561 11221 2.834428e-01 2.540936e+01  1.593872272797404621e+00  1.665199290489562722e+00  5.262881123145692186e+01  1.000307035959062887e+04
562 11241 2.832853e-01 2.542575e+01  1.593872272797404621e+00  1.629506079654269524e+00  1.046656133849933639e+02  1.000308651484266557e+04
563 11261 2.824905e-01 2.543752e+01  1.593872272797404621e+00  1.666134325659945903e+00  1.035608369045601904e+02  1.000303106594007295e+04
564 11281 2.819583e-01 2.544759e+01  1.593872272797404621e+00  1.670516399692422826e+00  1.866945577085796559e+00  1.000307353170439274e+04
565 11301 2.816121e-01 2.547172e+01  1.593872272797404621e+00  1.642149285902364086e+00  1.032340629296772505e+02  1.000306276323744714e+04
566 11321 2.802343e-01 2.548546e+01  1.593872272797404621e+00  1.624696651759979238e+00  1.036129022686318990e+02  1.000310314114536050e+04
567 11341 2.796792e-01 2.548901e+01  1.586286208872845327e+00  1.586286208872845327e+00  1.999923591954748225e+00  1.000303650146978362e+04
568 11361 2.800119e-01 2.549999e+01  1.586286208872845327e+00  1.624125652081246374e+00  1.033673318415930993e+02  1.000307370120471023e+04
569 11381 2.802724e-01 2.550321e+01  1.586286208872845327e+00  1.724506206803990027e+00  5.479103638043001183e+02  1.000304260039324981e+04
570 11401 2.806510e-01 2.550444e+01  1.586286208872845327e+00  1.619260361420140848e+00  1.035263332509999543e+02  1.000311721728943303e+04
571 11421 2.801806e-01 2.549626e+01  1.586286208872845327e+00  1.595266733551965466e+00  5.503528140285825430e+02  1.000311801115908565e+04
572 11441 2.815545e-01 2.550333e+01  1.586286208872845327e+00  1.724173095485700191e+00  1.038239975890981697e+02  1.000306216416598909e+04
573 11461 2.833389e-01 2.551754e+01  1.586286208872845327e+00  1.589360924177273482e+00  1.030490682019478896e+02  1.000304517433673391e+04
574 11481 2.844237e-01 2.553087e+01  1.586286208872845327e+00  1.702888014783716208e+00  1.042485212949890752e+02  1.000312902266829587e+04
575 11501 2.848063e-01 2.554412e+01  1.586286208872845327e+00  1.616669961013940782e+00  1.039661142337318722e+02  1.000304687360897697e+04
576 11521 2.857591e-01 2.556712e+01  1.586286208872845327e+00  1.620566274255111017e+00  5.259430916828548419e+01  1.000304800299905219e+04
577 11541 2.869127e-01 2.559065e+01  1.586286208872845327e+00  1.640917038484934309e+00  1.031735196000681327e+02  1.000311040179932388e+04
578 11561 2.886449e-01 2.560512e+01  1.586286208872845327e+00  1.660156332288986514e+00  1.034314772119791854e+02  1.000311536302613786e+04
579 11581 2.905973e-01 2.561487e+01  1.586286208872845327e+00  1.659358132179750367e+00  5.052708061824212564e+03  1.000317025151696726e+04
580 11601 2.925660e-01 2.562416e+01  1.586286208872845327e+00  1.654109484089067328e+00  2.115482713051167529e+00  1.000317100486256641e+04
581 11621 2.927039e-01 2.564067e+01  1.586286208872845327e+00  1.629389670700204462e+00  2.109336701830236471e+00  1.000314242632023706e+04
582 11641 2.926533e-01 2.564445e+01  1.586286208872845327e+00  1.646383478858286509e+00  1.823178936179674636e+00  1.000305278231595730e+04
583 11661 2.911353e-01 2.564668e+01  1.586286208872845327e+00  1.600168809668516712e+00  1.039541443727777335e+02  1.000305378829370966e+04
584 11681 2.896102e-01 2.566132e+01  1.586286208872845327e+00  1.699765267549027126e+00  1.034770776073000178e+02  1.000304861406077725e+04
585 11701 2.886475e-01 2.567243e+01  1.586286208872845327e+00  1.632546728367793243e+00  1.847866097717483225e+00  1.000300733898473663e+04
586 11721 2.876519e-01 2.568114e+01  1.586286208872845327e+00  1.681195499322852394e+00  5.268899328072153310e+01  1.000316032957926473e+04
587 11741 2.856922e-01 2.568404e+01  1.586286208872845327e+00  1.656474471537343396e+00  1.824463531710967201e+00  1.000302192024372380e+04
588 11761 2.847187e-01 2.568854e+01  1.586286208872845327e+00  1.630977431159580604e+00  1.765216347874973613e+00  1.000306107911267281e+04
589 11781 2.819591e-01 2.570137e+01  1.586286208872845327e+00  1.630528273051911503e+00  1.824194323823906227e+00  1.000302352036122102e+04
590 11801 2.787588e-01 2.569873e+01  1.586286208872845327e+00  1.617859566587890319e+00  5.260161404141289410e+01  1.000302634806919013e+04
591 11821 2.764967e-01 2.570055e+01  1.586286208872845327e+00  1.654006115858623893e+00  1.902374147540945248e+00  9.941179374519715566e+02
592 11841 2.739477e-01 2.571311e+01  1.586286208872845327e+00  1.635449926868244308e+00  5.266433697742831299e+01  1.000000000000000000e+04
593 11861 2.720405e-01 2.570327e+01  1.586286208872845327e+00  1.666888401170057543e+00  1.032151273156883065e+02  9.920968452807707081e+02
594 11881 2.702275e-01 2.572101e+01  1.586286208872845327e+00  1.634645042910075841e+00  1.966487370406945656e+00  1.000304154493570604e+04
595 11901 2.685852e-01 2.573262e+01  1.586286208872845327e+00  1.660569116703917603e+00  1.882740596807782829e+00  1.000304037967210206e+04
596 11921 2.669804e-01 2.573836e+01  1.586286208872845327e+00  1.636811611082169327e+00  1.034803369878123078e+02  1.000302666513650001e+04
597 11941 2.663986e-01 2.574952e+01  1.586286208872845327e+00  1.650405635080952615e+00  1.030745873532681998e+02  1.000303707742148435e+04
598 11961 2.651722e-01 2.575392e+01  1.586286208872845327e+00  1.685851484989347338e+00  1.047183630422329657e+02  1.000301360808714162e+04
599 11981 2.630529e-01 2.576690e+01  1.586286208872845327e+00  1.652872135756523253e+00  1.819122787087732451e+00  9.903311700531299948e+02
600 12001 2.596498e-01 2.577251e+01  1.586286208872845327e+00  1.648806254576626218e+00  1.783543003219872247e+00  1.000302952518229358e+04
