%  columns="iteration, evaluation, sigma, axis ratio, bestever, best, median, worst fitness function value, further objective values of best" (startseed=212448, 2017/09/26 20:17:35.49)
1 21 1.066610e+00 2.240698e+01  9.982192935874668365e+02  1.000000000000000000e+04  1.000197093931002382e+04  1.000279734300544806e+04
2 41 1.027591e+00 2.241336e+01  9.982192935874668365e+02  1.000175319245902938e+04  1.000195553535270847e+04  1.000262884084135294e+04
3 61 1.000037e+00 2.242718e+01  9.982192935874668365e+02  1.000181949050411640e+04  1.000207209763281935e+04  1.000263412878088093e+04
4 81 9.784903e-01 2.243702e+01  9.982192935874668365e+02  1.000181531588535290e+04  1.000208470960229170e+04  1.000254169066635222e+04
5 101 9.584703e-01 2.244034e+01  9.982192935874668365e+02  1.000176692208670102e+04  1.000202184944563123e+04  1.000247998405482213e+04
6 121 9.428947e-01 2.246527e+01  9.982192935874668365e+02  1.000179379757155039e+04  1.000197871469721213e+04  1.000254743432284158e+04
7 141 9.299669e-01 2.247199e+01  9.982192935874668365e+02  9.993733941157194067e+02  1.000194915109736030e+04  1.000250173577830537e+04
8 161 9.183567e-01 2.248527e+01  9.982192935874668365e+02  1.000178947657123354e+04  1.000200772721450994e+04  1.000239930367178022e+04
9 181 9.071038e-01 2.249088e+01  9.982192935874668365e+02  1.000177630577407035e+04  1.000191795672830631e+04  1.000274612319211155e+04
10 201 8.947053e-01 2.251060e+01  9.982192935874668365e+02  1.000180710768611425e+04  1.000203438896690568e+04  1.000249642640227830e+04
11 221 8.858899e-01 2.253629e+01  9.982192935874668365e+02  1.000180447887579430e+04  1.000193354940553945e+04  1.000252598132645471e+04
12 241 8.817547e-01 2.254329e+01  9.982192935874668365e+02  1.000179278187750060e+04  1.000190400121000857e+04  1.000256713125704118e+04
13 261 8.750561e-01 2.255471e+01  9.982192935874668365e+02  1.000180276742009482e+04  1.000193648216366455e+04  1.000205084543535122e+04
14 281 8.683118e-01 2.256756e+01  9.982192935874668365e+02  1.000177668177361920e+04  1.000199507254061245e+04  1.000241359868723885e+04
15 301 8.617051e-01 2.257957e+01  9.982192935874668365e+02  1.000179334127046241e+04  1.000192241706684399e+04  1.000251291009637134e+04
16 321 8.564790e-01 2.258400e+01  9.982192935874668365e+02  1.000179582500524884e+04  1.000204801743778444e+04  1.000241306157520557e+04
17 341 8.510823e-01 2.259582e+01  9.982192935874668365e+02  1.000179357981162684e+04  1.000193393096631189e+04  1.000236273972267554e+04
18 361 8.458682e-01 2.259966e+01  9.982192935874668365e+02  1.000180479113551155e+04  1.000202675784820349e+04  1.000276766163507455e+04
19 381 8.411140e-01 2.261326e+01  9.982192935874668365e+02  1.000180841666227025e+04  1.000196030434975546e+04  1.000238485173460685e+04
20 401 8.336830e-01 2.262235e+01  9.982192935874668365e+02  1.000178513156087865e+04  1.000192517031802709e+04  1.000243309394868447e+04
21 421 8.276110e-01 2.262607e+01  9.982192935874668365e+02  1.000177490007830784e+04  1.000187588275163216e+04  1.000233927667430544e+04
22 441 8.255473e-01 2.263648e+01  9.982192935874668365e+02  1.000179572367500805e+04  1.000193191627118358e+04  1.000225497881202318e+04
23 461 8.235468e-01 2.265444e+01  9.982192935874668365e+02  1.000181617594074669e+04  1.000191073766256886e+04  1.000235807986527107e+04
24 481 8.239740e-01 2.265667e+01  9.982192935874668365e+02  1.000177328204476544e+04  1.000188974396180129e+04  1.000215484462703171e+04
25 501 8.263324e-01 2.269385e+01  9.982192935874668365e+02  1.000177335204788687e+04  1.000198297557758997e+04  1.000250650862230759e+04
26 521 8.286221e-01 2.271246e+01  9.982192935874668365e+02  1.000176852106552724e+04  1.000190759825795067e+04  1.000233048380402397e+04
27 541 8.332238e-01 2.272721e+01  9.982192935874668365e+02  1.000175138301440529e+04  1.000189142860727588e+04  1.000232458598386074e+04
28 561 8.367014e-01 2.273886e+01  9.982192935874668365e+02  1.000179362777249116e+04  1.000191265723142897e+04  1.000209320030723939e+04
29 581 8.384429e-01 2.275953e+01  9.982192935874668365e+02  1.000179701879039203e+04  1.000193477235089085e+04  1.000246509419449467e+04
30 601 8.402669e-01 2.276307e+01  9.982192935874668365e+02  1.000000000000000000e+04  1.000196821279544201e+04  1.000235046483820952e+04
31 621 8.377579e-01 2.278517e+01  9.982192935874668365e+02  1.000179706316442935e+04  1.000188778173449282e+04  1.000223526411117746e+04
32 641 8.303411e-01 2.279879e+01  9.982192935874668365e+02  1.000177506136361626e+04  1.000196794408017013e+04  1.000251698962968112e+04
33 661 8.235964e-01 2.280408e+01  9.982192935874668365e+02  1.000176069058623943e+04  1.000190691378742122e+04  1.000233470913595374e+04
34 681 8.177370e-01 2.280989e+01  9.982192935874668365e+02  1.000177538980846475e+04  1.000185607847472056e+04  1.000229438634079452e+04
35 701 8.125413e-01 2.280706e+01  9.982192935874668365e+02  1.000175581401666022e+04  1.000196328573934625e+04  1.000237845752988869e+04
36 721 8.062753e-01 2.281250e+01  9.982192935874668365e+02  1.000175146489936196e+04  1.000190003301948673e+04  1.000243661134712238e+04
37 741 8.007897e-01 2.282815e+01  9.982192935874668365e+02  1.000179345089719391e+04  1.000199668765382739e+04  1.000251809071808748e+04
38 761 7.928971e-01 2.283881e+01  9.982192935874668365e+02  1.000177013526522569e+04  1.000197492688660896e+04  1.000235288390937603e+04
39 781 7.834448e-01 2.284043e+01  9.982192935874668365e+02  1.000180911444661069e+04  1.000198196455752986e+04  1.000232361899905300e+04
40 801 7.769043e-01 2.284115e+01  9.982192935874668365e+02  1.000181206136459332e+04  1.000190492854634249e+04  1.000211110865694718e+04
41 821 7.730867e-01 2.284305e+01  9.982192935874668365e+02  1.000180131641893240e+04  1.000191318903429419e+04  1.000236337660119898e+04
42 841 7.673616e-01 2.285518e+01  9.982192935874668365e+02  1.000175862092459465e+04  1.000186335678442629e+04  1.000201638854090743e+04
43 861 7.618805e-01 2.287274e+01  9.982192935874668365e+02  1.000177421057823813e+04  1.000185265219214853e+04  1.000208147477454986e+04
44 881 7.586120e-01 2.287967e+01  9.982192935874668365e+02  1.000000000000000000e+04  1.000186526478753876e+04  1.000232976800774304e+04
45 901 7.563638e-01 2.288045e+01  9.982192935874668365e+02  1.000177902032585007e+04  1.000185648432353810e+04  1.000210652997829675e+04
46 921 7.538780e-01 2.288989e+01  9.982192935874668365e+02  1.000000000000000000e+04  1.000184928932383627e+04  1.000236654387303315e+04
47 941 7.545761e-01 2.289612e+01  9.982192935874668365e+02  1.000176415900818029e+04  1.000185939185623465e+04  1.000222309782867887e+04
48 961 7.553582e-01 2.290784e+01  9.982192935874668365e+02  1.000176303324645414e+04  1.000189182617493861e+04  1.000326605281472075e+04
49 981 7.573087e-01 2.290846e+01  9.982192935874668365e+02  1.000175673652887417e+04  1.000188778237484257e+04  1.000208901865667576e+04
50 1001 7.587609e-01 2.292030e+01  9.982192935874668365e+02  1.000175858587962830e+04  1.000183991963090375e+04  1.000199054574490401e+04
51 1021 7.603160e-01 2.293128e+01  9.982192935874668365e+02  1.000000000000000000e+04  1.000183078133501476e+04  1.000213289738495223e+04
52 1041 7.618743e-01 2.293349e+01  9.982192935874668365e+02  1.000000000000000000e+04  1.000184938743233033e+04  1.000241551622118459e+04
53 1061 7.617703e-01 2.293430e+01  9.982192935874668365e+02  1.000177078982242710e+04  1.000183605964212074e+04  1.000222763677367584e+04
54 1081 7.644620e-01 2.293867e+01  9.982192935874668365e+02  1.000000000000000000e+04  1.000184623026439476e+04  1.000196680867003306e+04
55 1101 7.665402e-01 2.293797e+01  9.982192935874668365e+02  1.000000000000000000e+04  1.000187654386526265e+04  1.000234346077963164e+04
56 1121 7.691306e-01 2.293898e+01  9.982192935874668365e+02  1.000000000000000000e+04  1.000183912930266524e+04  1.000229250122075427e+04
57 1141 7.720452e-01 2.294433e+01  9.982192935874668365e+02  1.000000000000000000e+04  1.000183391392051999e+04  1.000206209497933924e+04
58 1161 7.725870e-01 2.294892e+01  9.982192935874668365e+02  1.000000000000000000e+04  1.000187857506941327e+04  1.000210987172554087e+04
59 1181 7.749169e-01 2.295643e+01  9.982192935874668365e+02  1.000000000000000000e+04  1.000181126707778094e+04  1.000205650531715582e+04
60 1201 7.738023e-01 2.296532e+01  9.982192935874668365e+02  1.000000000000000000e+04  1.000186681758016130e+04  1.000221922577396072e+04
61 1221 7.762176e-01 2.297505e+01  9.982192935874668365e+02  1.000000000000000000e+04  1.000180732593657740e+04  1.000218356795014006e+04
62 1241 7.763784e-01 2.297779e+01  9.982192935874668365e+02  1.000000000000000000e+04  1.000181822677433229e+04  1.000213892493915591e+04
63 1261 7.751664e-01 2.298367e+01  9.982192935874668365e+02  1.000000000000000000e+04  1.000182506229054525e+04  1.000201793230186377e+04
64 1281 7.757021e-01 2.298973e+01  9.982192935874668365e+02  1.000000000000000000e+04  1.000186038666740387e+04  1.000203990659913143e+04
65 1301 7.760840e-01 2.299387e+01  9.982192935874668365e+02  1.000000000000000000e+04  1.000180156426838221e+04  1.000230492540217710e+04
66 1321 7.786955e-01 2.301147e+01  9.982192935874668365e+02  1.000000000000000000e+04  1.000182185863240557e+04  1.000212993999437458e+04
67 1341 7.798988e-01 2.304188e+01  9.982192935874668365e+02  1.000175336999426690e+04  1.000187714156829861e+04  1.000228450847733257e+04
68 1361 7.842805e-01 2.305429e+01  9.982192935874668365e+02  1.000000000000000000e+04  1.000188219302462676e+04  1.000233891222292186e+04
69 1381 7.876031e-01 2.305101e+01  9.982192935874668365e+02  1.000176599018815432e+04  1.000185801139217438e+04  1.000207436311977290e+04
70 1401 7.908552e-01 2.306636e+01  9.982192935874668365e+02  1.000000000000000000e+04  1.000188934896261708e+04  1.000225793836842786e+04
71 1421 7.919956e-01 2.307576e+01  9.982192935874668365e+02  1.000000000000000000e+04  1.000182385260650699e+04  1.000213136191532612e+04
72 1441 7.965144e-01 2.309530e+01  9.982192935874668365e+02  1.000086650506878982e+03  1.000186091081714949e+04  1.000274593416529024e+04
73 1461 8.020577e-01 2.310603e+01  9.982192935874668365e+02  1.000000000000000000e+04  1.000182362257505520e+04  1.000235447559508430e+04
74 1481 8.064456e-01 2.312312e+01  9.982192935874668365e+02  1.000000000000000000e+04  1.000185540003173446e+04  1.000220861769684416e+04
75 1501 8.109246e-01 2.312676e+01  9.982192935874668365e+02  9.983649094253860312e+02  1.000184805176214286e+04  1.000253374979388354e+04
76 1521 8.181255e-01 2.313281e+01  9.982192935874668365e+02  1.000000000000000000e+04  1.000190923102705710e+04  1.000226387588497892e+04
77 1541 8.238824e-01 2.315909e+01  9.982192935874668365e+02  1.000000000000000000e+04  1.000183971012083566e+04  1.000219080139310790e+04
78 1561 8.259953e-01 2.317246e+01  9.982192935874668365e+02  1.000000000000000000e+04  1.000181506562557297e+04  1.000224535056351851e+04
79 1581 8.228208e-01 2.318227e+01  9.982192935874668365e+02  1.000175232803324798e+04  1.000180983739548901e+04  1.000251533491172268e+04
80 1601 8.202065e-01 2.320134e+01  9.982192935874668365e+02  1.000000000000000000e+04  1.000182147165614515e+04  1.000247616541591378e+04
81 1621 8.182443e-01 2.321525e+01  9.982192935874668365e+02  1.000000000000000000e+04  1.000184142376577074e+04  1.000228817977189101e+04
82 1641 8.125846e-01 2.322355e+01  9.982192935874668365e+02  1.000000000000000000e+04  1.000183883200741730e+04  1.000215340930597267e+04
83 1661 8.062206e-01 2.323430e+01  9.982192935874668365e+02  1.000000000000000000e+04  1.000177772484883462e+04  1.000245078248219215e+04
84 1681 8.021453e-01 2.324261e+01  9.982192935874668365e+02  1.000000000000000000e+04  1.000179948153924124e+04  1.000442936694173295e+04
85 1701 7.993245e-01 2.326066e+01  9.982192935874668365e+02  1.000000000000000000e+04  1.000186403109770617e+04  1.000210302357690671e+04
86 1721 7.980769e-01 2.326823e+01  9.982192935874668365e+02  1.000000000000000000e+04  1.000182637485480700e+04  1.000221283288586710e+04
87 1741 7.964939e-01 2.330014e+01  9.982192935874668365e+02  1.000092263144639787e+03  1.000186181775288969e+04  1.000218365576502401e+04
88 1761 7.979081e-01 2.331851e+01  9.982192935874668365e+02  1.000000000000000000e+04  1.000183205310898484e+04  1.000241982029112296e+04
89 1781 8.004753e-01 2.333575e+01  9.982192935874668365e+02  1.000000000000000000e+04  1.000178294637522413e+04  1.000229436102371983e+04
90 1801 7.992638e-01 2.334370e+01  9.982192935874668365e+02  1.000000000000000000e+04  1.000185029688019313e+04  1.000229849314536841e+04
91 1821 7.971650e-01 2.336205e+01  9.982192935874668365e+02  1.000180362329072523e+04  1.000199310706393226e+04  1.000240474361205088e+04
92 1841 7.925625e-01 2.338479e+01  9.982192935874668365e+02  1.000000000000000000e+04  1.000186171609180201e+04  1.000218594872543690e+04
93 1861 7.870483e-01 2.339971e+01  9.982192935874668365e+02  1.000000000000000000e+04  1.000196485720843884e+04  1.000236289431968726e+04
94 1881 7.817709e-01 2.342125e+01  9.982192935874668365e+02  1.000000000000000000e+04  1.000188910696117273e+04  1.000252581972532062e+04
95 1901 7.744271e-01 2.346289e+01  9.982192935874668365e+02  1.000000000000000000e+04  1.000196970528716702e+04  1.000233876499751204e+04
96 1921 7.666720e-01 2.348775e+01  9.982192935874668365e+02  1.000091238719432795e+03  1.000185964556208091e+04  1.000240935673340937e+04
97 1941 7.583638e-01 2.351136e+01  9.982192935874668365e+02  1.000000000000000000e+04  1.000180178693597190e+04  1.000228045635610397e+04
98 1961 7.514079e-01 2.352851e+01  9.982192935874668365e+02  1.000175002607344322e+04  1.000192406711164949e+04  1.000232867609137975e+04
99 1981 7.435398e-01 2.354061e+01  9.982192935874668365e+02  1.000000000000000000e+04  1.000185862990640089e+04  1.000243806505327666e+04
100 2001 7.323361e-01 2.354310e+01  9.982192935874668365e+02  1.000000000000000000e+04  1.000183436836659348e+04  1.000240986028488624e+04
101 2021 7.220339e-01 2.355285e+01  9.982192935874668365e+02  1.000000000000000000e+04  1.000189205433072493e+04  1.000236865954766472e+04
102 2041 7.141604e-01 2.356915e+01  9.982192935874668365e+02  1.000000000000000000e+04  1.000193093701848557e+04  1.000260291711656282e+04
103 2061 7.087337e-01 2.357961e+01  9.982192935874668365e+02  1.000000000000000000e+04  1.000185628639562492e+04  1.000220974867503537e+04
104 2081 6.990504e-01 2.358527e+01  9.982192935874668365e+02  1.000000000000000000e+04  1.000193478140445222e+04  1.000240350969688188e+04
105 2101 6.898969e-01 2.359157e+01  9.982192935874668365e+02  1.000000000000000000e+04  1.000182730104702205e+04  1.000231537125667637e+04
106 2121 6.854331e-01 2.360757e+01  9.982192935874668365e+02  1.000000000000000000e+04  1.000179654610600846e+04  1.000207362094266136e+04
107 2141 6.781215e-01 2.360986e+01  9.982192935874668365e+02  1.000000000000000000e+04  1.000182078057374747e+04  1.000236210103509075e+04
108 2161 6.687961e-01 2.361549e+01  9.982192935874668365e+02  1.000000000000000000e+04  1.000181544255065819e+04  1.000204769364281856e+04
109 2181 6.630379e-01 2.362555e+01  9.982192935874668365e+02  1.000000000000000000e+04  1.000180086616961125e+04  1.000276458649841516e+04
110 2201 6.561334e-01 2.363466e+01  9.982192935874668365e+02  9.996602057479468613e+02  1.000182207300262962e+04  1.000226149801847532e+04
111 2221 6.519374e-01 2.365005e+01  9.982192935874668365e+02  1.000000000000000000e+04  1.000181825761416076e+04  1.000212726617464978e+04
112 2241 6.500159e-01 2.365538e+01  9.982192935874668365e+02  1.000000000000000000e+04  1.000183698163939698e+04  1.000438538247923134e+04
113 2261 6.468388e-01 2.365823e+01  9.982192935874668365e+02  1.000000000000000000e+04  1.000185123650190508e+04  1.000210772577015450e+04
114 2281 6.435934e-01 2.366594e+01  9.982192935874668365e+02  1.000000000000000000e+04  1.000179831146992183e+04  1.000188097469228887e+04
115 2301 6.387812e-01 2.366573e+01  9.982192935874668365e+02  1.000000000000000000e+04  1.000186820750443803e+04  1.000231062554274831e+04
116 2321 6.352473e-01 2.367469e+01  9.982192935874668365e+02  1.000000000000000000e+04  1.000182016158205079e+04  1.000237232461251733e+04
117 2341 6.271334e-01 2.369355e+01  9.982192935874668365e+02  1.000000000000000000e+04  1.000182935449864817e+04  1.000217499196662357e+04
118 2361 6.223896e-01 2.370101e+01  9.982192935874668365e+02  1.000175599618323758e+04  1.000185309881227295e+04  1.000212846854137933e+04
119 2381 6.175612e-01 2.370642e+01  9.982192935874668365e+02  1.000000000000000000e+04  1.000182233443216683e+04  1.000224608552622885e+04
120 2401 6.106420e-01 2.370643e+01  9.982192935874668365e+02  1.000000000000000000e+04  1.000182672575968536e+04  1.000222153255454032e+04
121 2421 6.025114e-01 2.370954e+01  9.982192935874668365e+02  1.000000000000000000e+04  1.000178750717921685e+04  1.000216645777270605e+04
122 2441 5.931917e-01 2.372300e+01  9.982192935874668365e+02  9.983958918318716087e+02  1.000176616296595967e+04  1.000220181448225230e+04
123 2461 5.853513e-01 2.373361e+01  9.982192935874668365e+02  1.000000000000000000e+04  1.000179831193188147e+04  1.000212972126696513e+04
124 2481 5.797302e-01 2.374211e+01  9.982192935874668365e+02  1.000000000000000000e+04  1.000181607127920688e+04  1.000220740113639295e+04
125 2501 5.765017e-01 2.374844e+01  9.982192935874668365e+02  1.000088623618077463e+03  1.000180254397640419e+04  1.000446091347161382e+04
126 2521 5.731089e-01 2.376391e+01  9.982192935874668365e+02  1.000000000000000000e+04  1.000177237981922917e+04  1.000425236818920348e+04
