%  columns="iteration, evaluation, sigma, axis ratio, bestever, best, median, worst fitness function value, further objective values of best" (startseed=209886, 2017/08/1 17:45:10.87)
1 21 1.594475e+00 2.242050e+01  1.911658513953562455e+00  2.161877884633590874e+00  2.969129187478421805e+00  4.460834219403172263e+00
2 41 1.531376e+00 2.243991e+01  1.911658513953562455e+00  2.179522533989327382e+00  2.757369848387930311e+00  3.781175325018387046e+00
3 61 1.482214e+00 2.244795e+01  1.911658513953562455e+00  2.489217417135288546e+00  2.814648566299899901e+00  3.435222273477462895e+00
4 81 1.447062e+00 2.245978e+01  1.911658513953562455e+00  2.402041595074924096e+00  3.033768607382131055e+00  4.232450276080673035e+00
5 101 1.408920e+00 2.247291e+01  1.911658513953562455e+00  2.130156535410536289e+00  2.812825501761146985e+00  3.627212510037456816e+00
6 121 1.382507e+00 2.248000e+01  1.911658513953562455e+00  2.232495544335669990e+00  2.814852601145438449e+00  3.636863162831788898e+00
7 141 1.359461e+00 2.248389e+01  1.911658513953562455e+00  2.206141868637645054e+00  2.671314411316897619e+00  3.328229871327077039e+00
8 161 1.346641e+00 2.248958e+01  1.911658513953562455e+00  2.286781140718277872e+00  2.751147396319534089e+00  3.747435220443822157e+00
9 181 1.339521e+00 2.249135e+01  1.911658513953562455e+00  2.157233506827276770e+00  2.690149091064950149e+00  3.243514748662238656e+00
10 201 1.337337e+00 2.250090e+01  1.911658513953562455e+00  2.398201061589450678e+00  2.670407441760243916e+00  3.528988749288794580e+00
11 221 1.332764e+00 2.250954e+01  1.911658513953562455e+00  2.385291740624372547e+00  2.629983756852242394e+00  3.226331676736338139e+00
12 241 1.323412e+00 2.253669e+01  1.911658513953562455e+00  2.259595351926051432e+00  2.641561169406622334e+00  3.696859145311828687e+00
13 261 1.310377e+00 2.254994e+01  1.911658513953562455e+00  2.337744575927154678e+00  2.729153695629495502e+00  3.531818559252617007e+00
14 281 1.298393e+00 2.256789e+01  1.911658513953562455e+00  2.250019594330513240e+00  2.699285449205943266e+00  3.290813957634328712e+00
15 301 1.292057e+00 2.257986e+01  1.911658513953562455e+00  2.098690071253316969e+00  2.626171542281009241e+00  3.462840747389607454e+00
16 321 1.285982e+00 2.260085e+01  1.911658513953562455e+00  2.200187606382669525e+00  2.568384251352473946e+00  3.121719361688742644e+00
17 341 1.274034e+00 2.262382e+01  1.911658513953562455e+00  2.202425961910422281e+00  2.444611135788920642e+00  3.123734110109894768e+00
18 361 1.259923e+00 2.262715e+01  1.911658513953562455e+00  2.125403702700897846e+00  2.398419643719335248e+00  3.170127781979076964e+00
19 381 1.247624e+00 2.263219e+01  1.911658513953562455e+00  2.074984971069286477e+00  2.622380901972363176e+00  3.540869162507560564e+00
20 401 1.232706e+00 2.263753e+01  1.911658513953562455e+00  2.084093162707846059e+00  2.478135750342380206e+00  3.202679330772829402e+00
21 421 1.218046e+00 2.263594e+01  1.911658513953562455e+00  2.228706705843682023e+00  2.493953656970871791e+00  3.241624423801432453e+00
22 441 1.205692e+00 2.267969e+01  1.911658513953562455e+00  2.160746394557651495e+00  2.511716596103166665e+00  2.951913362728377344e+00
23 461 1.197727e+00 2.269838e+01  1.911658513953562455e+00  2.197647944586243351e+00  2.535134116502160140e+00  3.308275039538397522e+00
24 481 1.193532e+00 2.270993e+01  1.911658513953562455e+00  2.208803000357769886e+00  2.606711419250049566e+00  3.388039561884058859e+00
25 501 1.188333e+00 2.273158e+01  1.911658513953562455e+00  2.120470780647825570e+00  2.465953128198468569e+00  3.467786394003096184e+00
26 521 1.189537e+00 2.274351e+01  1.911658513953562455e+00  2.189271316847755333e+00  2.541135367173485982e+00  3.706424765037959812e+00
27 541 1.194203e+00 2.274759e+01  1.911658513953562455e+00  2.083241245489102944e+00  2.425282834366482732e+00  2.834018612845230045e+00
28 561 1.199154e+00 2.274725e+01  1.911658513953562455e+00  2.261590053318877303e+00  2.535519212193493299e+00  3.329576207795337695e+00
29 581 1.208381e+00 2.274446e+01  1.911658513953562455e+00  2.228304674069554903e+00  2.599882320592199036e+00  2.875953772936718611e+00
30 601 1.216092e+00 2.275222e+01  1.911658513953562455e+00  2.168120700474479357e+00  2.514843426993801589e+00  3.046033377020011201e+00
31 621 1.221403e+00 2.275573e+01  1.911658513953562455e+00  2.141716116394118963e+00  2.448826456500297954e+00  3.008693359895811437e+00
32 641 1.225969e+00 2.275961e+01  1.911658513953562455e+00  2.117334360210532118e+00  2.373489378411861139e+00  3.222067801477520366e+00
33 661 1.230234e+00 2.276387e+01  1.911658513953562455e+00  2.162958689452747052e+00  2.577678042252345314e+00  3.206430620038522417e+00
34 681 1.228144e+00 2.277134e+01  1.911658513953562455e+00  2.205837638430879988e+00  2.570141365491588559e+00  3.504074352697950978e+00
35 701 1.223728e+00 2.277647e+01  1.911658513953562455e+00  2.219307550537956253e+00  2.529197363257078557e+00  3.607120016323674516e+00
36 721 1.223647e+00 2.277839e+01  1.911658513953562455e+00  2.229866089475627700e+00  2.585604136998167490e+00  3.252915688568954522e+00
37 741 1.229364e+00 2.280159e+01  1.911658513953562455e+00  2.202516488988938814e+00  2.407896282523191989e+00  2.952332003404075866e+00
38 761 1.235119e+00 2.281649e+01  1.911658513953562455e+00  2.125265629447594229e+00  2.490688844363470267e+00  3.333991528347070687e+00
39 781 1.234970e+00 2.281962e+01  1.911658513953562455e+00  2.132790817504371272e+00  2.482896940719263590e+00  3.126966013985858606e+00
40 801 1.234929e+00 2.282178e+01  1.911658513953562455e+00  2.157901153577194364e+00  2.545851132285988694e+00  3.646120621218281066e+00
41 821 1.233002e+00 2.282967e+01  1.911658513953562455e+00  2.101106466052002908e+00  2.455090296311800202e+00  3.260200089147887947e+00
42 841 1.226346e+00 2.284560e+01  1.911658513953562455e+00  2.116323497287548427e+00  2.437284059092962529e+00  3.086435383478924432e+00
43 861 1.223461e+00 2.285151e+01  1.911658513953562455e+00  2.067950857464861070e+00  2.454813901410294541e+00  2.861102565448271573e+00
44 881 1.218072e+00 2.286762e+01  1.911658513953562455e+00  2.215595046925606493e+00  2.441482643570179079e+00  3.183392297012158867e+00
45 901 1.208828e+00 2.287958e+01  1.911658513953562455e+00  2.182866766873925446e+00  2.467615424651024014e+00  2.998427764807362728e+00
46 921 1.201582e+00 2.288123e+01  1.911658513953562455e+00  2.300588589721398236e+00  2.519013729723999617e+00  2.909120891387277474e+00
47 941 1.193538e+00 2.290046e+01  1.911658513953562455e+00  2.073046939546951517e+00  2.496385752420259951e+00  3.173106607916288180e+00
48 961 1.186854e+00 2.290179e+01  1.911658513953562455e+00  2.105499918790258107e+00  2.364526673113107602e+00  2.747936174259545616e+00
49 981 1.176793e+00 2.290422e+01  1.911658513953562455e+00  2.255078387491967540e+00  2.547805965455602006e+00  3.001798471212548058e+00
50 1001 1.171512e+00 2.291785e+01  1.911658513953562455e+00  2.239371265857966087e+00  2.448328182488264559e+00  3.614724540655534391e+00
51 1021 1.167296e+00 2.292128e+01  1.911658513953562455e+00  2.143232895943692373e+00  2.490035158018988781e+00  2.762260107561019584e+00
52 1041 1.157564e+00 2.292487e+01  1.911658513953562455e+00  2.134419344661243834e+00  2.417747797365652485e+00  3.059107101353634839e+00
53 1061 1.148802e+00 2.292926e+01  1.911658513953562455e+00  2.266543435674675422e+00  2.539651928801111680e+00  2.951885792293947208e+00
54 1081 1.139227e+00 2.293130e+01  1.911658513953562455e+00  2.209713526029664976e+00  2.512294100292581156e+00  2.874932499827123511e+00
55 1101 1.129750e+00 2.293261e+01  1.911658513953562455e+00  2.204103894950753428e+00  2.623018491345123770e+00  3.139769788622307267e+00
56 1121 1.124737e+00 2.294559e+01  1.911658513953562455e+00  2.209202171229894152e+00  2.442351996518445034e+00  2.821497659434282212e+00
57 1141 1.120928e+00 2.295436e+01  1.911658513953562455e+00  2.231526214408569242e+00  2.449120866265208640e+00  2.881801673790342466e+00
58 1161 1.115226e+00 2.297479e+01  1.911658513953562455e+00  2.178153767192858137e+00  2.412588518857137210e+00  2.726600980840846677e+00
59 1181 1.106307e+00 2.298469e+01  1.911658513953562455e+00  2.180521413201513603e+00  2.414436997994680034e+00  2.832106755665132258e+00
60 1201 1.096076e+00 2.299873e+01  1.911658513953562455e+00  2.178093330542818507e+00  2.471207650196602934e+00  3.208323950542363967e+00
61 1221 1.088646e+00 2.300332e+01  1.911658513953562455e+00  2.132673688042371118e+00  2.537530941844267751e+00  3.002147231376437908e+00
62 1241 1.078726e+00 2.301741e+01  1.911658513953562455e+00  2.233169060531015049e+00  2.424258719646364746e+00  2.932912989999570286e+00
63 1261 1.078192e+00 2.302356e+01  1.911658513953562455e+00  2.123655363911137517e+00  2.457159236967084048e+00  3.048024549971461550e+00
64 1281 1.081059e+00 2.304167e+01  1.911658513953562455e+00  2.206204887974223983e+00  2.355770507094435473e+00  2.678756865058329772e+00
65 1301 1.085870e+00 2.305787e+01  1.911658513953562455e+00  2.094866277760908613e+00  2.346734913288050173e+00  2.828766982469866687e+00
66 1321 1.090181e+00 2.308888e+01  1.911658513953562455e+00  2.158871723684459010e+00  2.400154337260922421e+00  3.294228987655963614e+00
67 1341 1.096797e+00 2.308899e+01  1.911658513953562455e+00  2.205641045159281166e+00  2.503426132299490625e+00  3.002930419240192439e+00
68 1361 1.094082e+00 2.308832e+01  1.911658513953562455e+00  2.173917691636168659e+00  2.393820113208335876e+00  3.059290985419089726e+00
69 1381 1.092656e+00 2.309480e+01  1.911658513953562455e+00  2.151387774356779303e+00  2.377126961835731578e+00  2.909136211150110007e+00
70 1401 1.090087e+00 2.310176e+01  1.911658513953562455e+00  2.180728886351426699e+00  2.428670624859835314e+00  3.019171984736817471e+00
71 1421 1.084468e+00 2.310284e+01  1.911658513953562455e+00  2.193236287766530346e+00  2.423873951394443615e+00  3.284159760053154464e+00
72 1441 1.084153e+00 2.311069e+01  1.911658513953562455e+00  2.248969035946983830e+00  2.425347816184602046e+00  2.968089037928991480e+00
73 1461 1.086126e+00 2.313826e+01  1.911658513953562455e+00  2.202355701276640154e+00  2.463295429389744662e+00  2.848316333526110800e+00
74 1481 1.082056e+00 2.314628e+01  1.911658513953562455e+00  2.202112326779555929e+00  2.376553529659398922e+00  2.706675001065299568e+00
75 1501 1.077975e+00 2.316060e+01  1.911658513953562455e+00  2.213955395110148938e+00  2.442961026686052417e+00  2.815636257116069796e+00
76 1521 1.078440e+00 2.316576e+01  1.911658513953562455e+00  2.203178044784658063e+00  2.418083955916472405e+00  2.850136853399227732e+00
77 1541 1.079918e+00 2.317538e+01  1.911658513953562455e+00  2.169836543381265859e+00  2.466628851157986801e+00  2.794565866320547265e+00
78 1561 1.080646e+00 2.318651e+01  1.911658513953562455e+00  2.194295289353026313e+00  2.378609661634636829e+00  2.741524547654151434e+00
79 1581 1.083595e+00 2.319749e+01  1.911658513953562455e+00  2.295293429801092522e+00  2.410816739691918453e+00  3.016497740057752619e+00
80 1601 1.077465e+00 2.319728e+01  1.911658513953562455e+00  2.144311632889178476e+00  2.372638384111078302e+00  2.789242980714161657e+00
81 1621 1.068559e+00 2.322691e+01  1.911658513953562455e+00  2.201179425237129283e+00  2.411135337825701441e+00  2.745605848692283857e+00
82 1641 1.064585e+00 2.323031e+01  1.911658513953562455e+00  2.196111386567893398e+00  2.384349328263936307e+00  2.738311339870327821e+00
83 1661 1.060971e+00 2.325352e+01  1.911658513953562455e+00  2.193405591949452393e+00  2.386494261913290060e+00  2.777218283659054432e+00
84 1681 1.057080e+00 2.325301e+01  1.911658513953562455e+00  2.240907591124626119e+00  2.406808051964500095e+00  2.887262692118843344e+00
85 1701 1.052825e+00 2.325966e+01  1.911658513953562455e+00  2.212441548261429247e+00  2.319785350106291943e+00  2.686262996604688258e+00
86 1721 1.050157e+00 2.326952e+01  1.911658513953562455e+00  2.137472593671497112e+00  2.372245135309964947e+00  3.130535283439438210e+00
87 1741 1.053486e+00 2.327670e+01  1.911658513953562455e+00  2.152330472723440469e+00  2.327035487345790798e+00  2.724906038899997718e+00
88 1761 1.051905e+00 2.328225e+01  1.911658513953562455e+00  2.174945504737524349e+00  2.308648154454726154e+00  3.001030652552830080e+00
89 1781 1.042197e+00 2.329284e+01  1.911658513953562455e+00  2.054930186326918928e+00  2.251663721091365034e+00  2.705575942577235882e+00
90 1801 1.028861e+00 2.331148e+01  1.911658513953562455e+00  2.089553543956649051e+00  2.358175595514713230e+00  2.954966935856577326e+00
91 1821 1.018478e+00 2.332718e+01  1.911658513953562455e+00  2.060683184184961991e+00  2.314632855740864859e+00  3.135721386263594646e+00
92 1841 1.013042e+00 2.333572e+01  1.911658513953562455e+00  2.115813139790770236e+00  2.326309072223330610e+00  2.780230252211056019e+00
93 1861 1.006457e+00 2.334447e+01  1.911658513953562455e+00  2.089294677820064283e+00  2.391271307100194754e+00  2.696164188422526475e+00
94 1881 9.967908e-01 2.335199e+01  1.911658513953562455e+00  2.113877548760790148e+00  2.266055527279606352e+00  3.232523941306016280e+00
95 1901 9.931076e-01 2.337661e+01  1.911658513953562455e+00  2.254828853041347170e+00  2.361597248106824587e+00  2.645562733873341621e+00
96 1921 9.868466e-01 2.341141e+01  1.911658513953562455e+00  2.128106085384324775e+00  2.368152595677692762e+00  2.582186536136990451e+00
97 1941 9.754210e-01 2.342970e+01  1.911658513953562455e+00  2.189339244036193399e+00  2.398046958320849242e+00  2.716079807334817797e+00
98 1961 9.654459e-01 2.344427e+01  1.911658513953562455e+00  2.148294115963898854e+00  2.292280476956540802e+00  2.671182057612158545e+00
99 1981 9.566639e-01 2.346437e+01  1.911658513953562455e+00  2.122369750898255525e+00  2.269703901047761541e+00  2.708975170872652605e+00
100 2001 9.523910e-01 2.347580e+01  1.911658513953562455e+00  2.159130274100805824e+00  2.302836349000163096e+00  2.643766020066050881e+00
101 2021 9.464364e-01 2.350170e+01  1.911658513953562455e+00  2.137141954592392423e+00  2.352691644000761251e+00  2.571373398394620313e+00
102 2041 9.429783e-01 2.353048e+01  1.911658513953562455e+00  2.106244930965272211e+00  2.300880672720658104e+00  2.725373881899754824e+00
103 2061 9.394899e-01 2.355231e+01  1.911658513953562455e+00  2.104429306638536445e+00  2.256765006957634156e+00  2.783177802376104903e+00
104 2081 9.347756e-01 2.356245e+01  1.911658513953562455e+00  2.166543844276400232e+00  2.338796845648485334e+00  2.646239960664063418e+00
105 2101 9.269759e-01 2.356977e+01  1.911658513953562455e+00  2.135266757772555035e+00  2.362224027209346655e+00  5.215281568585233174e+00
106 2121 9.162534e-01 2.358153e+01  1.911658513953562455e+00  2.102155843483830555e+00  2.342019477027810659e+00  2.720328398425122529e+00
107 2141 9.070382e-01 2.359667e+01  1.911658513953562455e+00  2.095124783162494619e+00  2.213320477546587117e+00  2.580817245253157033e+00
108 2161 8.976407e-01 2.360934e+01  1.911658513953562455e+00  2.112975828778560938e+00  2.294310100583324186e+00  2.746342923289057936e+00
109 2181 8.893642e-01 2.365131e+01  1.911658513953562455e+00  2.118920221871674059e+00  2.348728593679831000e+00  2.803073956213935958e+00
110 2201 8.827007e-01 2.366289e+01  1.911658513953562455e+00  2.145788807571086032e+00  2.312215805509658217e+00  2.729264695821333131e+00
111 2221 8.710307e-01 2.368743e+01  1.911658513953562455e+00  2.094719960637507317e+00  2.273589897431795848e+00  2.721634467454191242e+00
112 2241 8.577879e-01 2.369911e+01  1.911658513953562455e+00  2.066502033108381209e+00  2.235706699998959657e+00  2.525645982790267308e+00
113 2261 8.471924e-01 2.372253e+01  1.911658513953562455e+00  2.127781942536772330e+00  2.313288821975235443e+00  2.634807635086032551e+00
114 2281 8.329168e-01 2.373847e+01  1.911658513953562455e+00  2.100849373551389565e+00  2.276362598746788812e+00  3.075660278465861541e+00
115 2301 8.233915e-01 2.374223e+01  1.911658513953562455e+00  2.105906015711787482e+00  2.229173941938168202e+00  2.580383471117762006e+00
116 2321 8.155229e-01 2.376328e+01  1.911658513953562455e+00  2.123070162902353175e+00  2.236214181188145744e+00  5.337606646764502472e+00
117 2341 8.084997e-01 2.379403e+01  1.911658513953562455e+00  2.086754551300524341e+00  2.225113270226024120e+00  2.519599773975123913e+00
118 2361 7.977362e-01 2.381427e+01  1.911658513953562455e+00  2.066647550566974800e+00  2.196339733888112100e+00  2.462668110983159409e+00
119 2381 7.910294e-01 2.384128e+01  1.911658513953562455e+00  2.065164800771228659e+00  2.211055669350887598e+00  2.568917541016332073e+00
120 2401 7.890197e-01 2.385651e+01  1.911658513953562455e+00  2.077947856273579585e+00  2.175974808405138461e+00  2.347163893994109962e+00
121 2421 7.894339e-01 2.388145e+01  1.911658513953562455e+00  2.063759440027381320e+00  2.235314271144408060e+00  2.426316064071137646e+00
122 2441 7.827076e-01 2.390846e+01  1.911658513953562455e+00  2.073093479413506302e+00  2.254367727669641663e+00  3.087537061084162371e+00
123 2461 7.750753e-01 2.393944e+01  1.911658513953562455e+00  2.119691879975786009e+00  2.249746975814308048e+00  2.616520610452344631e+00
124 2481 7.695402e-01 2.396614e+01  1.911658513953562455e+00  2.088086428221750612e+00  2.248714366354572114e+00  2.584896895333276934e+00
125 2501 7.659086e-01 2.399365e+01  1.911658513953562455e+00  2.048927149796015534e+00  2.178639850175943860e+00  2.546298979057288747e+00
126 2521 7.615647e-01 2.402042e+01  1.911658513953562455e+00  2.062979700560657381e+00  2.191568378103335046e+00  2.567947904822690752e+00
127 2541 7.561806e-01 2.404348e+01  1.911658513953562455e+00  2.029449491276926310e+00  2.183004101868342595e+00  2.589130483491143053e+00
128 2561 7.479218e-01 2.407293e+01  1.911658513953562455e+00  2.048899479749152874e+00  2.183678386364423130e+00  2.710269925796681356e+00
129 2581 7.406918e-01 2.409572e+01  1.911658513953562455e+00  2.074697665233407040e+00  2.199071234213457071e+00  2.462258968567027306e+00
130 2601 7.386477e-01 2.413376e+01  1.911658513953562455e+00  2.089618028511010195e+00  2.226553842924166915e+00  2.501115664708514430e+00
131 2621 7.357771e-01 2.418256e+01  1.911658513953562455e+00  2.062425302675154892e+00  2.184313129664781528e+00  2.391580573535104559e+00
132 2641 7.352144e-01 2.420973e+01  1.911658513953562455e+00  2.013030010447907969e+00  2.162768573879108924e+00  2.426187118199584436e+00
133 2661 7.319121e-01 2.423962e+01  1.911658513953562455e+00  2.041158677842168423e+00  2.123779801811346513e+00  2.278366418270411753e+00
134 2681 7.253736e-01 2.426575e+01  1.911658513953562455e+00  2.058114708944296822e+00  2.162516867954509703e+00  2.318663533927287190e+00
135 2701 7.212906e-01 2.429188e+01  1.911658513953562455e+00  2.079878023308646018e+00  2.151928068801042926e+00  2.366994068706513854e+00
136 2721 7.191141e-01 2.432739e+01  1.911658513953562455e+00  2.033667780427717009e+00  2.184498770966876613e+00  2.508033521254727116e+00
137 2741 7.132691e-01 2.433073e+01  1.911658513953562455e+00  2.019406600911217264e+00  2.168910304012306334e+00  2.317392776470309279e+00
138 2761 7.075115e-01 2.433719e+01  1.911658513953562455e+00  2.105378566470452739e+00  2.172086824371509017e+00  2.439263966154391117e+00
139 2781 7.009282e-01 2.435584e+01  1.911658513953562455e+00  2.089806766766964863e+00  2.159369799030550041e+00  2.385212843813871775e+00
140 2801 6.912323e-01 2.436569e+01  1.911658513953562455e+00  2.048144679827841319e+00  2.153891727861939831e+00  2.365930642949643392e+00
141 2821 6.813339e-01 2.436452e+01  1.911658513953562455e+00  2.028977651960551576e+00  2.135547339845541348e+00  2.713315042613451578e+00
142 2841 6.705067e-01 2.436652e+01  1.911658513953562455e+00  2.028405323331023080e+00  2.164752281336629558e+00  2.485958152993198667e+00
143 2861 6.658719e-01 2.437640e+01  1.911658513953562455e+00  2.046362759025912581e+00  2.159914334163048011e+00  2.421492586293394034e+00
144 2881 6.616904e-01 2.438850e+01  1.911658513953562455e+00  2.007978348474063424e+00  2.140834098990620493e+00  2.399285492583839385e+00
145 2901 6.536965e-01 2.440136e+01  1.911658513953562455e+00  2.030199834778632528e+00  2.145893325458848366e+00  2.487831285252823488e+00
146 2921 6.487196e-01 2.440256e+01  1.911658513953562455e+00  2.013578037108313179e+00  2.102798199561596970e+00  2.330939157168461673e+00
147 2941 6.434004e-01 2.441102e+01  1.911658513953562455e+00  2.018910631954804469e+00  2.096384675821533428e+00  2.434702807827510807e+00
148 2961 6.395744e-01 2.442439e+01  1.911658513953562455e+00  2.021782049961697858e+00  2.098830049611103643e+00  2.197887298297116487e+00
149 2981 6.365168e-01 2.444069e+01  1.911658513953562455e+00  2.037221626565788757e+00  2.130819733946187178e+00  2.423463072194732781e+00
150 3001 6.325506e-01 2.443700e+01  1.911658513953562455e+00  2.045617789028801425e+00  2.165389968436536527e+00  2.439863250220427382e+00
151 3021 6.269246e-01 2.444136e+01  1.911658513953562455e+00  2.054269685422564162e+00  2.111349576622913560e+00  2.301061683957613013e+00
152 3041 6.195720e-01 2.444806e+01  1.911658513953562455e+00  2.031439405523420838e+00  2.160354020274985132e+00  2.442910438940215645e+00
153 3061 6.109822e-01 2.444778e+01  1.911658513953562455e+00  2.052551437094888076e+00  2.147320954591343423e+00  5.113782299434098455e+00
154 3081 6.032115e-01 2.445825e+01  1.911658513953562455e+00  2.027277750337555418e+00  2.124961761148939310e+00  2.192207773043478802e+00
155 3101 5.979853e-01 2.446439e+01  1.911658513953562455e+00  1.993199914604262046e+00  2.119202984444257254e+00  2.197215834224162112e+00
156 3121 5.969523e-01 2.447019e+01  1.911658513953562455e+00  2.055228978657649641e+00  2.146120957578933286e+00  2.323905038709155768e+00
157 3141 5.944180e-01 2.447367e+01  1.911658513953562455e+00  2.020379532778494358e+00  2.097994506880036525e+00  2.390661537466446163e+00
158 3161 5.946818e-01 2.447309e+01  1.911658513953562455e+00  2.018387315271243931e+00  2.112283378518350574e+00  2.347579654894142553e+00
159 3181 5.956167e-01 2.448503e+01  1.911658513953562455e+00  2.004204059422058037e+00  2.087875515801576931e+00  2.344748667509636952e+00
160 3201 5.976240e-01 2.448278e+01  1.911658513953562455e+00  2.029906913931748047e+00  2.145524954658101002e+00  2.328015360168473435e+00
161 3221 6.006875e-01 2.449756e+01  1.911658513953562455e+00  2.027061465322174794e+00  2.193515994930945290e+00  2.404275414974918146e+00
162 3241 6.016406e-01 2.451947e+01  1.911658513953562455e+00  2.011855211977716884e+00  2.136702569327049162e+00  2.263020677043024786e+00
163 3261 6.006548e-01 2.453969e+01  1.911658513953562455e+00  2.007118332461325316e+00  2.097463603060813586e+00  2.322223557274449401e+00
164 3281 5.982954e-01 2.454373e+01  1.911658513953562455e+00  2.007718675400397945e+00  2.113233821921311151e+00  2.238316669270368653e+00
165 3301 5.977357e-01 2.454656e+01  1.911658513953562455e+00  2.023504980629837746e+00  2.137331758334878096e+00  2.320549731226960954e+00
166 3321 5.946322e-01 2.456588e+01  1.911658513953562455e+00  2.025042541631439263e+00  2.092762678383524033e+00  2.250568475206787156e+00
167 3341 5.947231e-01 2.457333e+01  1.911658513953562455e+00  2.008530000583197861e+00  2.138738161543992433e+00  2.357779656635092369e+00
168 3361 5.992661e-01 2.456969e+01  1.911658513953562455e+00  2.043338085960725525e+00  2.122614382463340554e+00  2.214877934540913973e+00
169 3381 6.036035e-01 2.459562e+01  1.911658513953562455e+00  2.038552058730322969e+00  2.121450837282427226e+00  2.360964514014030069e+00
170 3401 6.078844e-01 2.460033e+01  1.911658513953562455e+00  2.041104129461736694e+00  2.140745008267584737e+00  2.466097732501278728e+00
171 3421 6.129817e-01 2.461306e+01  1.911658513953562455e+00  2.052014395437309791e+00  2.151753767744090773e+00  2.335501524277883156e+00
172 3441 6.213586e-01 2.463432e+01  1.911658513953562455e+00  2.058849683605029401e+00  2.184428969820385369e+00  2.372112720513924078e+00
173 3461 6.316592e-01 2.464244e+01  1.911658513953562455e+00  2.076364562224583210e+00  2.153269316129271527e+00  2.485317804451493195e+00
174 3481 6.397689e-01 2.464508e+01  1.911658513953562455e+00  2.037396951830327652e+00  2.167507901154958727e+00  2.303241002726254205e+00
175 3501 6.429687e-01 2.465299e+01  1.911658513953562455e+00  2.053378310352471203e+00  2.099858504649383839e+00  2.352308133294160886e+00
176 3521 6.450854e-01 2.467972e+01  1.911658513953562455e+00  2.009551840088791064e+00  2.144730773403267676e+00  2.562391099571767583e+00
177 3541 6.496633e-01 2.469473e+01  1.911658513953562455e+00  2.056533457346134686e+00  2.115355929951931557e+00  2.383923677364884863e+00
178 3561 6.540900e-01 2.472752e+01  1.911658513953562455e+00  2.047307706900147295e+00  2.169132860373363059e+00  2.365163152632093535e+00
179 3581 6.572398e-01 2.475447e+01  1.911658513953562455e+00  2.022843548192659213e+00  2.124153466539953072e+00  2.302792410620017272e+00
180 3601 6.585339e-01 2.477453e+01  1.911658513953562455e+00  2.039803920517141655e+00  2.170210594454427877e+00  2.393965810195186172e+00
181 3621 6.606569e-01 2.478003e+01  1.911658513953562455e+00  1.995086305644505176e+00  2.125458122068256017e+00  2.364726334893197279e+00
182 3641 6.605760e-01 2.478652e+01  1.911658513953562455e+00  2.050493522049950723e+00  2.155480751182285992e+00  2.319112238527665237e+00
183 3661 6.607767e-01 2.478957e+01  1.911658513953562455e+00  2.046981531437959578e+00  2.144943877808204835e+00  2.385782595789562421e+00
184 3681 6.604690e-01 2.478613e+01  1.911658513953562455e+00  2.035702914976861067e+00  2.141633476723750817e+00  2.377672665739313018e+00
185 3701 6.592601e-01 2.479508e+01  1.911658513953562455e+00  2.045877566757749566e+00  2.129635526454749961e+00  2.463413229789804593e+00
186 3721 6.558355e-01 2.480863e+01  1.911658513953562455e+00  2.065057398720712811e+00  2.129127320282448999e+00  2.564579935688858559e+00
187 3741 6.537021e-01 2.482282e+01  1.911658513953562455e+00  1.977800041227973260e+00  2.184374977365151516e+00  2.620149417810582193e+00
188 3761 6.508513e-01 2.482173e+01  1.911658513953562455e+00  2.010290717856446197e+00  2.119202442488759885e+00  2.404148022639466920e+00
189 3781 6.473918e-01 2.482578e+01  1.911658513953562455e+00  2.012047046377696713e+00  2.136697754184060827e+00  2.229530495793635936e+00
190 3801 6.416389e-01 2.484915e+01  1.911658513953562455e+00  1.998518049973194044e+00  2.135355485558460220e+00  2.477598190840204495e+00
191 3821 6.377324e-01 2.487584e+01  1.911658513953562455e+00  2.029437716239606004e+00  2.193183208499970949e+00  2.438999904150889186e+00
192 3841 6.295555e-01 2.488223e+01  1.911658513953562455e+00  2.061408984665323629e+00  2.134468412324636688e+00  2.351850738721065870e+00
193 3861 6.266502e-01 2.488544e+01  1.911658513953562455e+00  2.014936453952795414e+00  2.153493727943105895e+00  2.397620056115950415e+00
194 3881 6.292614e-01 2.490443e+01  1.911658513953562455e+00  2.015865616038781560e+00  2.107864445897529304e+00  2.239427542180932207e+00
195 3901 6.365058e-01 2.492608e+01  1.911658513953562455e+00  2.047895621997630755e+00  2.145649816533402365e+00  2.546916539320306150e+00
196 3921 6.421755e-01 2.494163e+01  1.911658513953562455e+00  2.047772925891993445e+00  2.135470664472702396e+00  2.413249598832985399e+00
197 3941 6.485869e-01 2.495580e+01  1.911658513953562455e+00  2.034598589474291064e+00  2.153694759445727858e+00  2.323725846721132804e+00
198 3961 6.529007e-01 2.495597e+01  1.911658513953562455e+00  1.995175684805550853e+00  2.134469021756697948e+00  2.437203599750501049e+00
199 3981 6.557658e-01 2.495915e+01  1.911658513953562455e+00  2.027146296403383285e+00  2.086889158550321532e+00  2.354310878060168033e+00
200 4001 6.567380e-01 2.496859e+01  1.911658513953562455e+00  2.001451355498597540e+00  2.119040972254797595e+00  2.352770897735351419e+00
201 4021 6.603125e-01 2.498111e+01  1.911658513953562455e+00  2.003975788790218093e+00  2.116080993069665794e+00  2.429405005890002744e+00
202 4041 6.613260e-01 2.499151e+01  1.911658513953562455e+00  2.040903613945280970e+00  2.143878700599334941e+00  2.532953439901215020e+00
203 4061 6.643946e-01 2.499725e+01  1.911658513953562455e+00  2.034571186423606459e+00  2.140325184319770813e+00  2.246471196742569010e+00
204 4081 6.607918e-01 2.500733e+01  1.911658513953562455e+00  1.998162533901862936e+00  2.119293476102898310e+00  2.354336033806443851e+00
205 4101 6.568455e-01 2.502274e+01  1.911658513953562455e+00  1.999437303581176772e+00  2.125712685481666142e+00  2.289440204553531810e+00
206 4121 6.549627e-01 2.503014e+01  1.911658513953562455e+00  2.025068122588746355e+00  2.135667885238075492e+00  2.344759010546062505e+00
207 4141 6.562042e-01 2.504163e+01  1.911658513953562455e+00  2.031937242133494692e+00  2.142024742252758074e+00  2.403567134698604502e+00
208 4161 6.517330e-01 2.505102e+01  1.911658513953562455e+00  2.013509395925999090e+00  2.160384783167591305e+00  2.311235505147596125e+00
209 4181 6.486556e-01 2.505632e+01  1.911658513953562455e+00  2.001478004640391273e+00  2.096693497766120018e+00  2.614447968330014138e+00
210 4201 6.442866e-01 2.505580e+01  1.911658513953562455e+00  2.013850771727265787e+00  2.145013591104080852e+00  2.322941047175656415e+00
211 4221 6.399550e-01 2.506703e+01  1.911658513953562455e+00  1.974474697369166476e+00  2.136291435096082658e+00  2.345322788266845926e+00
212 4241 6.359097e-01 2.507348e+01  1.911658513953562455e+00  2.033698600074971718e+00  2.136512991506459347e+00  2.370926142606538445e+00
213 4261 6.325934e-01 2.509161e+01  1.911658513953562455e+00  2.012372209915154642e+00  2.100460783009806320e+00  2.373650782546171012e+00
214 4281 6.295933e-01 2.510173e+01  1.911658513953562455e+00  1.983277739110158366e+00  2.092946969217551079e+00  2.333546015063215684e+00
215 4301 6.226382e-01 2.510461e+01  1.911658513953562455e+00  2.008746684748241584e+00  2.140381393234739527e+00  5.984501038730516420e+00
216 4321 6.203059e-01 2.511919e+01  1.911658513953562455e+00  2.041649838563320607e+00  2.073521236927911460e+00  2.489891502157692393e+00
217 4341 6.198623e-01 2.511532e+01  1.911658513953562455e+00  2.035085020414464818e+00  2.101216846290789864e+00  2.263230988766936846e+00
218 4361 6.222685e-01 2.511231e+01  1.911658513953562455e+00  2.023484156518201349e+00  2.088891839769377867e+00  2.284317511182794469e+00
219 4381 6.213220e-01 2.512563e+01  1.911658513953562455e+00  2.014195932324261751e+00  2.100216970331315380e+00  2.227739324506312624e+00
220 4401 6.192145e-01 2.514566e+01  1.911658513953562455e+00  2.032341290149314972e+00  2.069189869997243747e+00  2.294677551114169933e+00
221 4421 6.151271e-01 2.515633e+01  1.911658513953562455e+00  2.007357243462912333e+00  2.102156714286354422e+00  2.255548284055558739e+00
222 4441 6.112137e-01 2.517683e+01  1.911658513953562455e+00  1.991741881178951790e+00  2.084681894028820537e+00  2.416238488286662545e+00
223 4461 6.066188e-01 2.518002e+01  1.911658513953562455e+00  2.002701741900148047e+00  2.097668374803217883e+00  2.379791493734658481e+00
224 4481 5.993261e-01 2.519457e+01  1.911658513953562455e+00  1.987657434258278455e+00  2.071155518579239185e+00  5.664446910271082380e+00
225 4501 5.931523e-01 2.520487e+01  1.911658513953562455e+00  2.001321459463686114e+00  2.064722606279081774e+00  2.368839820114289729e+00
226 4521 5.864842e-01 2.523285e+01  1.911658513953562455e+00  1.993813756171692875e+00  2.055418228181836060e+00  3.004770222769638455e+00
227 4541 5.781643e-01 2.525590e+01  1.911658513953562455e+00  1.996874850220936803e+00  2.093739134568038729e+00  2.399227491692769387e+00
228 4561 5.726158e-01 2.526157e+01  1.911658513953562455e+00  1.973659473302292078e+00  2.171784027901110470e+00  2.318276747867366705e+00
229 4581 5.657903e-01 2.527363e+01  1.911658513953562455e+00  1.994274508818472569e+00  2.054332322672450140e+00  2.328387062029431132e+00
230 4601 5.574870e-01 2.528168e+01  1.911658513953562455e+00  1.969374403421657815e+00  2.079004910720358090e+00  2.296565323955126026e+00
231 4621 5.503246e-01 2.528827e+01  1.911658513953562455e+00  1.960998916050907592e+00  2.062690505206878910e+00  2.260522561082485282e+00
232 4641 5.467676e-01 2.530069e+01  1.911658513953562455e+00  1.962618446834304642e+00  2.042750590699880409e+00  2.151558269014073321e+00
233 4661 5.459264e-01 2.531874e+01  1.911658513953562455e+00  1.975154551855314855e+00  2.056487767606554495e+00  2.301950383528883037e+00
234 4681 5.459655e-01 2.533124e+01  1.911658513953562455e+00  1.981034578793839263e+00  2.085163633840384279e+00  2.220511111775641755e+00
235 4701 5.458739e-01 2.536108e+01  1.911658513953562455e+00  1.986069161836946151e+00  2.064001702195096932e+00  2.275177767596118006e+00
236 4721 5.450816e-01 2.538133e+01  1.911658513953562455e+00  1.973470944094749990e+00  2.065914338303247888e+00  2.225155576593965012e+00
237 4741 5.439323e-01 2.540735e+01  1.911658513953562455e+00  1.957694281313357543e+00  2.077963603566097994e+00  2.234606821450422220e+00
238 4761 5.416096e-01 2.542400e+01  1.911658513953562455e+00  1.978561378423018935e+00  2.051906016544280842e+00  2.300072097351813394e+00
239 4781 5.387705e-01 2.544558e+01  1.911658513953562455e+00  1.958554250125438267e+00  2.080252778193306007e+00  2.320321279710452878e+00
240 4801 5.356790e-01 2.545442e+01  1.911658513953562455e+00  1.971149550498387804e+00  2.072746957891922648e+00  2.394885877345804825e+00
241 4821 5.330789e-01 2.547411e+01  1.911658513953562455e+00  1.993410395852490469e+00  2.064421529539613331e+00  2.254406177063683625e+00
242 4841 5.316728e-01 2.549060e+01  1.911658513953562455e+00  2.000131614341655872e+00  2.060725832060612106e+00  2.440803033058229765e+00
243 4861 5.291143e-01 2.549840e+01  1.911658513953562455e+00  2.011590983876200500e+00  2.055198651788252562e+00  2.266128199952620381e+00
244 4881 5.305330e-01 2.551404e+01  1.911658513953562455e+00  1.986125159953186170e+00  2.076233958520492529e+00  2.238288040525832745e+00
245 4901 5.317003e-01 2.553826e+01  1.911658513953562455e+00  1.955930281349403943e+00  2.045904429478287767e+00  2.463368433744951957e+00
246 4921 5.284402e-01 2.555438e+01  1.911658513953562455e+00  1.972665617754227663e+00  2.049634335936844742e+00  2.290991710032586948e+00
247 4941 5.247222e-01 2.557910e+01  1.911658513953562455e+00  1.979206606317534201e+00  2.051993768168537180e+00  2.347182702913757524e+00
248 4961 5.191285e-01 2.559574e+01  1.911658513953562455e+00  1.972472021780198315e+00  2.056068697849046334e+00  2.199006893678792540e+00
249 4981 5.125973e-01 2.561747e+01  1.911658513953562455e+00  1.955859818923955107e+00  2.016794140937308022e+00  2.192245432444593689e+00
250 5001 5.057578e-01 2.564064e+01  1.911658513953562455e+00  1.976201296860376821e+00  2.050512557175267148e+00  2.166327855812734349e+00
251 5021 5.006553e-01 2.564352e+01  1.911658513953562455e+00  1.972473446763821858e+00  2.023918462633836235e+00  2.140162569700821305e+00
252 5041 4.981776e-01 2.565918e+01  1.911658513953562455e+00  1.976646135889511546e+00  2.040552292773285981e+00  2.280249610913911429e+00
253 5061 4.956839e-01 2.568594e+01  1.911658513953562455e+00  1.956102805959430757e+00  2.043502108387229566e+00  2.150015461141877360e+00
254 5081 4.928512e-01 2.570074e+01  1.911658513953562455e+00  1.961838424566965999e+00  2.016998968371424006e+00  2.184206272589404918e+00
255 5101 4.905774e-01 2.570722e+01  1.911658513953562455e+00  1.955360096130019487e+00  2.026831286409990440e+00  5.500589005631224104e+00
256 5121 4.895548e-01 2.571636e+01  1.911658513953562455e+00  1.950473504161473359e+00  2.035127212670686525e+00  2.140507703590736721e+00
257 5141 4.889102e-01 2.572159e+01  1.911658513953562455e+00  1.977543031426049147e+00  2.020607142504521114e+00  2.155615245577823913e+00
258 5161 4.873641e-01 2.572578e+01  1.911658513953562455e+00  1.957575257211408459e+00  2.023920370733118368e+00  5.692836035637172110e+00
259 5181 4.867290e-01 2.572761e+01  1.911658513953562455e+00  1.965358638301078376e+00  2.051773970871403563e+00  2.220655749769863352e+00
260 5201 4.869561e-01 2.575064e+01  1.911658513953562455e+00  1.953896517768247021e+00  2.013359503450780963e+00  5.467881382212497421e+00
261 5221 4.886974e-01 2.575772e+01  1.911658513953562455e+00  1.961265252048457475e+00  2.008843258048382818e+00  2.131713871354559142e+00
262 5241 4.911433e-01 2.575897e+01  1.911658513953562455e+00  1.993512116814409874e+00  2.071466069328246284e+00  2.331170682603520117e+00
263 5261 4.915830e-01 2.576975e+01  1.911658513953562455e+00  1.971473207134955663e+00  2.029931278678658302e+00  2.113601078644329334e+00
264 5281 4.956719e-01 2.577652e+01  1.911658513953562455e+00  1.952360066617737200e+00  2.021293141562380935e+00  2.177379613465828534e+00
265 5301 4.981756e-01 2.578134e+01  1.911658513953562455e+00  1.928070676807789763e+00  2.008130456329305868e+00  2.178341555186392497e+00
266 5321 5.003966e-01 2.579435e+01  1.911658513953562455e+00  1.949224102780694468e+00  2.019441024220038017e+00  2.136190714884347308e+00
267 5341 5.026858e-01 2.579461e+01  1.911658513953562455e+00  1.948246143420132581e+00  2.031751725216396132e+00  2.235391146772898630e+00
268 5361 5.064090e-01 2.579398e+01  1.911658513953562455e+00  1.983973955469690909e+00  2.043876136281378209e+00  2.181679882724234076e+00
269 5381 5.068353e-01 2.579831e+01  1.911658513953562455e+00  1.963541548144279725e+00  2.032558394749381936e+00  2.312867071594283619e+00
270 5401 5.063362e-01 2.581330e+01  1.911658513953562455e+00  1.929444746208986539e+00  2.017669917448014161e+00  2.141524219233655213e+00
271 5421 5.071417e-01 2.582677e+01  1.911658513953562455e+00  1.946689255039053323e+00  2.012373924096928945e+00  2.213547970081583216e+00
272 5441 5.087191e-01 2.584039e+01  1.911658513953562455e+00  1.937152097660881811e+00  2.028466878624646252e+00  2.275109683397987581e+00
273 5461 5.115116e-01 2.584626e+01  1.911658513953562455e+00  1.934924088012798693e+00  2.013790207531125809e+00  2.107455845592611343e+00
274 5481 5.138856e-01 2.584444e+01  1.911658513953562455e+00  1.967723491581907291e+00  2.042830252599136642e+00  2.197258428959675491e+00
275 5501 5.150596e-01 2.586425e+01  1.911658513953562455e+00  1.947481929610809903e+00  2.025819275612086301e+00  2.160771741834604409e+00
276 5521 5.158421e-01 2.586574e+01  1.911658513953562455e+00  1.950279739135839518e+00  2.048145085643138685e+00  2.239010134805571983e+00
277 5541 5.133008e-01 2.587817e+01  1.911658513953562455e+00  1.940112004467807072e+00  2.032959544833534693e+00  2.236460603710043404e+00
278 5561 5.123421e-01 2.588860e+01  1.911658513953562455e+00  1.979576256822428437e+00  2.044501032841641752e+00  2.153379230933287314e+00
279 5581 5.108290e-01 2.589807e+01  1.911658513953562455e+00  1.958628487966659337e+00  2.065429096597170666e+00  2.355497517722425549e+00
280 5601 5.057226e-01 2.591279e+01  1.911658513953562455e+00  1.967813762156495727e+00  2.051684547840734396e+00  2.303917902279714269e+00
281 5621 4.992803e-01 2.591459e+01  1.911658513953562455e+00  1.968887067010369307e+00  2.062986282221743295e+00  2.398705792335689591e+00
282 5641 4.930919e-01 2.591873e+01  1.911658513953562455e+00  1.965982010113963119e+00  2.013475319836395716e+00  2.177321640741845421e+00
283 5661 4.877636e-01 2.592003e+01  1.911658513953562455e+00  1.958450869538195915e+00  2.033606283766705047e+00  2.099126786904911945e+00
284 5681 4.812496e-01 2.593912e+01  1.911658513953562455e+00  1.948059085895708975e+00  2.032958491116716893e+00  2.307240681095487744e+00
285 5701 4.756195e-01 2.595502e+01  1.911658513953562455e+00  1.952213576805430062e+00  2.002515611552794450e+00  2.296587300017304489e+00
286 5721 4.698071e-01 2.598453e+01  1.911658513953562455e+00  1.942174267551465938e+00  2.045444516043537497e+00  2.213370331759920262e+00
287 5741 4.669070e-01 2.600836e+01  1.911658513953562455e+00  1.947860359585507739e+00  1.993758635808624113e+00  2.102774248827369075e+00
288 5761 4.632018e-01 2.601349e+01  1.911658513953562455e+00  1.948248521256487287e+00  2.012352346600366548e+00  2.212066230885648022e+00
289 5781 4.566592e-01 2.602493e+01  1.911658513953562455e+00  1.962900647466560011e+00  2.038262883151130467e+00  2.148383402939054942e+00
290 5801 4.526704e-01 2.604804e+01  1.911658513953562455e+00  1.958056830170320062e+00  2.021957092036628545e+00  2.117668353158407513e+00
291 5821 4.476346e-01 2.606088e+01  1.911658513953562455e+00  1.930493089890497949e+00  2.013117268765851620e+00  2.200181943646585481e+00
292 5841 4.421534e-01 2.610771e+01  1.911658513953562455e+00  1.945487821887929014e+00  2.018636602429866311e+00  2.147484059106408605e+00
293 5861 4.381993e-01 2.611884e+01  1.911658513953562455e+00  1.963676975165055794e+00  2.047621719012330921e+00  2.284434720691658871e+00
294 5881 4.363990e-01 2.612648e+01  1.911658513953562455e+00  1.935166504212065375e+00  2.023626484923704005e+00  2.171166829477331195e+00
295 5901 4.357777e-01 2.615521e+01  1.911658513953562455e+00  1.934907343820091663e+00  1.985083695986358698e+00  2.270345233166707999e+00
296 5921 4.334533e-01 2.617528e+01  1.911658513953562455e+00  1.934363420105469356e+00  1.977097857416262539e+00  5.053169342372522799e+00
297 5941 4.295883e-01 2.617390e+01  1.911658513953562455e+00  1.967325018596332020e+00  2.009478345515549158e+00  2.163075202137194619e+00
298 5961 4.239853e-01 2.617555e+01  1.911658513953562455e+00  1.935625262186989826e+00  1.990497858481931726e+00  2.213420342387564244e+00
299 5981 4.181189e-01 2.617892e+01  1.911658513953562455e+00  1.939128434324842942e+00  1.982132102286059183e+00  2.126486255708382345e+00
300 6001 4.142439e-01 2.618593e+01  1.911658513953562455e+00  1.943706902030262196e+00  2.003384387515975362e+00  2.162706891543005661e+00
