%  columns="iteration, evaluation, sigma, axis ratio, bestever, best, median, worst fitness function value, further objective values of best" (startseed=209675, 2017/10/11 3:35:20.75)
1 21 1.070870e+00 2.241336e+01  9.928700000000000045e+02  9.948932432106686292e+02  9.967056015970244971e+02  9.984438733083534316e+02
2 41 1.034778e+00 2.242427e+01  9.928700000000000045e+02  9.958675729353540191e+02  9.969294811290897087e+02  9.988907496285571597e+02
3 61 1.008277e+00 2.243775e+01  9.928700000000000045e+02  9.949726573829807421e+02  9.967748271718155593e+02  9.973358225154331649e+02
4 81 9.877509e-01 2.245075e+01  9.928700000000000045e+02  9.957572058395483054e+02  9.967032741129911528e+02  9.973099999999999454e+02
5 101 9.743709e-01 2.246714e+01  9.928700000000000045e+02  9.961027824980337755e+02  9.971019460018127347e+02  9.987673983863249987e+02
6 121 9.600765e-01 2.248703e+01  9.928700000000000045e+02  9.958799999999999955e+02  9.968393529012553245e+02  9.985729798481854687e+02
7 141 9.452387e-01 2.250337e+01  9.928700000000000045e+02  9.959966577602887128e+02  9.969351552066483464e+02  9.973975783167643385e+02
8 161 9.338613e-01 2.251746e+01  9.928700000000000045e+02  9.948923742971412594e+02  9.967104601658892307e+02  9.980125454812355201e+02
9 181 9.237147e-01 2.253166e+01  9.928700000000000045e+02  9.951916534350435768e+02  9.966938436428168870e+02  9.973844373036073421e+02
10 201 9.181659e-01 2.254946e+01  9.928700000000000045e+02  9.959122820897030124e+02  9.968237718596133163e+02  9.972784190666687891e+02
11 221 9.151242e-01 2.257054e+01  9.928700000000000045e+02  9.955694290115236527e+02  9.968597429263966205e+02  9.984762108079906966e+02
12 241 9.118962e-01 2.257404e+01  9.928700000000000045e+02  9.954333307720944504e+02  9.968387039749160294e+02  9.989290715002421166e+02
13 261 9.108249e-01 2.257361e+01  9.928700000000000045e+02  9.960665387133832382e+02  9.966943464008456885e+02  9.986279063376601925e+02
14 281 9.112779e-01 2.257309e+01  9.928700000000000045e+02  9.959363536268633652e+02  9.966545106538762866e+02  9.989907701403607234e+02
15 301 9.115633e-01 2.258005e+01  9.928700000000000045e+02  9.958805589427234963e+02  9.969113694627619680e+02  9.983244406317746780e+02
16 321 9.141848e-01 2.258602e+01  9.928700000000000045e+02  9.960917242992136380e+02  9.968576471216482560e+02  9.989670226646634319e+02
17 341 9.213728e-01 2.260335e+01  9.928700000000000045e+02  9.957200000000000273e+02  9.968156491896502303e+02  9.988833164701195528e+02
18 361 9.301340e-01 2.260550e+01  9.928700000000000045e+02  9.951299999999999955e+02  9.969306462076847311e+02  9.987738592434793645e+02
19 381 9.402423e-01 2.262242e+01  9.928700000000000045e+02  9.949377233088721368e+02  9.968435205573930489e+02  9.985048449809232807e+02
20 401 9.454685e-01 2.262437e+01  9.928700000000000045e+02  9.946981266687472498e+02  9.968766664031943492e+02  9.982206726881578334e+02
21 421 9.502817e-01 2.263091e+01  9.928700000000000045e+02  9.956799999999999500e+02  9.967108088790139391e+02  9.988999999999999773e+02
22 441 9.582471e-01 2.264121e+01  9.928700000000000045e+02  9.952100000000000364e+02  9.969009199739244877e+02  9.983461736994316880e+02
23 461 9.657710e-01 2.264675e+01  9.928700000000000045e+02  9.957722181053723034e+02  9.967166006553788975e+02  9.972739754963857877e+02
24 481 9.695335e-01 2.265349e+01  9.928700000000000045e+02  9.949700000000000273e+02  9.967639715490684011e+02  9.972482678718954503e+02
25 501 9.678324e-01 2.265914e+01  9.928700000000000045e+02  9.952209799762277953e+02  9.966965493477837299e+02  9.983683900780238218e+02
26 521 9.641068e-01 2.266022e+01  9.928700000000000045e+02  9.958758749223807172e+02  9.969096270887907849e+02  9.987799999999999727e+02
27 541 9.619661e-01 2.268520e+01  9.928700000000000045e+02  9.957338866037309799e+02  9.965959673218642365e+02  9.973180774590268811e+02
28 561 9.622822e-01 2.268403e+01  9.928700000000000045e+02  9.958476756646042531e+02  9.967489244796093999e+02  9.982611808816109260e+02
29 581 9.622603e-01 2.268707e+01  9.928700000000000045e+02  9.961419604541947592e+02  9.967405841106037769e+02  9.971817787130258921e+02
30 601 9.617155e-01 2.269834e+01  9.928700000000000045e+02  9.956885838502626029e+02  9.969211909748767084e+02  9.973969961849878700e+02
31 621 9.565577e-01 2.271223e+01  9.928700000000000045e+02  9.956267692571798307e+02  9.968550675419534173e+02  9.973731918982342677e+02
32 641 9.544036e-01 2.274078e+01  9.928700000000000045e+02  9.958799999999999955e+02  9.967590787979443121e+02  9.974601697419133188e+02
33 661 9.565449e-01 2.274750e+01  9.928700000000000045e+02  9.952881272886215811e+02  9.966643231364054145e+02  9.973771438136992629e+02
34 681 9.576519e-01 2.276446e+01  9.928700000000000045e+02  9.957151709658228356e+02  9.970478566468239023e+02  9.974114667031545878e+02
35 701 9.600797e-01 2.277916e+01  9.928700000000000045e+02  9.958200000000000500e+02  9.967365049276738773e+02  9.974721129085969551e+02
36 721 9.602478e-01 2.279829e+01  9.928700000000000045e+02  9.952646347410882299e+02  9.968949999999999818e+02  9.976388588425037369e+02
37 741 9.621307e-01 2.279696e+01  9.928700000000000045e+02  9.958756208629091589e+02  9.968112018720911465e+02  9.989821867908059403e+02
38 761 9.620430e-01 2.279242e+01  9.928700000000000045e+02  9.947699999999999818e+02  9.969034762696171583e+02  9.976465148108200083e+02
39 781 9.605500e-01 2.279581e+01  9.928700000000000045e+02  9.962726418330672686e+02  9.970316818802050420e+02  9.989418263403969149e+02
40 801 9.559336e-01 2.279862e+01  9.928700000000000045e+02  9.951536109384185238e+02  9.969928102344882745e+02  9.982107604197216233e+02
41 821 9.517875e-01 2.280483e+01  9.928700000000000045e+02  9.955873863507893020e+02  9.969323689071724175e+02  9.989332300778631861e+02
42 841 9.449414e-01 2.281737e+01  9.928700000000000045e+02  9.955099999999999909e+02  9.969634294638868823e+02  9.976318936565002105e+02
43 861 9.400984e-01 2.282443e+01  9.928700000000000045e+02  9.961932281204190076e+02  9.968345026165471836e+02  9.989965200039421234e+02
44 881 9.305162e-01 2.282869e+01  9.928700000000000045e+02  9.961356554996963268e+02  9.967999999999999545e+02  9.974928911859065011e+02
45 901 9.214063e-01 2.283611e+01  9.928700000000000045e+02  9.959830204992217659e+02  9.969505762235944530e+02  9.973166891573678186e+02
46 921 9.140069e-01 2.284039e+01  9.928700000000000045e+02  9.956900000000000546e+02  9.970034751682594560e+02  9.978617012744139174e+02
47 941 9.054714e-01 2.284889e+01  9.928700000000000045e+02  9.957505571652113758e+02  9.970144038056114368e+02  9.974591996327385459e+02
48 961 8.966061e-01 2.286115e+01  9.928700000000000045e+02  9.961145020841863698e+02  9.968264303003600162e+02  9.989835126728630712e+02
49 981 8.880464e-01 2.288905e+01  9.928700000000000045e+02  9.961837269862711537e+02  9.969101217389443264e+02  9.980582542240039174e+02
50 1001 8.794069e-01 2.290214e+01  9.928700000000000045e+02  9.963533999635222926e+02  9.969461874166831876e+02  9.986499999999999773e+02
51 1021 8.730236e-01 2.292626e+01  9.928700000000000045e+02  9.960508206571183791e+02  9.968609599059234370e+02  9.989850736498814285e+02
52 1041 8.635550e-01 2.294505e+01  9.928700000000000045e+02  9.961788169582335968e+02  9.967454959434199964e+02  9.973316398948119286e+02
53 1061 8.532147e-01 2.295714e+01  9.928700000000000045e+02  9.953288023496401138e+02  9.968739334291415162e+02  9.981633308825173572e+02
54 1081 8.438468e-01 2.297473e+01  9.928700000000000045e+02  9.948905749134327152e+02  9.969105027669693300e+02  9.989172986989768788e+02
55 1101 8.308706e-01 2.297570e+01  9.928700000000000045e+02  9.959164977368470772e+02  9.966731195384668354e+02  9.973221292757480114e+02
56 1121 8.237220e-01 2.299117e+01  9.928700000000000045e+02  9.956231917501619364e+02  9.969389383347814828e+02  9.987779470176884615e+02
57 1141 8.165985e-01 2.300439e+01  9.928700000000000045e+02  9.955022584244647987e+02  9.968690974187318261e+02  9.972603661142744613e+02
58 1161 8.105807e-01 2.303134e+01  9.928700000000000045e+02  9.957626192987715967e+02  9.968277865475745330e+02  9.974217769549053401e+02
59 1181 8.028524e-01 2.302958e+01  9.928700000000000045e+02  9.946630644134960448e+02  9.965840877113082570e+02  9.973294914245362861e+02
60 1201 7.943271e-01 2.305244e+01  9.928700000000000045e+02  9.951728313536161750e+02  9.968365927496602126e+02  9.975411037174091007e+02
61 1221 7.867242e-01 2.306596e+01  9.928700000000000045e+02  9.957090525571270518e+02  9.967652862625011494e+02  9.975486037850596404e+02
62 1241 7.819715e-01 2.307240e+01  9.928700000000000045e+02  9.955811791480552984e+02  9.968401796258008289e+02  9.973918271031085396e+02
63 1261 7.808183e-01 2.308662e+01  9.928700000000000045e+02  9.960221848356178498e+02  9.966771607773307551e+02  9.973083932851938016e+02
64 1281 7.811159e-01 2.309974e+01  9.928700000000000045e+02  9.959163098390049527e+02  9.966535014606397453e+02  9.973285197523597390e+02
65 1301 7.840986e-01 2.311065e+01  9.928700000000000045e+02  9.951576559336058381e+02  9.966873111844973891e+02  9.973770083427657482e+02
66 1321 7.868197e-01 2.312203e+01  9.928700000000000045e+02  9.958273921314695372e+02  9.967043255130713533e+02  9.973916651063160543e+02
67 1341 7.900507e-01 2.313358e+01  9.928700000000000045e+02  9.953621742060491897e+02  9.968926409969739098e+02  9.974067111264351979e+02
68 1361 7.924750e-01 2.313375e+01  9.928700000000000045e+02  9.959952965441500510e+02  9.967436329668289545e+02  9.974209355755987190e+02
69 1381 7.946461e-01 2.313528e+01  9.928700000000000045e+02  9.959731430331123647e+02  9.966347610392463139e+02  9.973164511696114687e+02
70 1401 7.987705e-01 2.313744e+01  9.928700000000000045e+02  9.953148114901114241e+02  9.967271805929259472e+02  9.971799999999999500e+02
71 1421 7.995574e-01 2.313233e+01  9.928700000000000045e+02  9.956068214857569956e+02  9.966811835961714223e+02  9.972364961711597289e+02
72 1441 8.010010e-01 2.313945e+01  9.928700000000000045e+02  9.960917438641060926e+02  9.967723524083440907e+02  9.975056611847512613e+02
73 1461 8.048352e-01 2.314635e+01  9.928700000000000045e+02  9.957664961679552107e+02  9.968036461802098529e+02  9.973357151757209067e+02
74 1481 8.063929e-01 2.315777e+01  9.928700000000000045e+02  9.946799999999999500e+02  9.967693451302413905e+02  9.973701708918030135e+02
75 1501 8.084091e-01 2.316928e+01  9.928700000000000045e+02  9.959186462167136824e+02  9.967480934452164547e+02  9.972239629957730358e+02
76 1521 8.095011e-01 2.317335e+01  9.928700000000000045e+02  9.954973136007452013e+02  9.967123215348464100e+02  9.973415330002999326e+02
77 1541 8.063676e-01 2.317571e+01  9.928700000000000045e+02  9.958503879835385533e+02  9.969893292636334081e+02  9.972899999999999636e+02
78 1561 8.020858e-01 2.319088e+01  9.928700000000000045e+02  9.961067053480489903e+02  9.968267377481301992e+02  9.972871470531662226e+02
79 1581 8.004995e-01 2.319202e+01  9.928700000000000045e+02  9.952400000000000091e+02  9.968996038954693404e+02  9.973129289954513297e+02
80 1601 7.992936e-01 2.319421e+01  9.928700000000000045e+02  9.951908764856270864e+02  9.967137686287148881e+02  9.972699999999999818e+02
81 1621 8.004663e-01 2.319724e+01  9.928700000000000045e+02  9.961699999999999591e+02  9.966796018502409424e+02  9.970956443703249761e+02
82 1641 7.984149e-01 2.320640e+01  9.928700000000000045e+02  9.959142214185111470e+02  9.966106688522224886e+02  9.972736301852737597e+02
83 1661 7.950232e-01 2.320639e+01  9.928700000000000045e+02  9.956932603179968737e+02  9.966898585575777361e+02  9.973519356137074965e+02
84 1681 7.940297e-01 2.321844e+01  9.928700000000000045e+02  9.957235148390568611e+02  9.966930407913357612e+02  9.974427449627172564e+02
85 1701 7.916277e-01 2.322763e+01  9.928700000000000045e+02  9.957634099212275487e+02  9.967559399337428658e+02  9.972774889173574593e+02
86 1721 7.918432e-01 2.324241e+01  9.928700000000000045e+02  9.955449676812347661e+02  9.966749999999999545e+02  9.974963998212654133e+02
87 1741 7.913515e-01 2.324472e+01  9.928700000000000045e+02  9.956208521318061457e+02  9.968316477350763307e+02  9.974520107611884896e+02
88 1761 7.874767e-01 2.326135e+01  9.928700000000000045e+02  9.956806195274667743e+02  9.969405699688370532e+02  9.974299999999999500e+02
89 1781 7.831890e-01 2.327384e+01  9.928700000000000045e+02  9.960251436036783161e+02  9.968162939080143587e+02  9.973139109823090394e+02
90 1801 7.748138e-01 2.327579e+01  9.928700000000000045e+02  9.962404240843927710e+02  9.968307672266787449e+02  9.973430918253984601e+02
91 1821 7.654985e-01 2.327525e+01  9.928700000000000045e+02  9.952877685784010282e+02  9.967040033458158632e+02  9.975572764660716985e+02
92 1841 7.569952e-01 2.327766e+01  9.928700000000000045e+02  9.954016341471358373e+02  9.966137105053380765e+02  9.970967663063339614e+02
93 1861 7.509766e-01 2.328301e+01  9.928700000000000045e+02  9.960605464365415855e+02  9.968866556731334185e+02  9.974810504318872972e+02
94 1881 7.429142e-01 2.328540e+01  9.928700000000000045e+02  9.958500000000000227e+02  9.968650000000000091e+02  9.975469339271027138e+02
95 1901 7.378002e-01 2.326955e+01  9.928700000000000045e+02  9.959652744104140538e+02  9.966793757930108768e+02  9.973548827074097289e+02
96 1921 7.293587e-01 2.327982e+01  9.928700000000000045e+02  9.942318175527886979e+02  9.968197697610071373e+02  9.972593974185768957e+02
97 1941 7.195832e-01 2.328794e+01  9.928700000000000045e+02  9.959845365133500081e+02  9.967745125785079381e+02  9.970669456010936074e+02
98 1961 7.129102e-01 2.329620e+01  9.928700000000000045e+02  9.945580657145414989e+02  9.968026280819744898e+02  9.988405505704806728e+02
99 1981 7.040852e-01 2.330757e+01  9.928700000000000045e+02  9.952799999999999727e+02  9.967275767245919269e+02  9.981592169068254634e+02
100 2001 6.981717e-01 2.331559e+01  9.928700000000000045e+02  9.950272410360023514e+02  9.968178668554834303e+02  9.978799999999999955e+02
101 2021 6.902153e-01 2.331936e+01  9.928700000000000045e+02  9.944896109131203730e+02  9.967931608992105339e+02  9.984337019668744233e+02
102 2041 6.822825e-01 2.332934e+01  9.928700000000000045e+02  9.954478406176041290e+02  9.966769245225935947e+02  9.972456364331584382e+02
103 2061 6.713843e-01 2.333187e+01  9.928700000000000045e+02  9.956776087946534517e+02  9.965811155080165236e+02  9.979834829536431471e+02
104 2081 6.618455e-01 2.333177e+01  9.928700000000000045e+02  9.957937720031645767e+02  9.967838398923083787e+02  9.972983814341424704e+02
105 2101 6.538872e-01 2.334341e+01  9.928700000000000045e+02  9.958429838631218445e+02  9.967667918858589928e+02  9.970757913344682493e+02
106 2121 6.517773e-01 2.335322e+01  9.928700000000000045e+02  9.952000000000000455e+02  9.964340315663193905e+02  9.971499999999999773e+02
107 2141 6.490234e-01 2.335524e+01  9.928700000000000045e+02  9.962354738349035870e+02  9.968154391923142157e+02  9.973191289012195284e+02
108 2161 6.472478e-01 2.335939e+01  9.928700000000000045e+02  9.963531814804409805e+02  9.967903959915418000e+02  9.973337969715217923e+02
109 2181 6.436331e-01 2.336724e+01  9.928700000000000045e+02  9.962791968107186449e+02  9.966124630074459674e+02  9.970092549652433718e+02
110 2201 6.422585e-01 2.336855e+01  9.928700000000000045e+02  9.960461323905979043e+02  9.966305607544625218e+02  9.986664971332364757e+02
111 2221 6.379372e-01 2.337585e+01  9.928700000000000045e+02  9.961822301659160530e+02  9.966028776731512835e+02  9.982592499193788171e+02
112 2241 6.350919e-01 2.337942e+01  9.928700000000000045e+02  9.958799999999999955e+02  9.967321024648347247e+02  9.972668327697793984e+02
113 2261 6.323169e-01 2.340106e+01  9.928700000000000045e+02  9.950932289207072472e+02  9.966154305057580132e+02  9.989132570971446512e+02
114 2281 6.283984e-01 2.341625e+01  9.928700000000000045e+02  9.954619917065505206e+02  9.964722149747956337e+02  9.987200000000000273e+02
115 2301 6.263792e-01 2.343009e+01  9.928700000000000045e+02  9.952832891198895595e+02  9.966544712682322142e+02  9.972364475315016534e+02
116 2321 6.244955e-01 2.344006e+01  9.928700000000000045e+02  9.951012594529433954e+02  9.963832370744626132e+02  9.970352151038687225e+02
117 2341 6.226502e-01 2.344847e+01  9.928700000000000045e+02  9.957542774265181151e+02  9.967156010216529012e+02  9.971486467136592182e+02
118 2361 6.199247e-01 2.345528e+01  9.928700000000000045e+02  9.958885867196282788e+02  9.967512743341783334e+02  9.970785911644097723e+02
119 2381 6.129426e-01 2.346038e+01  9.928700000000000045e+02  9.961234949299520167e+02  9.967774284679206858e+02  9.972292701873659553e+02
120 2401 6.050327e-01 2.346701e+01  9.928700000000000045e+02  9.960025078012822632e+02  9.967105494500079885e+02  9.971132723478126536e+02
121 2421 5.970576e-01 2.346803e+01  9.928700000000000045e+02  9.955025788507429070e+02  9.964944734843591050e+02  9.971361347198295562e+02
122 2441 5.899239e-01 2.348423e+01  9.928700000000000045e+02  9.956640341026013630e+02  9.965905525841401413e+02  9.970867075314166641e+02
123 2461 5.836752e-01 2.349288e+01  9.928700000000000045e+02  9.943127769915307681e+02  9.965387033744165137e+02  9.971610649958973909e+02
124 2481 5.771571e-01 2.349565e+01  9.928700000000000045e+02  9.960399999999999636e+02  9.966869483067137026e+02  9.970629536950873444e+02
125 2501 5.682229e-01 2.350556e+01  9.928700000000000045e+02  9.958522977255797741e+02  9.966081758298613522e+02  9.969969372685820872e+02
126 2521 5.629706e-01 2.351918e+01  9.928700000000000045e+02  9.954869028214952777e+02  9.966818274436344609e+02  9.973346743334021767e+02
127 2541 5.599197e-01 2.352900e+01  9.928700000000000045e+02  9.956746147337153161e+02  9.967025168810960167e+02  9.972584311331073650e+02
128 2561 5.571936e-01 2.355405e+01  9.928700000000000045e+02  9.952041839689433118e+02  9.965083039602760664e+02  9.971727144228010502e+02
129 2581 5.523398e-01 2.356026e+01  9.928700000000000045e+02  9.957907564505462688e+02  9.966493018991982353e+02  9.973739622888231224e+02
130 2601 5.482867e-01 2.357130e+01  9.928700000000000045e+02  9.947751416759934955e+02  9.963295586478732275e+02  9.971647868622807209e+02
131 2621 5.444554e-01 2.357984e+01  9.928700000000000045e+02  9.958700000000000045e+02  9.966686715348375856e+02  9.973873169091959880e+02
132 2641 5.407785e-01 2.357503e+01  9.928700000000000045e+02  9.962042407127775050e+02  9.968153792408443223e+02  9.972332420372620163e+02
133 2661 5.360580e-01 2.357786e+01  9.928700000000000045e+02  9.950482554256906269e+02  9.965508948739293373e+02  9.971657333191759562e+02
134 2681 5.338198e-01 2.360741e+01  9.928700000000000045e+02  9.959199999999999591e+02  9.967114949198428349e+02  9.970827672701926758e+02
135 2701 5.320172e-01 2.362264e+01  9.928700000000000045e+02  9.960382212782917577e+02  9.966200643478761094e+02  9.973230790851825986e+02
136 2721 5.305306e-01 2.362562e+01  9.928700000000000045e+02  9.961871881723138813e+02  9.965796755312222786e+02  9.971164197795601467e+02
137 2741 5.287702e-01 2.363067e+01  9.928700000000000045e+02  9.946607502133625758e+02  9.965149999999999864e+02  9.972552409395729001e+02
138 2761 5.279772e-01 2.363425e+01  9.928700000000000045e+02  9.954800000000000182e+02  9.965815203136039599e+02  9.971317158899753395e+02
139 2781 5.268323e-01 2.363472e+01  9.928700000000000045e+02  9.952738204314134691e+02  9.965225363525173634e+02  9.970831903953310302e+02
140 2801 5.234756e-01 2.364407e+01  9.928700000000000045e+02  9.957337797711045368e+02  9.965973432232080995e+02  9.972500000000000000e+02
141 2821 5.195311e-01 2.364637e+01  9.928700000000000045e+02  9.961251957309729050e+02  9.966177279499238466e+02  9.971699999999999591e+02
142 2841 5.171315e-01 2.365871e+01  9.928700000000000045e+02  9.946200000000000045e+02  9.967648303526273139e+02  9.972020608568204807e+02
143 2861 5.163840e-01 2.367390e+01  9.928700000000000045e+02  9.960185445778869280e+02  9.966663719566590771e+02  9.971024505901674502e+02
144 2881 5.181606e-01 2.368850e+01  9.928700000000000045e+02  9.951854059575151723e+02  9.966810900672822982e+02  9.987413470742953905e+02
145 2901 5.203541e-01 2.369703e+01  9.928700000000000045e+02  9.954567217988771972e+02  9.966432640014396611e+02  9.971911397655894689e+02
146 2921 5.220042e-01 2.370940e+01  9.928700000000000045e+02  9.953261786401985773e+02  9.965317559710603064e+02  9.970748951445197008e+02
147 2941 5.221569e-01 2.372173e+01  9.928700000000000045e+02  9.958911056797089714e+02  9.966720871013128544e+02  9.986431371806274910e+02
148 2961 5.249874e-01 2.372655e+01  9.928700000000000045e+02  9.955583758882351049e+02  9.967335485994384499e+02  9.971445819781754381e+02
149 2981 5.273249e-01 2.373312e+01  9.928700000000000045e+02  9.952811779279487610e+02  9.965049999999999955e+02  9.971263314247651124e+02
150 3001 5.282088e-01 2.373427e+01  9.928700000000000045e+02  9.954709927578617226e+02  9.965533015021787833e+02  9.984182266162270025e+02
151 3021 5.287406e-01 2.374588e+01  9.928700000000000045e+02  9.950216325000736788e+02  9.966277149227080372e+02  9.989099999999999682e+02
152 3041 5.304527e-01 2.375562e+01  9.928700000000000045e+02  9.949908863072691929e+02  9.967671325407031873e+02  9.987983933679107622e+02
153 3061 5.335315e-01 2.377582e+01  9.928700000000000045e+02  9.949702211106181267e+02  9.966834125783111631e+02  9.982100000000000364e+02
154 3081 5.364600e-01 2.377981e+01  9.928700000000000045e+02  9.953945557790136718e+02  9.963875705142779680e+02  9.972200000000000273e+02
155 3101 5.369741e-01 2.379655e+01  9.928700000000000045e+02  9.950928373850408661e+02  9.965230989616243278e+02  9.971967119534674566e+02
156 3121 5.365668e-01 2.380445e+01  9.928700000000000045e+02  9.956544603979845078e+02  9.964806766851121438e+02  9.972428681810056332e+02
157 3141 5.364509e-01 2.380846e+01  9.928700000000000045e+02  9.957542602398231111e+02  9.963931774162058446e+02  9.969600000000000364e+02
158 3161 5.380847e-01 2.380812e+01  9.928700000000000045e+02  9.952116260276255844e+02  9.964949821296125947e+02  9.985908639250717442e+02
159 3181 5.387989e-01 2.381260e+01  9.928700000000000045e+02  9.957159618708785729e+02  9.965813211340446287e+02  9.972780142475140792e+02
160 3201 5.388087e-01 2.381017e+01  9.928700000000000045e+02  9.960056490476704312e+02  9.966621240330096043e+02  9.970399999999999636e+02
161 3221 5.378204e-01 2.381490e+01  9.928700000000000045e+02  9.945688168978322210e+02  9.965179677886139871e+02  9.972000000000000455e+02
162 3241 5.359891e-01 2.381798e+01  9.928700000000000045e+02  9.956877872314528304e+02  9.965925989662273423e+02  9.970908027731373977e+02
163 3261 5.340547e-01 2.383346e+01  9.928700000000000045e+02  9.951516715803221587e+02  9.963252444033366828e+02  9.967913193175828610e+02
164 3281 5.311426e-01 2.384756e+01  9.928700000000000045e+02  9.958978805489665547e+02  9.967267796536123114e+02  9.972683563590942413e+02
165 3301 5.292338e-01 2.385164e+01  9.928700000000000045e+02  9.959062826950287217e+02  9.965395026729880783e+02  9.970722771872711974e+02
166 3321 5.262156e-01 2.387031e+01  9.928700000000000045e+02  9.951257301135211719e+02  9.964866378994734077e+02  9.968677248560798034e+02
167 3341 5.245747e-01 2.387877e+01  9.928700000000000045e+02  9.961545259720675176e+02  9.966264686059265614e+02  9.971295744555740157e+02
168 3361 5.245422e-01 2.388492e+01  9.928700000000000045e+02  9.957855504903683368e+02  9.964949078145348267e+02  9.971485919439738836e+02
169 3381 5.246153e-01 2.389389e+01  9.928700000000000045e+02  9.954295051330531123e+02  9.965352697790759748e+02  9.970822220464740440e+02
170 3401 5.239378e-01 2.390312e+01  9.928700000000000045e+02  9.950532554913264676e+02  9.965203147400322905e+02  9.971486807940776771e+02
171 3421 5.216747e-01 2.390185e+01  9.928700000000000045e+02  9.952200000000000273e+02  9.965961945063180565e+02  9.970635183309526610e+02
172 3441 5.178923e-01 2.391610e+01  9.928700000000000045e+02  9.950407161286402697e+02  9.963475770771131010e+02  9.970369359948831516e+02
173 3461 5.141663e-01 2.392653e+01  9.928700000000000045e+02  9.951399999999999864e+02  9.964513805960461923e+02  9.969416497691953509e+02
174 3481 5.118966e-01 2.393561e+01  9.928700000000000045e+02  9.955964172217753685e+02  9.966009944528616415e+02  9.972885791792722330e+02
175 3501 5.101650e-01 2.396947e+01  9.928700000000000045e+02  9.956356358005922402e+02  9.965440113220539615e+02  9.970663623380213494e+02
176 3521 5.083607e-01 2.399009e+01  9.928700000000000045e+02  9.949777019132772011e+02  9.964249320516554462e+02  9.972730551690148104e+02
177 3541 5.060555e-01 2.401077e+01  9.928700000000000045e+02  9.956680519411640944e+02  9.965468318661901321e+02  9.973249143085316746e+02
178 3561 5.049238e-01 2.402319e+01  9.928700000000000045e+02  9.954764076433618811e+02  9.964888015072178860e+02  9.971572321109593986e+02
179 3581 5.040181e-01 2.404293e+01  9.928700000000000045e+02  9.956147646137634410e+02  9.965470323784768425e+02  9.969633991080141868e+02
180 3601 5.046866e-01 2.404625e+01  9.928700000000000045e+02  9.960990648829513248e+02  9.963228129564768096e+02  9.967799999999999727e+02
181 3621 5.055548e-01 2.404874e+01  9.928700000000000045e+02  9.956939740490954591e+02  9.965625674819286814e+02  9.970700000000000500e+02
182 3641 5.053537e-01 2.405133e+01  9.928700000000000045e+02  9.956508568803062644e+02  9.965004166226408415e+02  9.968451879688515191e+02
183 3661 5.077386e-01 2.406459e+01  9.928700000000000045e+02  9.956523091988591432e+02  9.966499019708639935e+02  9.971328256046975866e+02
184 3681 5.096112e-01 2.407958e+01  9.928700000000000045e+02  9.958500000000000227e+02  9.966439696796307999e+02  9.972177582046576845e+02
185 3701 5.123206e-01 2.408661e+01  9.928700000000000045e+02  9.948602962943451757e+02  9.966200000000000045e+02  9.972620012372433393e+02
186 3721 5.151975e-01 2.409730e+01  9.928700000000000045e+02  9.951299999999999955e+02  9.965800835273863640e+02  9.970561063250615916e+02
187 3741 5.193140e-01 2.410176e+01  9.928700000000000045e+02  9.952682141159459661e+02  9.965251294582324135e+02  9.972379922773147882e+02
188 3761 5.206908e-01 2.411159e+01  9.928700000000000045e+02  9.957978793522248679e+02  9.965351674094040391e+02  9.971241160840562543e+02
189 3781 5.186620e-01 2.412500e+01  9.928700000000000045e+02  9.949460148215232493e+02  9.964795871336091295e+02  9.971475730148274579e+02
190 3801 5.173164e-01 2.412862e+01  9.928700000000000045e+02  9.958500000000000227e+02  9.964890114621314297e+02  9.971614613555705091e+02
191 3821 5.142812e-01 2.413142e+01  9.928700000000000045e+02  9.957386102793285545e+02  9.966494037993882102e+02  9.971433309384846098e+02
192 3841 5.105139e-01 2.413672e+01  9.928700000000000045e+02  9.959600000000000364e+02  9.964859870207287713e+02  9.972300000000000182e+02
193 3861 5.076425e-01 2.415614e+01  9.928700000000000045e+02  9.958278438370847425e+02  9.965763837260678883e+02  9.969111610346708403e+02
194 3881 5.060085e-01 2.416532e+01  9.928700000000000045e+02  9.962899999999999636e+02  9.967091175294356162e+02  9.970543933880516079e+02
195 3901 5.040758e-01 2.417461e+01  9.928700000000000045e+02  9.955800000000000409e+02  9.966371250349409365e+02  9.970687780730462464e+02
196 3921 5.040329e-01 2.418987e+01  9.928700000000000045e+02  9.952856986661745395e+02  9.963620190861037145e+02  9.970872021190012902e+02
197 3941 5.016009e-01 2.420217e+01  9.928700000000000045e+02  9.952319761739303203e+02  9.965909731534309230e+02  9.972953625624130609e+02
198 3961 4.985917e-01 2.423560e+01  9.928700000000000045e+02  9.949358732043551754e+02  9.964324198735606615e+02  9.971217646296902331e+02
199 3981 4.977790e-01 2.425064e+01  9.928700000000000045e+02  9.956280103656287110e+02  9.966988962169425577e+02  9.972185429121757352e+02
200 4001 4.947502e-01 2.426535e+01  9.928700000000000045e+02  9.958615110926539273e+02  9.965356053460303656e+02  9.972620570478686659e+02
201 4021 4.931726e-01 2.427513e+01  9.928700000000000045e+02  9.959906263136059579e+02  9.965357938643286388e+02  9.970026566242487434e+02
202 4041 4.931245e-01 2.428072e+01  9.928700000000000045e+02  9.953910492536850825e+02  9.963657576145258190e+02  9.969881318751669141e+02
203 4061 4.931753e-01 2.430670e+01  9.928700000000000045e+02  9.955771143618374026e+02  9.966692203383578317e+02  9.973522807047852439e+02
204 4081 4.929909e-01 2.432222e+01  9.928700000000000045e+02  9.947652496438860226e+02  9.965840680618758824e+02  9.972189832125862949e+02
205 4101 4.919056e-01 2.432887e+01  9.928700000000000045e+02  9.959515063668798120e+02  9.965001468221084906e+02  9.970978172747027202e+02
206 4121 4.892582e-01 2.435245e+01  9.928700000000000045e+02  9.955674483169556197e+02  9.966247208158812327e+02  9.971419425366591440e+02
207 4141 4.882749e-01 2.436680e+01  9.928700000000000045e+02  9.958129691842764259e+02  9.964241099215493023e+02  9.971571137033478180e+02
208 4161 4.864697e-01 2.438224e+01  9.928700000000000045e+02  9.958200000000000500e+02  9.962880338914105778e+02  9.971017763951987263e+02
209 4181 4.822984e-01 2.439979e+01  9.928700000000000045e+02  9.954759491878082827e+02  9.964964162448492289e+02  9.970700000000000500e+02
210 4201 4.764067e-01 2.441273e+01  9.928700000000000045e+02  9.961146081990223138e+02  9.966289740047986925e+02  9.970652112425237874e+02
211 4221 4.698322e-01 2.441497e+01  9.928700000000000045e+02  9.955662767351448110e+02  9.965221129084820859e+02  9.971327915597918263e+02
212 4241 4.639654e-01 2.441883e+01  9.928700000000000045e+02  9.957557803313056866e+02  9.965049418329745095e+02  9.970900000000000318e+02
213 4261 4.608743e-01 2.442392e+01  9.928700000000000045e+02  9.951482162328300092e+02  9.966067627170771175e+02  9.971799999999999500e+02
214 4281 4.565391e-01 2.443304e+01  9.928700000000000045e+02  9.953700000000000045e+02  9.964194899205647289e+02  9.973370662175190091e+02
215 4301 4.540838e-01 2.443496e+01  9.928700000000000045e+02  9.953943446773522510e+02  9.965399999999999636e+02  9.973236545658228351e+02
216 4321 4.512042e-01 2.443672e+01  9.928700000000000045e+02  9.958661223364905482e+02  9.965086068581811105e+02  9.970897355600030778e+02
217 4341 4.488192e-01 2.443881e+01  9.928700000000000045e+02  9.946429766808920476e+02  9.964810180056426816e+02  9.972947215861153154e+02
218 4361 4.453274e-01 2.444848e+01  9.928700000000000045e+02  9.946510792879028031e+02  9.963836081275815104e+02  9.970192146782997042e+02
219 4381 4.436601e-01 2.445366e+01  9.928700000000000045e+02  9.958146333337929264e+02  9.965641166682619314e+02  9.971521375788323667e+02
220 4401 4.412310e-01 2.446127e+01  9.928700000000000045e+02  9.954725959582269752e+02  9.964968554506847340e+02  9.970607838473079028e+02
221 4421 4.391069e-01 2.448556e+01  9.928700000000000045e+02  9.955583555108892142e+02  9.965412390501112441e+02  9.969442468555513415e+02
222 4441 4.360293e-01 2.448652e+01  9.928700000000000045e+02  9.956951838338741254e+02  9.963787727245427277e+02  9.970499999999999545e+02
223 4461 4.319498e-01 2.448874e+01  9.928700000000000045e+02  9.958401913205921119e+02  9.962185984976825921e+02  9.969907104074139852e+02
224 4481 4.286285e-01 2.450600e+01  9.928700000000000045e+02  9.948987142612007801e+02  9.963837647989389552e+02  9.971247398257480654e+02
225 4501 4.250303e-01 2.451987e+01  9.928700000000000045e+02  9.957599999999999909e+02  9.966357405631406436e+02  9.972321766789561934e+02
226 4521 4.221757e-01 2.452114e+01  9.928700000000000045e+02  9.954130841350615810e+02  9.965249232435129443e+02  9.968932467951193530e+02
227 4541 4.181506e-01 2.452333e+01  9.928700000000000045e+02  9.955415378395936159e+02  9.966277200942593026e+02  9.971201764287196738e+02
228 4561 4.154425e-01 2.453493e+01  9.928700000000000045e+02  9.939637464515029706e+02  9.961687390832988740e+02  9.967674882912672274e+02
229 4581 4.134445e-01 2.454378e+01  9.928700000000000045e+02  9.951299999999999955e+02  9.966222197730002108e+02  9.970602976338543613e+02
230 4601 4.102044e-01 2.456835e+01  9.928700000000000045e+02  9.945808899243544374e+02  9.963771848505055004e+02  9.969500000000000455e+02
231 4621 4.079890e-01 2.457403e+01  9.928700000000000045e+02  9.944278306495964443e+02  9.966013172148590229e+02  9.971049676802384738e+02
232 4641 4.056748e-01 2.458390e+01  9.928700000000000045e+02  9.956795315748261146e+02  9.963685419654875659e+02  9.969099999999999682e+02
233 4661 4.039277e-01 2.460212e+01  9.928700000000000045e+02  9.959214604708572551e+02  9.965597154318998037e+02  9.970493459614158382e+02
234 4681 3.986984e-01 2.461507e+01  9.928700000000000045e+02  9.949359059691133780e+02  9.965460153789621245e+02  9.969443439578158177e+02
235 4701 3.943242e-01 2.461828e+01  9.928700000000000045e+02  9.955612810556189061e+02  9.962527536368887695e+02  9.969759451618331241e+02
236 4721 3.910709e-01 2.462492e+01  9.928700000000000045e+02  9.957453989982914209e+02  9.964661646072468102e+02  9.969163350311985141e+02
237 4741 3.883514e-01 2.463192e+01  9.928700000000000045e+02  9.954387265869135035e+02  9.965106522102603321e+02  9.969099999999999682e+02
238 4761 3.857471e-01 2.464150e+01  9.928700000000000045e+02  9.957935622642286262e+02  9.963409084587207190e+02  9.970734994870105083e+02
239 4781 3.838500e-01 2.465260e+01  9.928700000000000045e+02  9.956666247888464341e+02  9.965871199228466821e+02  9.971390041253845311e+02
240 4801 3.826318e-01 2.467610e+01  9.928700000000000045e+02  9.957442465298167917e+02  9.965358047783074653e+02  9.970680562463883234e+02
241 4821 3.816545e-01 2.468214e+01  9.928700000000000045e+02  9.935242078021066163e+02  9.964315653562558737e+02  9.967500000000000000e+02
242 4841 3.793718e-01 2.468723e+01  9.928700000000000045e+02  9.941452339025468063e+02  9.962428113082746677e+02  9.968814833599411713e+02
243 4861 3.792462e-01 2.469712e+01  9.928700000000000045e+02  9.955919812569034093e+02  9.963788982404212220e+02  9.969700000000000273e+02
244 4881 3.809332e-01 2.471126e+01  9.928700000000000045e+02  9.953288025268983574e+02  9.964932762117623497e+02  9.972190135708646039e+02
245 4901 3.850158e-01 2.473214e+01  9.928700000000000045e+02  9.955529224199311784e+02  9.964187286473134009e+02  9.968776922737131372e+02
246 4921 3.891826e-01 2.473876e+01  9.928700000000000045e+02  9.950467678745083049e+02  9.960220485451477543e+02  9.968012040410981172e+02
247 4941 3.927199e-01 2.474637e+01  9.928700000000000045e+02  9.955037732043826963e+02  9.964395564926203406e+02  9.969156943183978683e+02
248 4961 3.981951e-01 2.476197e+01  9.928700000000000045e+02  9.951625240232810938e+02  9.964498206268079912e+02  9.969400000000000546e+02
249 4981 4.012512e-01 2.477984e+01  9.928700000000000045e+02  9.955848905225103636e+02  9.963596381904349073e+02  9.969989140880520608e+02
250 5001 4.050448e-01 2.479007e+01  9.928700000000000045e+02  9.952651586571766984e+02  9.963801241262374333e+02  9.970326870841242908e+02
251 5021 4.089808e-01 2.480978e+01  9.928400000000000318e+02  9.928400000000000318e+02  9.961631964658599827e+02  9.970037650017627584e+02
252 5041 4.117833e-01 2.481316e+01  9.928400000000000318e+02  9.946973192090649718e+02  9.966051649269527388e+02  9.971742920578626581e+02
253 5061 4.132243e-01 2.482762e+01  9.928400000000000318e+02  9.953886414994032066e+02  9.964106176628711182e+02  9.970310378169675687e+02
254 5081 4.143183e-01 2.483387e+01  9.928400000000000318e+02  9.954205283444238148e+02  9.964937158772711427e+02  9.970660070801653774e+02
255 5101 4.143419e-01 2.484865e+01  9.928400000000000318e+02  9.952361828783863302e+02  9.964188976829168496e+02  9.972400000000000091e+02
256 5121 4.168000e-01 2.485947e+01  9.928400000000000318e+02  9.954880931870873155e+02  9.964713324958054272e+02  9.970725341563820621e+02
257 5141 4.194522e-01 2.487322e+01  9.928400000000000318e+02  9.955753075355179362e+02  9.962057597242189786e+02  9.967746345416383065e+02
258 5161 4.224750e-01 2.487907e+01  9.928400000000000318e+02  9.957818204007893428e+02  9.964483360095085800e+02  9.971881477453830485e+02
259 5181 4.255610e-01 2.490289e+01  9.928400000000000318e+02  9.954249666975870241e+02  9.965793390700273449e+02  9.970661676802461670e+02
260 5201 4.260165e-01 2.491324e+01  9.928400000000000318e+02  9.953517389748490132e+02  9.964073370597739085e+02  9.971065743199465032e+02
261 5221 4.258555e-01 2.492151e+01  9.928400000000000318e+02  9.950369661446652572e+02  9.964767432223279684e+02  9.970800000000000409e+02
262 5241 4.246853e-01 2.492558e+01  9.928400000000000318e+02  9.946989807397210370e+02  9.963569021613761834e+02  9.971071192982017237e+02
263 5261 4.223752e-01 2.494372e+01  9.928400000000000318e+02  9.957117026405394427e+02  9.965455812868764269e+02  9.970285626050756491e+02
264 5281 4.200057e-01 2.495075e+01  9.928400000000000318e+02  9.952846177780345442e+02  9.961478952243575122e+02  9.969094184322520960e+02
265 5301 4.209651e-01 2.495624e+01  9.928400000000000318e+02  9.950930048110341204e+02  9.964363736971777143e+02  9.968526611044222818e+02
266 5321 4.214375e-01 2.496548e+01  9.928400000000000318e+02  9.952511471291959424e+02  9.962007342888980475e+02  9.968970363092897742e+02
267 5341 4.217120e-01 2.497528e+01  9.928400000000000318e+02  9.948104992995711200e+02  9.962584715138850697e+02  9.970739197186452429e+02
268 5361 4.214515e-01 2.499099e+01  9.928400000000000318e+02  9.953799999999999955e+02  9.962768127989556888e+02  9.969530728296167581e+02
269 5381 4.202191e-01 2.499592e+01  9.928400000000000318e+02  9.943336234271052945e+02  9.964521031795691215e+02  9.969199999999999591e+02
270 5401 4.184790e-01 2.500306e+01  9.928400000000000318e+02  9.952589645910398986e+02  9.963673958880401642e+02  9.967338671618823582e+02
271 5421 4.182386e-01 2.500955e+01  9.928400000000000318e+02  9.953054299560063782e+02  9.964673076766028998e+02  9.970841532588249265e+02
272 5441 4.176018e-01 2.501797e+01  9.928400000000000318e+02  9.948012941632747470e+02  9.964269809498282484e+02  9.971684857989313286e+02
273 5461 4.161529e-01 2.501582e+01  9.928400000000000318e+02  9.950688128580106877e+02  9.965096360673924210e+02  9.969603923065669733e+02
274 5481 4.149803e-01 2.502706e+01  9.928400000000000318e+02  9.957718160920659329e+02  9.963304942083124160e+02  9.970655400060171587e+02
275 5501 4.137916e-01 2.503616e+01  9.928400000000000318e+02  9.955399999999999636e+02  9.963296374541007481e+02  9.969464546610682874e+02
276 5521 4.118019e-01 2.504399e+01  9.928400000000000318e+02  9.949188829725342202e+02  9.964320318478777381e+02  9.971158340894097591e+02
277 5541 4.095492e-01 2.505139e+01  9.928400000000000318e+02  9.955070840765736193e+02  9.965383969488498224e+02  9.968999999999999773e+02
278 5561 4.096156e-01 2.506835e+01  9.928400000000000318e+02  9.950225661986160048e+02  9.964633085584339369e+02  9.968400000000000318e+02
279 5581 4.098543e-01 2.507898e+01  9.928400000000000318e+02  9.951028022479277979e+02  9.964465841229670104e+02  9.968887397358791986e+02
280 5601 4.103251e-01 2.508758e+01  9.928400000000000318e+02  9.952202326259767915e+02  9.964616817477519817e+02  9.970171075377068064e+02
281 5621 4.102144e-01 2.508924e+01  9.928400000000000318e+02  9.957417410933061319e+02  9.963794360143144786e+02  9.970950261633446416e+02
282 5641 4.132011e-01 2.509743e+01  9.928400000000000318e+02  9.957035791967019804e+02  9.965423788580703786e+02  9.970381605305095718e+02
283 5661 4.156728e-01 2.511479e+01  9.928400000000000318e+02  9.950775726095214395e+02  9.965386082154223004e+02  9.970352718060703410e+02
284 5681 4.189738e-01 2.512037e+01  9.928400000000000318e+02  9.956474726059190061e+02  9.964108388395463862e+02  9.970879675982151866e+02
285 5701 4.218302e-01 2.512232e+01  9.928400000000000318e+02  9.954555040061324007e+02  9.965075485206018584e+02  9.972088676228515851e+02
286 5721 4.240367e-01 2.513260e+01  9.928400000000000318e+02  9.954621643976528276e+02  9.965051618668044284e+02  9.970792822247776712e+02
287 5741 4.251025e-01 2.513895e+01  9.928400000000000318e+02  9.952422631560179980e+02  9.964191428020114927e+02  9.971699999999999591e+02
288 5761 4.266313e-01 2.515196e+01  9.928400000000000318e+02  9.955532902256319403e+02  9.965508087767327652e+02  9.971290212966874833e+02
289 5781 4.243638e-01 2.516211e+01  9.928400000000000318e+02  9.951943235928223430e+02  9.964539351793800961e+02  9.970878896929847315e+02
290 5801 4.210746e-01 2.517537e+01  9.928400000000000318e+02  9.951059751931385335e+02  9.965892505025811943e+02  9.970611781714600284e+02
291 5821 4.200488e-01 2.519480e+01  9.928400000000000318e+02  9.951984072185758805e+02  9.964927569321156398e+02  9.971170411648620302e+02
292 5841 4.199505e-01 2.520389e+01  9.928400000000000318e+02  9.954871588528823168e+02  9.965280792216587997e+02  9.969429292460666829e+02
293 5861 4.220982e-01 2.521066e+01  9.928400000000000318e+02  9.950687101023353307e+02  9.964287082870719132e+02  9.970896547106760863e+02
294 5881 4.234932e-01 2.521624e+01  9.928400000000000318e+02  9.958655408338528332e+02  9.964685911570445569e+02  9.972281352144440234e+02
295 5901 4.235418e-01 2.523788e+01  9.928400000000000318e+02  9.950668895127895439e+02  9.964528624824783947e+02  9.969883780409569454e+02
296 5921 4.240022e-01 2.525545e+01  9.928400000000000318e+02  9.948404664802849311e+02  9.964440590732747296e+02  9.969290091316389635e+02
297 5941 4.241409e-01 2.526885e+01  9.928400000000000318e+02  9.960078156023132578e+02  9.964986765254080865e+02  9.970845280764144718e+02
298 5961 4.263592e-01 2.527126e+01  9.928400000000000318e+02  9.957578742920220520e+02  9.965161296990111168e+02  9.969555686329422315e+02
299 5981 4.281246e-01 2.527403e+01  9.928400000000000318e+02  9.933382318491211436e+02  9.964311263797832225e+02  9.970870123487841283e+02
300 6001 4.306753e-01 2.528059e+01  9.928400000000000318e+02  9.955079886727373832e+02  9.963712166852403698e+02  9.970399999999999636e+02
301 6021 4.345099e-01 2.529849e+01  9.928400000000000318e+02  9.949846314612249216e+02  9.963962746889956179e+02  9.969400000000000546e+02
302 6041 4.344874e-01 2.529868e+01  9.928400000000000318e+02  9.949900000000000091e+02  9.965171970853705261e+02  9.970988785947263295e+02
303 6061 4.370585e-01 2.530742e+01  9.928400000000000318e+02  9.957300000000000182e+02  9.962693906203713823e+02  9.972029521783990731e+02
304 6081 4.407987e-01 2.530778e+01  9.928400000000000318e+02  9.953604116332359126e+02  9.964702747342132625e+02  9.969382122201714083e+02
305 6101 4.447894e-01 2.530786e+01  9.928400000000000318e+02  9.959074175349032885e+02  9.964799556406776446e+02  9.971299999999999955e+02
306 6121 4.489721e-01 2.531236e+01  9.928400000000000318e+02  9.952156265927475260e+02  9.964195517161145972e+02  9.970953805750510810e+02
307 6141 4.514821e-01 2.531436e+01  9.928400000000000318e+02  9.958945283711358343e+02  9.964926401395792936e+02  9.972100000000000364e+02
308 6161 4.528207e-01 2.532487e+01  9.928400000000000318e+02  9.952100000000000364e+02  9.965068133836732613e+02  9.970250719031304243e+02
309 6181 4.544685e-01 2.533126e+01  9.928400000000000318e+02  9.950582231263468884e+02  9.965226545854400229e+02  9.970403048465781239e+02
310 6201 4.571043e-01 2.534653e+01  9.928400000000000318e+02  9.960599999999999454e+02  9.964715338250572358e+02  9.971169875741663873e+02
311 6221 4.600792e-01 2.535878e+01  9.928400000000000318e+02  9.957438976270308331e+02  9.965327382473792568e+02  9.968760784898762495e+02
312 6241 4.627633e-01 2.536454e+01  9.928400000000000318e+02  9.956442131618907752e+02  9.963156418296214270e+02  9.969436582566971765e+02
313 6261 4.647274e-01 2.537490e+01  9.928400000000000318e+02  9.940735289003127946e+02  9.964592674191005699e+02  9.971541528205642635e+02
314 6281 4.663089e-01 2.538624e+01  9.928400000000000318e+02  9.951814960200325686e+02  9.965945970084303553e+02  9.971100000000000136e+02
315 6301 4.655114e-01 2.539869e+01  9.928400000000000318e+02  9.954864556548973269e+02  9.964422152698136870e+02  9.970906546083074318e+02
316 6321 4.643496e-01 2.539992e+01  9.928400000000000318e+02  9.959613622370803796e+02  9.967717190000519167e+02  9.971603407743020853e+02
317 6341 4.605714e-01 2.542032e+01  9.928400000000000318e+02  9.960406099244104325e+02  9.964762809896567433e+02  9.968351019126033634e+02
318 6361 4.579024e-01 2.542286e+01  9.928400000000000318e+02  9.951832402538600491e+02  9.964322085400963260e+02  9.969900000000000091e+02
319 6381 4.564531e-01 2.542411e+01  9.928400000000000318e+02  9.955199999999999818e+02  9.966027575936014955e+02  9.985331129534562251e+02
320 6401 4.562401e-01 2.543394e+01  9.928400000000000318e+02  9.958885315087827621e+02  9.964765367161966196e+02  9.985399999999999636e+02
321 6421 4.555133e-01 2.544296e+01  9.928400000000000318e+02  9.955008719246586679e+02  9.964286363799315041e+02  9.969609038095334199e+02
322 6441 4.539584e-01 2.545095e+01  9.928400000000000318e+02  9.961142543011351336e+02  9.966302924925653315e+02  9.981934219191751936e+02
323 6461 4.525715e-01 2.545644e+01  9.928400000000000318e+02  9.958639303611159903e+02  9.964221142211288225e+02  9.970070149590100073e+02
324 6481 4.513678e-01 2.546889e+01  9.928400000000000318e+02  9.953855554412069750e+02  9.965074308302155259e+02  9.969967421753316330e+02
325 6501 4.524352e-01 2.547807e+01  9.928400000000000318e+02  9.957711870313996769e+02  9.965670403249625906e+02  9.969305348215435743e+02
326 6521 4.536580e-01 2.548828e+01  9.928400000000000318e+02  9.957599999999999909e+02  9.963618991569959462e+02  9.970080821606344443e+02
327 6541 4.536363e-01 2.549359e+01  9.928400000000000318e+02  9.955227172778489830e+02  9.965421021191983755e+02  9.980800000000000409e+02
328 6561 4.516298e-01 2.550565e+01  9.928400000000000318e+02  9.939205178581019027e+02  9.962851017350069469e+02  9.968709426219041916e+02
329 6581 4.490645e-01 2.551815e+01  9.928400000000000318e+02  9.959210315102271807e+02  9.963632882198121479e+02  9.971575386700847048e+02
330 6601 4.458555e-01 2.552625e+01  9.928400000000000318e+02  9.951975497041886456e+02  9.964921252791474444e+02  9.970663910646601380e+02
331 6621 4.432820e-01 2.554180e+01  9.928400000000000318e+02  9.955499999999999545e+02  9.965099999999999909e+02  9.981693697559875318e+02
332 6641 4.385309e-01 2.555228e+01  9.928400000000000318e+02  9.961607588560748354e+02  9.965867122862280212e+02  9.988851068609762933e+02
333 6661 4.352665e-01 2.555447e+01  9.928400000000000318e+02  9.954400000000000546e+02  9.964545006868418113e+02  9.979559186210135522e+02
334 6681 4.316094e-01 2.556528e+01  9.928400000000000318e+02  9.944032667598123680e+02  9.962594876509609776e+02  9.970950008873334127e+02
335 6701 4.305871e-01 2.557233e+01  9.928400000000000318e+02  9.959500000000000455e+02  9.965987493823693057e+02  9.987322551853998220e+02
336 6721 4.284606e-01 2.557588e+01  9.928400000000000318e+02  9.956599999999999682e+02  9.966813652219432242e+02  9.986851069837287014e+02
337 6741 4.259657e-01 2.557883e+01  9.928400000000000318e+02  9.951947072501418461e+02  9.964583609298599640e+02  9.975524457111912398e+02
338 6761 4.221000e-01 2.560580e+01  9.928400000000000318e+02  9.944775511691067322e+02  9.965556449423463619e+02  9.986115015420043619e+02
339 6781 4.180693e-01 2.561043e+01  9.928400000000000318e+02  9.946635429546788600e+02  9.964042197689120712e+02  9.967699999999999818e+02
340 6801 4.144977e-01 2.561580e+01  9.928400000000000318e+02  9.954257353921008189e+02  9.963457895997383957e+02  9.968750797049551693e+02
341 6821 4.111528e-01 2.562651e+01  9.928400000000000318e+02  9.957023884577212129e+02  9.966656556526413624e+02  9.982912311330065904e+02
342 6841 4.092509e-01 2.565226e+01  9.928400000000000318e+02  9.957644401481799150e+02  9.964892480989019532e+02  9.968675184467435884e+02
343 6861 4.080055e-01 2.566585e+01  9.928400000000000318e+02  9.954616884458536106e+02  9.962180776211604325e+02  9.985689200911169792e+02
344 6881 4.070956e-01 2.568463e+01  9.928400000000000318e+02  9.957556610060594267e+02  9.963108175823697366e+02  9.969364806690197156e+02
345 6901 4.072796e-01 2.569824e+01  9.928400000000000318e+02  9.953059072196905390e+02  9.964676407499853212e+02  9.970177696639937039e+02
346 6921 4.064638e-01 2.570941e+01  9.928400000000000318e+02  9.953472319009696321e+02  9.961559341484248762e+02  9.971524035015688696e+02
347 6941 4.061214e-01 2.572090e+01  9.928400000000000318e+02  9.952518496545338849e+02  9.965227134111247551e+02  9.969617458922069773e+02
348 6961 4.070136e-01 2.573594e+01  9.928400000000000318e+02  9.947899999999999636e+02  9.962690086575257737e+02  9.967657455712246701e+02
349 6981 4.070786e-01 2.574560e+01  9.928400000000000318e+02  9.956882203770143178e+02  9.963986219954254011e+02  9.969440777440405554e+02
350 7001 4.084944e-01 2.575104e+01  9.928400000000000318e+02  9.955510040805168046e+02  9.964470060103973310e+02  9.970503248984998663e+02
351 7021 4.108232e-01 2.575669e+01  9.928400000000000318e+02  9.957974970249975968e+02  9.962741221408856518e+02  9.968970663195092357e+02
352 7041 4.114456e-01 2.577754e+01  9.928400000000000318e+02  9.960000000000000000e+02  9.964651992416318080e+02  9.968585176057075614e+02
353 7061 4.117524e-01 2.578224e+01  9.928400000000000318e+02  9.958386496332472007e+02  9.964424617282284089e+02  9.968999999999999773e+02
354 7081 4.142220e-01 2.578695e+01  9.928400000000000318e+02  9.951322981730226047e+02  9.964884748881639780e+02  9.968390378337518314e+02
355 7101 4.157806e-01 2.579649e+01  9.928400000000000318e+02  9.958775152941731221e+02  9.965245861854900795e+02  9.969343986824776493e+02
356 7121 4.166173e-01 2.581366e+01  9.928400000000000318e+02  9.953276804261344068e+02  9.964157072144905669e+02  9.969586520710282684e+02
357 7141 4.167811e-01 2.582882e+01  9.928400000000000318e+02  9.948814422665813026e+02  9.963695879347556001e+02  9.969251561581155556e+02
358 7161 4.165896e-01 2.583124e+01  9.928400000000000318e+02  9.946630437728589413e+02  9.964511688345505718e+02  9.969212583592411647e+02
359 7181 4.166035e-01 2.584369e+01  9.928400000000000318e+02  9.946900000000000546e+02  9.963054389002729749e+02  9.970163766286208329e+02
360 7201 4.156018e-01 2.585802e+01  9.928400000000000318e+02  9.955700000000000500e+02  9.964645939893903233e+02  9.969102918389232855e+02
361 7221 4.119186e-01 2.586247e+01  9.928400000000000318e+02  9.951299999999999955e+02  9.963685740274374893e+02  9.969132150472828471e+02
362 7241 4.081821e-01 2.587453e+01  9.928400000000000318e+02  9.955606786735626201e+02  9.962509956326706515e+02  9.971016461081680973e+02
363 7261 4.060314e-01 2.589076e+01  9.928400000000000318e+02  9.954404033915818673e+02  9.965029211157861937e+02  9.970681183565812944e+02
364 7281 4.049391e-01 2.592947e+01  9.928400000000000318e+02  9.958060597046059002e+02  9.964148920004422507e+02  9.968070368170310758e+02
365 7301 4.054099e-01 2.596007e+01  9.928400000000000318e+02  9.953188729390869867e+02  9.962478630679772778e+02  9.969162394072390043e+02
366 7321 4.086233e-01 2.598147e+01  9.928400000000000318e+02  9.952369234008955345e+02  9.964671856139896136e+02  9.967652348262447504e+02
367 7341 4.114813e-01 2.601908e+01  9.928400000000000318e+02  9.955560696877269038e+02  9.964246032715871024e+02  9.969983896231946119e+02
368 7361 4.137828e-01 2.603816e+01  9.928400000000000318e+02  9.941085180164269559e+02  9.966030891364869149e+02  9.969553438416094195e+02
369 7381 4.174633e-01 2.611232e+01  9.928400000000000318e+02  9.953582050935245888e+02  9.965724354513560002e+02  9.969160392936412336e+02
370 7401 4.202021e-01 2.615451e+01  9.928400000000000318e+02  9.950750917411371574e+02  9.964225514379304514e+02  9.967920780768470195e+02
371 7421 4.229604e-01 2.619516e+01  9.928400000000000318e+02  9.947976906801446830e+02  9.964543330190501820e+02  9.969913448872845265e+02
372 7441 4.279938e-01 2.622864e+01  9.928400000000000318e+02  9.950836904312127444e+02  9.965358513430298899e+02  9.969725243304218338e+02
373 7461 4.338284e-01 2.625393e+01  9.928400000000000318e+02  9.946742138295792302e+02  9.964756798480907491e+02  9.971186573035373613e+02
374 7481 4.376109e-01 2.630268e+01  9.928400000000000318e+02  9.952411484243947370e+02  9.964225526854925192e+02  9.970000000000000000e+02
375 7501 4.415649e-01 2.635132e+01  9.928400000000000318e+02  9.942400000000000091e+02  9.965607741108001392e+02  9.970453120358237129e+02
376 7521 4.462141e-01 2.638984e+01  9.928400000000000318e+02  9.952493552385092244e+02  9.964807604216127856e+02  9.969059135995756833e+02
377 7541 4.509454e-01 2.643171e+01  9.928400000000000318e+02  9.949219236542782028e+02  9.963604337824683626e+02  9.970546673843826966e+02
378 7561 4.550441e-01 2.647052e+01  9.928400000000000318e+02  9.957826155144194900e+02  9.965147618961536864e+02  9.968542458604790681e+02
379 7581 4.585918e-01 2.650051e+01  9.928400000000000318e+02  9.952973615768543141e+02  9.966531780358627657e+02  9.970039623714307027e+02
380 7601 4.626437e-01 2.653652e+01  9.928400000000000318e+02  9.954647446408395126e+02  9.965424939672332130e+02  9.970918867003929336e+02
381 7621 4.661887e-01 2.658488e+01  9.928400000000000318e+02  9.955357892162307962e+02  9.964814489148191115e+02  9.970421546366502525e+02
382 7641 4.694995e-01 2.663216e+01  9.928400000000000318e+02  9.951048793259396916e+02  9.965538660753778686e+02  9.970426687410089244e+02
383 7661 4.711078e-01 2.666939e+01  9.928400000000000318e+02  9.946877245571023423e+02  9.962979412182868373e+02  9.970149736783145045e+02
384 7681 4.731939e-01 2.671165e+01  9.928400000000000318e+02  9.953400000000000318e+02  9.964556084598747248e+02  9.970484769002509893e+02
385 7701 4.767248e-01 2.675492e+01  9.928400000000000318e+02  9.946127527347575779e+02  9.963919380957443082e+02  9.969515329894843489e+02
386 7721 4.799592e-01 2.679276e+01  9.928400000000000318e+02  9.953431175756290941e+02  9.964744180843592858e+02  9.971107726915064404e+02
387 7741 4.817763e-01 2.681749e+01  9.928400000000000318e+02  9.953732708092944677e+02  9.965152667466079492e+02  9.970931163136272062e+02
388 7761 4.814993e-01 2.684858e+01  9.928400000000000318e+02  9.956977696943018827e+02  9.964048674042803668e+02  9.970484159167194775e+02
389 7781 4.820829e-01 2.688526e+01  9.928400000000000318e+02  9.959700000000000273e+02  9.964580189476671421e+02  9.976634440160556778e+02
390 7801 4.809188e-01 2.692153e+01  9.928400000000000318e+02  9.951177880296542071e+02  9.965658671847668302e+02  9.969388647243594050e+02
391 7821 4.806662e-01 2.696587e+01  9.928400000000000318e+02  9.949050951645945133e+02  9.965231089314229393e+02  9.971303118238026855e+02
392 7841 4.818471e-01 2.699528e+01  9.928400000000000318e+02  9.953203739201709368e+02  9.965734301332363430e+02  9.975611235620430080e+02
393 7861 4.854540e-01 2.702465e+01  9.928400000000000318e+02  9.957547493289903286e+02  9.963679519320819509e+02  9.971499999999999773e+02
394 7881 4.879239e-01 2.704701e+01  9.928400000000000318e+02  9.950143838877486360e+02  9.963925575503071741e+02  9.972485415467396024e+02
395 7901 4.892925e-01 2.706915e+01  9.928400000000000318e+02  9.956187045392861137e+02  9.963258161266470552e+02  9.969820703938922861e+02
396 7921 4.920134e-01 2.708938e+01  9.928400000000000318e+02  9.951399999999999864e+02  9.964017965168209230e+02  9.982100000000000364e+02
397 7941 4.934698e-01 2.710375e+01  9.928400000000000318e+02  9.955265117007489835e+02  9.964351709616050812e+02  9.971840119667313047e+02
398 7961 4.954898e-01 2.715428e+01  9.928400000000000318e+02  9.954369608747422262e+02  9.964064209005900921e+02  9.987083315227151843e+02
399 7981 4.946577e-01 2.717572e+01  9.928400000000000318e+02  9.951720719747335124e+02  9.964570471561276008e+02  9.988087018348015818e+02
400 8001 4.934646e-01 2.719135e+01  9.928400000000000318e+02  9.956116650746286041e+02  9.965809405814027286e+02  9.969530855001013379e+02
401 8021 4.924096e-01 2.720122e+01  9.928400000000000318e+02  9.953118086871928654e+02  9.963656714633793854e+02  9.970120464964087432e+02
402 8041 4.893176e-01 2.720624e+01  9.928400000000000318e+02  9.953252744607100340e+02  9.964896992858955400e+02  9.972549370068428516e+02
403 8061 4.860504e-01 2.722594e+01  9.928400000000000318e+02  9.951263278590148502e+02  9.963691676347222028e+02  9.972122253543273018e+02
404 8081 4.830380e-01 2.724339e+01  9.928400000000000318e+02  9.957930610147602692e+02  9.965723975846842677e+02  9.999751951760143811e+02
405 8101 4.785005e-01 2.725360e+01  9.928400000000000318e+02  9.950865697628449880e+02  9.964736661059243943e+02  9.972008138723087995e+02
406 8121 4.760157e-01 2.725539e+01  9.928400000000000318e+02  9.955800000000000409e+02  9.964685788797239638e+02  9.968518870616446748e+02
407 8141 4.716825e-01 2.727225e+01  9.928400000000000318e+02  9.958123786907018484e+02  9.965240028345793917e+02  9.971690567743438578e+02
408 8161 4.671394e-01 2.729099e+01  9.928400000000000318e+02  9.950361650215164673e+02  9.964608906649662003e+02  9.969118090306055819e+02
409 8181 4.614729e-01 2.730615e+01  9.928400000000000318e+02  9.949111899611887111e+02  9.965097379316102888e+02  9.969485171388101890e+02
410 8201 4.574264e-01 2.730926e+01  9.928400000000000318e+02  9.951742911763755046e+02  9.961594016004099785e+02  9.968804605943082606e+02
411 8221 4.536860e-01 2.731209e+01  9.928400000000000318e+02  9.951319432796632327e+02  9.965144785344921274e+02  9.970246484848339605e+02
412 8241 4.514138e-01 2.733287e+01  9.928400000000000318e+02  9.955630804513123167e+02  9.964525624988134496e+02  9.971580981088518456e+02
413 8261 4.520311e-01 2.733726e+01  9.928400000000000318e+02  9.946635301850773203e+02  9.963937063109482324e+02  9.969299999999999500e+02
414 8281 4.493485e-01 2.735017e+01  9.928400000000000318e+02  9.955499999999999545e+02  9.965434707698382226e+02  9.970703853241992647e+02
415 8301 4.491197e-01 2.735500e+01  9.928400000000000318e+02  9.957425126050576409e+02  9.963888688744855244e+02  9.970247554753022996e+02
416 8321 4.471513e-01 2.736026e+01  9.928400000000000318e+02  9.946760721871977466e+02  9.963745832880249509e+02  9.970099999999999909e+02
417 8341 4.470077e-01 2.736827e+01  9.928400000000000318e+02  9.944622051871344866e+02  9.964298360087577748e+02  9.970599999999999454e+02
418 8361 4.472107e-01 2.737607e+01  9.928400000000000318e+02  9.952651012280731493e+02  9.962941403305131871e+02  9.969872797850650841e+02
419 8381 4.475850e-01 2.738198e+01  9.928400000000000318e+02  9.959600000000000364e+02  9.965219765797548916e+02  9.970099999999999909e+02
420 8401 4.460221e-01 2.740068e+01  9.928400000000000318e+02  9.955929693535623528e+02  9.964366459874167958e+02  9.969362225241652595e+02
421 8421 4.460865e-01 2.741190e+01  9.928400000000000318e+02  9.955219100054658838e+02  9.965221176684915463e+02  9.969465884267366391e+02
422 8441 4.453843e-01 2.743695e+01  9.928400000000000318e+02  9.953880899135773461e+02  9.964141725763004160e+02  9.969424675446929314e+02
423 8461 4.452871e-01 2.744625e+01  9.928400000000000318e+02  9.958680343667666648e+02  9.964193434254884778e+02  9.969136349776583756e+02
424 8481 4.453515e-01 2.745601e+01  9.928400000000000318e+02  9.955000000000000000e+02  9.965371994968534182e+02  9.970947783857956210e+02
425 8501 4.441688e-01 2.746882e+01  9.928400000000000318e+02  9.954707552693485013e+02  9.963481732836087303e+02  9.968999999999999773e+02
426 8521 4.416538e-01 2.747499e+01  9.928400000000000318e+02  9.944643157444747885e+02  9.963326634303653009e+02  9.966817734455418076e+02
427 8541 4.402557e-01 2.749213e+01  9.928400000000000318e+02  9.951457725920934081e+02  9.964624059674501950e+02  9.970197737663428370e+02
428 8561 4.395783e-01 2.749535e+01  9.928400000000000318e+02  9.952400000000000091e+02  9.962712406562209253e+02  9.967838871508281500e+02
429 8581 4.378050e-01 2.750649e+01  9.928400000000000318e+02  9.937728133748058781e+02  9.962015218135934447e+02  9.968465584507973745e+02
430 8601 4.358728e-01 2.753356e+01  9.928400000000000318e+02  9.955980074819814263e+02  9.962773657007616066e+02  9.968679276690023698e+02
431 8621 4.352892e-01 2.753979e+01  9.928400000000000318e+02  9.949500000000000455e+02  9.964712421419125121e+02  9.968624333444754484e+02
432 8641 4.323820e-01 2.755233e+01  9.928400000000000318e+02  9.956210990773504363e+02  9.964641404427418365e+02  9.971324258034566128e+02
433 8661 4.305424e-01 2.756159e+01  9.928400000000000318e+02  9.951932027001795404e+02  9.962545975236134836e+02  9.969467470143703167e+02
434 8681 4.273234e-01 2.755576e+01  9.928400000000000318e+02  9.960125654685439258e+02  9.964569239114496213e+02  9.968400000000000318e+02
435 8701 4.241290e-01 2.755532e+01  9.928400000000000318e+02  9.949676791442184367e+02  9.964502711479842674e+02  9.968469280777749191e+02
436 8721 4.194035e-01 2.756848e+01  9.928400000000000318e+02  9.955680601903750357e+02  9.962974466918708458e+02  9.970912082591295302e+02
437 8741 4.102624e-01 2.757332e+01  9.928400000000000318e+02  9.956246913285878009e+02  9.963796262909665984e+02  9.970700000000000500e+02
438 8761 4.019859e-01 2.758443e+01  9.928400000000000318e+02  9.955873687795916567e+02  9.961952975222782243e+02  9.967584568555058695e+02
439 8781 3.965625e-01 2.759526e+01  9.928400000000000318e+02  9.954333663774440311e+02  9.962450000000000045e+02  9.965830258628409410e+02
440 8801 3.918679e-01 2.760314e+01  9.928400000000000318e+02  9.951785034331278439e+02  9.964299999999999500e+02  9.970378537387900906e+02
441 8821 3.891943e-01 2.760941e+01  9.928400000000000318e+02  9.953237003716524214e+02  9.965409453949868066e+02  9.969900000000000091e+02
442 8841 3.894612e-01 2.762165e+01  9.928400000000000318e+02  9.944723719226731191e+02  9.963326295647427742e+02  9.967187317824450474e+02
443 8861 3.904533e-01 2.764482e+01  9.928400000000000318e+02  9.944750416979388774e+02  9.960960402716868884e+02  9.968787352888567739e+02
444 8881 3.918631e-01 2.765483e+01  9.928400000000000318e+02  9.955143827820047591e+02  9.961192100523251156e+02  9.968988709672805726e+02
445 8901 3.939431e-01 2.765998e+01  9.928400000000000318e+02  9.947940158779947524e+02  9.961333168391813615e+02  9.969154590204137776e+02
446 8921 3.960899e-01 2.767522e+01  9.928400000000000318e+02  9.952022797035521080e+02  9.964531555651772123e+02  9.968411696504788324e+02
447 8941 3.964454e-01 2.769534e+01  9.928400000000000318e+02  9.955964328874168814e+02  9.963671463193621776e+02  9.968028102077394124e+02
448 8961 3.980763e-01 2.770101e+01  9.928400000000000318e+02  9.952227800871804675e+02  9.963145289977378525e+02  9.968304389684248008e+02
449 8981 3.989916e-01 2.770236e+01  9.928400000000000318e+02  9.953899999999999864e+02  9.962495485522997569e+02  9.967747806252050395e+02
450 9001 3.976508e-01 2.771453e+01  9.928400000000000318e+02  9.955443529562792264e+02  9.963505489383113627e+02  9.970780003861256091e+02
451 9021 3.972542e-01 2.772925e+01  9.928400000000000318e+02  9.942173075604140422e+02  9.965569261669502339e+02  9.970151410777418732e+02
452 9041 3.966449e-01 2.773561e+01  9.928400000000000318e+02  9.947541722173558583e+02  9.962373113611721465e+02  9.970124850573998856e+02
453 9061 3.945932e-01 2.777030e+01  9.928400000000000318e+02  9.953439055602619874e+02  9.965263148337223811e+02  9.970946252511303101e+02
454 9081 3.911293e-01 2.778050e+01  9.928400000000000318e+02  9.937152305717086165e+02  9.964493339246023424e+02  9.970342741066310737e+02
455 9101 3.900050e-01 2.780101e+01  9.928400000000000318e+02  9.958315949869363521e+02  9.964449768795601585e+02  9.969144740856129374e+02
456 9121 3.902445e-01 2.780781e+01  9.928400000000000318e+02  9.950000000000000000e+02  9.963217599718578867e+02  9.968152912286481069e+02
457 9141 3.910908e-01 2.781609e+01  9.928400000000000318e+02  9.950562023851019831e+02  9.962875428138398775e+02  9.969588403321361056e+02
458 9161 3.902582e-01 2.783086e+01  9.928400000000000318e+02  9.946218509451700811e+02  9.961377027879327670e+02  9.968220212628879153e+02
459 9181 3.892449e-01 2.785237e+01  9.928400000000000318e+02  9.954244798655652176e+02  9.963811633540556159e+02  9.967999999999999545e+02
460 9201 3.865411e-01 2.787572e+01  9.928400000000000318e+02  9.953567531115218117e+02  9.962395507195874416e+02  9.967631676469621880e+02
461 9221 3.841701e-01 2.788426e+01  9.928400000000000318e+02  9.957772794718282512e+02  9.964107918678166698e+02  9.977192714789538286e+02
462 9241 3.816080e-01 2.788671e+01  9.928400000000000318e+02  9.956315489941252963e+02  9.963035228691182965e+02  9.968748420983002916e+02
463 9261 3.796909e-01 2.788275e+01  9.928400000000000318e+02  9.952881045627061667e+02  9.963826598966950314e+02  9.969860527574151092e+02
464 9281 3.775237e-01 2.789647e+01  9.928400000000000318e+02  9.952781059180421153e+02  9.962271600677709102e+02  9.970284491411828185e+02
465 9301 3.770531e-01 2.790965e+01  9.928400000000000318e+02  9.946438191015712391e+02  9.963783901364313351e+02  9.970091136777115253e+02
466 9321 3.771901e-01 2.792305e+01  9.928400000000000318e+02  9.948743482028971812e+02  9.961904066435743061e+02  9.967924836265923432e+02
467 9341 3.774784e-01 2.793140e+01  9.928400000000000318e+02  9.957154215302987268e+02  9.965142075774498380e+02  9.970339452648257748e+02
468 9361 3.782136e-01 2.794772e+01  9.928400000000000318e+02  9.952400000000000091e+02  9.963410620772399398e+02  9.967279926394355698e+02
469 9381 3.795424e-01 2.795347e+01  9.928400000000000318e+02  9.943807336872833957e+02  9.964315828562453135e+02  9.969273605257329791e+02
470 9401 3.791696e-01 2.798494e+01  9.928400000000000318e+02  9.950580246011641066e+02  9.964589610908027453e+02  9.968581102709208608e+02
471 9421 3.804581e-01 2.798966e+01  9.928400000000000318e+02  9.947100000000000364e+02  9.964172197351149407e+02  9.971755341300978444e+02
472 9441 3.819913e-01 2.800455e+01  9.928400000000000318e+02  9.952985143348232668e+02  9.961944202998455467e+02  9.968030884280002510e+02
473 9461 3.825883e-01 2.801305e+01  9.928400000000000318e+02  9.952899999999999636e+02  9.962649089865925589e+02  9.967916545169430265e+02
474 9481 3.816739e-01 2.801958e+01  9.928400000000000318e+02  9.955824732320351131e+02  9.963114409839909058e+02  9.969034217814545400e+02
475 9501 3.809345e-01 2.804137e+01  9.928400000000000318e+02  9.935299999999999727e+02  9.964392440884366806e+02  9.968183100454980377e+02
476 9521 3.820711e-01 2.804800e+01  9.928400000000000318e+02  9.939950542812771346e+02  9.962338782272468052e+02  9.968841215358603449e+02
477 9541 3.827927e-01 2.805845e+01  9.928400000000000318e+02  9.953938861302326586e+02  9.964145982591273878e+02  9.967899999999999636e+02
478 9561 3.816650e-01 2.807916e+01  9.928400000000000318e+02  9.949500000000000455e+02  9.963617720845520580e+02  9.970072648753841804e+02
479 9581 3.823805e-01 2.810118e+01  9.928400000000000318e+02  9.950312282597841431e+02  9.962185938641707708e+02  9.968644954206650937e+02
480 9601 3.839559e-01 2.809559e+01  9.928400000000000318e+02  9.955436613491219759e+02  9.964156483691799622e+02  9.968099999999999454e+02
481 9621 3.854842e-01 2.811999e+01  9.928400000000000318e+02  9.955499999999999545e+02  9.963404554464649436e+02  9.969103207186443569e+02
482 9641 3.863762e-01 2.812774e+01  9.928400000000000318e+02  9.955219515377455082e+02  9.963595667180286455e+02  9.967707310694531770e+02
483 9661 3.880776e-01 2.813712e+01  9.928400000000000318e+02  9.945288353674201289e+02  9.964456320372073606e+02  9.969859883182251679e+02
484 9681 3.900809e-01 2.814129e+01  9.928400000000000318e+02  9.951607907497519818e+02  9.962574543117827943e+02  9.969104304917052559e+02
485 9701 3.913212e-01 2.815270e+01  9.928400000000000318e+02  9.950000000000000000e+02  9.963824202175987921e+02  9.969132215738269451e+02
486 9721 3.920361e-01 2.815537e+01  9.928400000000000318e+02  9.940306564735017218e+02  9.963162938025457152e+02  9.968984929253463179e+02
487 9741 3.923862e-01 2.816510e+01  9.928400000000000318e+02  9.955549607508052077e+02  9.961729485996129370e+02  9.969068305762932596e+02
488 9761 3.910953e-01 2.817629e+01  9.928400000000000318e+02  9.953200000000000500e+02  9.961578498009945406e+02  9.968361565695345234e+02
489 9781 3.888861e-01 2.818740e+01  9.928400000000000318e+02  9.949700000000000273e+02  9.961990299924577812e+02  9.969604629642344662e+02
490 9801 3.869536e-01 2.821061e+01  9.928400000000000318e+02  9.953313000508861705e+02  9.964235449270354366e+02  9.968944379104209474e+02
491 9821 3.852523e-01 2.821733e+01  9.928400000000000318e+02  9.953267771328637536e+02  9.964960009249011819e+02  9.968734900493727764e+02
492 9841 3.841203e-01 2.822062e+01  9.928400000000000318e+02  9.950052732807994289e+02  9.964558743240980903e+02  9.970744625688897713e+02
493 9861 3.835856e-01 2.822356e+01  9.928400000000000318e+02  9.955317847481859417e+02  9.963199999999999363e+02  9.971602922692916309e+02
494 9881 3.842561e-01 2.823679e+01  9.928400000000000318e+02  9.951965842221629828e+02  9.963021207748845427e+02  9.968431904553318645e+02
495 9901 3.855579e-01 2.823802e+01  9.928400000000000318e+02  9.949863288010949418e+02  9.963221567757557295e+02  9.968300000000000409e+02
496 9921 3.864762e-01 2.828413e+01  9.928400000000000318e+02  9.949500000000000455e+02  9.964119974366769839e+02  9.969288847844851489e+02
497 9941 3.887703e-01 2.830354e+01  9.928400000000000318e+02  9.957086527645629985e+02  9.963362162229340129e+02  9.968817646839457893e+02
498 9961 3.908977e-01 2.833916e+01  9.928400000000000318e+02  9.955854740685108482e+02  9.963406815034247757e+02  9.970467533009331191e+02
499 9981 3.924909e-01 2.835877e+01  9.928400000000000318e+02  9.946962595631562181e+02  9.962470090683342505e+02  9.976054022904929752e+02
500 10001 3.929063e-01 2.836987e+01  9.928400000000000318e+02  9.954954452513272827e+02  9.962980695556536830e+02  9.969152793051553090e+02
501 10021 3.934434e-01 2.839273e+01  9.928400000000000318e+02  9.952165226892958572e+02  9.962764312436486307e+02  9.966900000000000546e+02
502 10041 3.925020e-01 2.840416e+01  9.928400000000000318e+02  9.946162192066987018e+02  9.960289353580546958e+02  9.969900000000000091e+02
503 10061 3.928447e-01 2.842333e+01  9.928400000000000318e+02  9.951352980013629121e+02  9.961467140959217659e+02  9.966566213223890145e+02
504 10081 3.927431e-01 2.844910e+01  9.928400000000000318e+02  9.949841764624831058e+02  9.962356123432903132e+02  9.970029007460153707e+02
505 10101 3.942744e-01 2.847828e+01  9.928400000000000318e+02  9.946726507575048117e+02  9.963340629388743537e+02  9.971146042301151056e+02
506 10121 3.936096e-01 2.850622e+01  9.928400000000000318e+02  9.952109591874025227e+02  9.964387834885196753e+02  9.969726411754633091e+02
507 10141 3.921688e-01 2.853380e+01  9.928400000000000318e+02  9.948713491014073043e+02  9.960847578409498055e+02  9.967884472898871309e+02
508 10161 3.908803e-01 2.855404e+01  9.928400000000000318e+02  9.950542291724390225e+02  9.962528634948178023e+02  9.967188407849564555e+02
509 10181 3.892826e-01 2.857776e+01  9.928400000000000318e+02  9.956304475333488426e+02  9.963231042945776608e+02  9.978910103397345210e+02
510 10201 3.884886e-01 2.860184e+01  9.928400000000000318e+02  9.955147815912916940e+02  9.964864144842424594e+02  9.969669245441035628e+02
511 10221 3.862402e-01 2.862390e+01  9.928400000000000318e+02  9.952544229387835912e+02  9.963356901385716355e+02  9.969650529403683095e+02
512 10241 3.832447e-01 2.865432e+01  9.928400000000000318e+02  9.957855582893292876e+02  9.964094506778703817e+02  9.969531095113626407e+02
513 10261 3.796193e-01 2.868302e+01  9.928400000000000318e+02  9.945689359876032540e+02  9.961584422516923496e+02  9.965687245273393273e+02
514 10281 3.767014e-01 2.869823e+01  9.928400000000000318e+02  9.955800000000000409e+02  9.963121564578559628e+02  9.970000000000000000e+02
515 10301 3.762654e-01 2.872301e+01  9.928400000000000318e+02  9.955379086326638571e+02  9.964227287887420061e+02  9.979222818054770414e+02
516 10321 3.748664e-01 2.876143e+01  9.928400000000000318e+02  9.956229732179325538e+02  9.964282055428745934e+02  9.968907639915745449e+02
517 10341 3.732755e-01 2.879701e+01  9.928400000000000318e+02  9.952818455758865639e+02  9.963876530704899324e+02  9.978139057734956623e+02
518 10361 3.717872e-01 2.881482e+01  9.928400000000000318e+02  9.955565669995908138e+02  9.964103693770546215e+02  9.986633807270902707e+02
519 10381 3.705926e-01 2.883545e+01  9.928400000000000318e+02  9.933329687480382972e+02  9.963034952549883201e+02  9.970446903162461467e+02
520 10401 3.679507e-01 2.884728e+01  9.928400000000000318e+02  9.948756034168759470e+02  9.963967823848852277e+02  9.969485633724358422e+02
521 10421 3.653511e-01 2.887099e+01  9.928400000000000318e+02  9.951420848104855850e+02  9.963075176540785378e+02  9.969016587982164310e+02
522 10441 3.635853e-01 2.888415e+01  9.928400000000000318e+02  9.955010672633283093e+02  9.962807091156867045e+02  9.977876434440099729e+02
523 10461 3.626180e-01 2.889800e+01  9.928400000000000318e+02  9.954661681557030306e+02  9.963171124485584187e+02  9.967699999999999818e+02
524 10481 3.624757e-01 2.892060e+01  9.928400000000000318e+02  9.954810385660457541e+02  9.962587978229385044e+02  9.967140594163419109e+02
525 10501 3.613865e-01 2.893950e+01  9.928400000000000318e+02  9.955114770206984076e+02  9.962274935075702160e+02  9.969500000000000455e+02
526 10521 3.615424e-01 2.895489e+01  9.928400000000000318e+02  9.955023093976727750e+02  9.963421141626308781e+02  9.970208135826352418e+02
527 10541 3.598888e-01 2.896816e+01  9.928400000000000318e+02  9.954934045533077551e+02  9.963835827966898933e+02  9.976399999999999864e+02
528 10561 3.591550e-01 2.898158e+01  9.928400000000000318e+02  9.954806069677733831e+02  9.963013780422078298e+02  9.969695846974638016e+02
529 10581 3.587614e-01 2.900840e+01  9.928400000000000318e+02  9.946014274298788678e+02  9.963146085631371989e+02  9.969346981277748228e+02
530 10601 3.581880e-01 2.903004e+01  9.928400000000000318e+02  9.956285721062778293e+02  9.962665706726179451e+02  9.969527463798740428e+02
531 10621 3.577412e-01 2.903801e+01  9.928400000000000318e+02  9.951834902258375450e+02  9.963087766799469591e+02  9.969602198876095827e+02
532 10641 3.557373e-01 2.905585e+01  9.928400000000000318e+02  9.958865918135427364e+02  9.964703587748510927e+02  9.969408212189885035e+02
533 10661 3.546373e-01 2.906465e+01  9.928400000000000318e+02  9.952047060850813978e+02  9.963195923749835856e+02  9.969427223328150376e+02
534 10681 3.552406e-01 2.908502e+01  9.928400000000000318e+02  9.948828370811849027e+02  9.962072873406129929e+02  9.968600000000000136e+02
535 10701 3.550553e-01 2.908740e+01  9.928400000000000318e+02  9.954173356879689436e+02  9.962893600491298685e+02  9.970000000000000000e+02
536 10721 3.546001e-01 2.910259e+01  9.928400000000000318e+02  9.951834986686795901e+02  9.963426126298072631e+02  9.969448735251614835e+02
537 10741 3.540386e-01 2.911300e+01  9.928400000000000318e+02  9.951921795280526339e+02  9.963350000000000364e+02  9.968469823076835610e+02
538 10761 3.519134e-01 2.913901e+01  9.928400000000000318e+02  9.952550756959981300e+02  9.962962714416269137e+02  9.968285368686626953e+02
539 10781 3.495537e-01 2.915627e+01  9.928400000000000318e+02  9.947500000000000000e+02  9.963535283707983581e+02  9.969517727315064803e+02
540 10801 3.482922e-01 2.917188e+01  9.928400000000000318e+02  9.955000000000000000e+02  9.961987478154119344e+02  9.968861906538329549e+02
541 10821 3.479366e-01 2.919135e+01  9.928400000000000318e+02  9.951256300138917368e+02  9.961302778345427669e+02  9.969216481215463546e+02
542 10841 3.504053e-01 2.920286e+01  9.928400000000000318e+02  9.952799999999999727e+02  9.960903029423197950e+02  9.966960413309317346e+02
543 10861 3.518333e-01 2.920772e+01  9.928400000000000318e+02  9.952549689574151444e+02  9.964528636748491408e+02  9.967742437566454328e+02
544 10881 3.536867e-01 2.920647e+01  9.928400000000000318e+02  9.949754993287168645e+02  9.962887678726899594e+02  9.970107238431680798e+02
545 10901 3.545091e-01 2.922258e+01  9.928400000000000318e+02  9.956935299813463871e+02  9.963590222900122626e+02  9.967027764793173219e+02
546 10921 3.551900e-01 2.923246e+01  9.928400000000000318e+02  9.957958742602885422e+02  9.963097573546965577e+02  9.966640537512466835e+02
547 10941 3.544495e-01 2.926101e+01  9.928400000000000318e+02  9.953423600171415728e+02  9.961760119385461394e+02  9.966757725498273430e+02
548 10961 3.519706e-01 2.926554e+01  9.928400000000000318e+02  9.953976013292543712e+02  9.962190388819246891e+02  9.970326580911241763e+02
549 10981 3.500129e-01 2.927503e+01  9.928400000000000318e+02  9.949800000000000182e+02  9.962514325439109371e+02  9.969561605320717490e+02
550 11001 3.475745e-01 2.928244e+01  9.928400000000000318e+02  9.955718401842975709e+02  9.963499745929530036e+02  9.969427005951218916e+02
551 11021 3.465455e-01 2.930318e+01  9.928400000000000318e+02  9.932962788251390975e+02  9.963630812993557129e+02  9.969008514273494939e+02
552 11041 3.459423e-01 2.933312e+01  9.928400000000000318e+02  9.958600000000000136e+02  9.961775496146788100e+02  9.969700000000000273e+02
553 11061 3.450656e-01 2.933846e+01  9.928400000000000318e+02  9.950961382262669304e+02  9.963214206985468309e+02  9.968240627293880607e+02
554 11081 3.436718e-01 2.934592e+01  9.928400000000000318e+02  9.950700000000000500e+02  9.963151339501009716e+02  9.967017584860612942e+02
555 11101 3.430434e-01 2.934888e+01  9.928400000000000318e+02  9.948500000000000227e+02  9.963543890510032952e+02  9.971043943900533577e+02
556 11121 3.424080e-01 2.935737e+01  9.928400000000000318e+02  9.953153353217004451e+02  9.962429655840476244e+02  9.967231714744685860e+02
557 11141 3.432877e-01 2.940014e+01  9.928400000000000318e+02  9.956863270595208633e+02  9.963869212912874218e+02  9.968645299090048866e+02
558 11161 3.453014e-01 2.941174e+01  9.928400000000000318e+02  9.953300000000000409e+02  9.961932582700547982e+02  9.969148019326413532e+02
559 11181 3.464540e-01 2.942819e+01  9.928400000000000318e+02  9.946811955447670925e+02  9.960425161982889222e+02  9.968490662527882478e+02
560 11201 3.488613e-01 2.944413e+01  9.928400000000000318e+02  9.956020038972633301e+02  9.963738376484591299e+02  9.969732073132672667e+02
561 11221 3.521735e-01 2.949885e+01  9.928400000000000318e+02  9.951955557726977304e+02  9.961256217307804945e+02  9.967432878732540757e+02
562 11241 3.546627e-01 2.952074e+01  9.928400000000000318e+02  9.954638886735228880e+02  9.963746652367382239e+02  9.969254133783892939e+02
563 11261 3.579452e-01 2.953684e+01  9.928400000000000318e+02  9.950465753471881953e+02  9.963505497890987499e+02  9.966152282931396940e+02
564 11281 3.616539e-01 2.953607e+01  9.928400000000000318e+02  9.955770705506039349e+02  9.963362479651707417e+02  9.967908284153367049e+02
565 11301 3.642617e-01 2.954877e+01  9.928400000000000318e+02  9.952306058433982798e+02  9.961652545514904205e+02  9.967244043606310697e+02
566 11321 3.656158e-01 2.956457e+01  9.928400000000000318e+02  9.954400000000000546e+02  9.962213723221095734e+02  9.967899999999999636e+02
567 11341 3.673169e-01 2.956954e+01  9.928400000000000318e+02  9.951047252093284214e+02  9.963111461484040774e+02  9.967739771146352723e+02
568 11361 3.689608e-01 2.958805e+01  9.928400000000000318e+02  9.951485007676456007e+02  9.961745263422139942e+02  9.969582681700646845e+02
569 11381 3.703652e-01 2.959294e+01  9.928400000000000318e+02  9.954550243571814008e+02  9.963480075448919706e+02  9.967880743344466055e+02
570 11401 3.708675e-01 2.960139e+01  9.928400000000000318e+02  9.952952910803599025e+02  9.964293030623390450e+02  9.969128051367694070e+02
571 11421 3.712164e-01 2.960197e+01  9.928400000000000318e+02  9.952709545666494932e+02  9.962762351258356830e+02  9.968909685050261942e+02
572 11441 3.721482e-01 2.962452e+01  9.928400000000000318e+02  9.949320994180393427e+02  9.961531338549501697e+02  9.967870363504306397e+02
573 11461 3.738220e-01 2.963631e+01  9.928400000000000318e+02  9.955800000000000409e+02  9.961730124543489637e+02  9.965823922751865211e+02
574 11481 3.747385e-01 2.964019e+01  9.928400000000000318e+02  9.950127153428171596e+02  9.961304159457981768e+02  9.966621808655036148e+02
575 11501 3.753437e-01 2.965458e+01  9.928400000000000318e+02  9.953879664642884109e+02  9.961989971722490509e+02  9.969960989718199471e+02
576 11521 3.749330e-01 2.966950e+01  9.928400000000000318e+02  9.953503258665847397e+02  9.962844966573586589e+02  9.970684376903560633e+02
577 11541 3.745530e-01 2.967972e+01  9.928400000000000318e+02  9.954225872211635533e+02  9.965818803158803121e+02  9.968976655460254506e+02
578 11561 3.736854e-01 2.968570e+01  9.928400000000000318e+02  9.949351071060667664e+02  9.961608508053618607e+02  9.969861193907980805e+02
579 11581 3.729733e-01 2.972929e+01  9.928400000000000318e+02  9.954500000000000455e+02  9.963690438661142252e+02  9.968144757836753342e+02
580 11601 3.721674e-01 2.974137e+01  9.928400000000000318e+02  9.939316895232177558e+02  9.964066282336732456e+02  9.970006227348676475e+02
581 11621 3.721887e-01 2.975124e+01  9.928400000000000318e+02  9.951406618030617892e+02  9.962464313186328582e+02  9.965886130279313875e+02
582 11641 3.693917e-01 2.975139e+01  9.928400000000000318e+02  9.959461438543859231e+02  9.964972760872678919e+02  9.969618719544541818e+02
583 11661 3.672553e-01 2.974990e+01  9.928400000000000318e+02  9.954931511533798130e+02  9.962829286924281860e+02  9.968667359699563804e+02
584 11681 3.647467e-01 2.976145e+01  9.928400000000000318e+02  9.951381301756615585e+02  9.961269136870057537e+02  9.967535564014345937e+02
585 11701 3.630750e-01 2.976966e+01  9.928400000000000318e+02  9.954944450382121204e+02  9.963430656261600689e+02  9.968182337678729255e+02
586 11721 3.613633e-01 2.977667e+01  9.928400000000000318e+02  9.947682085104511316e+02  9.962933005158694186e+02  9.969600000000000364e+02
587 11741 3.590133e-01 2.978986e+01  9.928400000000000318e+02  9.956699999999999591e+02  9.963844100808414623e+02  9.969070604231931156e+02
588 11761 3.573369e-01 2.979775e+01  9.928400000000000318e+02  9.943831027427224853e+02  9.960382301213153369e+02  9.969216631233715589e+02
589 11781 3.548627e-01 2.981204e+01  9.928400000000000318e+02  9.945099999999999909e+02  9.961599184846319304e+02  9.969365015516675612e+02
590 11801 3.525685e-01 2.981175e+01  9.928400000000000318e+02  9.953539173511881017e+02  9.962571830720762591e+02  9.970306477172193809e+02
591 11821 3.516474e-01 2.982243e+01  9.928400000000000318e+02  9.949900000000000091e+02  9.963575793278972696e+02  9.970143855694574313e+02
592 11841 3.507557e-01 2.983192e+01  9.928400000000000318e+02  9.953999999999999773e+02  9.963711020729249412e+02  9.969519052389233593e+02
593 11861 3.488108e-01 2.983877e+01  9.928400000000000318e+02  9.955139323243558920e+02  9.962683635215480535e+02  9.966480191074660979e+02
594 11881 3.479814e-01 2.984196e+01  9.928400000000000318e+02  9.952106613459671962e+02  9.964750000000000227e+02  9.967221963261036990e+02
595 11901 3.470176e-01 2.985738e+01  9.928400000000000318e+02  9.956747103885164734e+02  9.961564970072647611e+02  9.968571820909445478e+02
596 11921 3.473698e-01 2.986537e+01  9.928400000000000318e+02  9.938101569121464536e+02  9.963689807494588422e+02  9.968977376038069451e+02
597 11941 3.479478e-01 2.987686e+01  9.928400000000000318e+02  9.953172223155154370e+02  9.962252622146845624e+02  9.969173880415327176e+02
598 11961 3.463097e-01 2.988714e+01  9.928400000000000318e+02  9.949328089275503544e+02  9.962190256155070074e+02  9.964768548120268861e+02
599 11981 3.462250e-01 2.990431e+01  9.928400000000000318e+02  9.937983638579535182e+02  9.962373867332114514e+02  9.967784104256270439e+02
600 12001 3.472808e-01 2.992575e+01  9.928400000000000318e+02  9.946684828491164581e+02  9.963338207198613645e+02  9.967942531253305560e+02
