%  columns="iteration, evaluation, sigma, axis ratio, bestever, best, median, worst fitness function value, further objective values of best" (startseed=216090, 2017/07/28 21:51:36.91)
1 21 1.069364e+00 1.120521e+02  2.008960955490355360e+00  2.125026015896909648e+00  2.600178024116244657e+00  4.043287624031165706e+00
2 41 1.032118e+00 1.120300e+02  2.008960955490355360e+00  2.276573669482627515e+00  2.489947283074410933e+00  3.052107268033930509e+00
3 61 1.003675e+00 1.120457e+02  2.008960955490355360e+00  2.262964425430584292e+00  2.487451415542885513e+00  2.900389494847442684e+00
4 81 9.795507e-01 1.120314e+02  2.008960955490355360e+00  2.183732546184334655e+00  2.526685109396635376e+00  4.674532071761269947e+00
5 101 9.608068e-01 1.120117e+02  2.008960955490355360e+00  2.167330633089890046e+00  2.501666409968962057e+00  3.160230795590857511e+00
6 121 9.421461e-01 1.120347e+02  2.008960955490355360e+00  2.296774054489757244e+00  2.488451084292968574e+00  3.050373245942776812e+00
7 141 9.251178e-01 1.120954e+02  2.008960955490355360e+00  2.206110200794519027e+00  2.507689939907671750e+00  2.830808159126418477e+00
8 161 9.107229e-01 1.120717e+02  2.008960955490355360e+00  2.243129359469302919e+00  2.516632770080231118e+00  4.156473742545936823e+00
9 181 8.951138e-01 1.121175e+02  2.008960955490355360e+00  2.194620923653912925e+00  2.415583762333282980e+00  2.784008435472050902e+00
10 201 8.846554e-01 1.121170e+02  2.008960955490355360e+00  2.212834662545467346e+00  2.486066395448868427e+00  3.011315864176381307e+00
11 221 8.718297e-01 1.120962e+02  2.008960955490355360e+00  2.264264581766587625e+00  2.490907315297689717e+00  3.015909714415895060e+00
12 241 8.604204e-01 1.120640e+02  2.008960955490355360e+00  2.212832041458298260e+00  2.440603329755464124e+00  3.395608121536113355e+00
13 261 8.497073e-01 1.120804e+02  2.008960955490355360e+00  2.192937895327112585e+00  2.495870689943296750e+00  3.022538825824575781e+00
14 281 8.408509e-01 1.120667e+02  2.008960955490355360e+00  2.172326703827330618e+00  2.431896462968111461e+00  3.040491561572803647e+00
15 301 8.341020e-01 1.120724e+02  2.008960955490355360e+00  2.137938364624317522e+00  2.276480890808719515e+00  2.770811046543944833e+00
16 321 8.293278e-01 1.120905e+02  2.008960955490355360e+00  2.171371348368649201e+00  2.304871819176628200e+00  2.810539679574397098e+00
17 341 8.222645e-01 1.122184e+02  2.008960955490355360e+00  2.152701926937608423e+00  2.429786177338245867e+00  2.658038137919983779e+00
18 361 8.160727e-01 1.122190e+02  2.008960955490355360e+00  2.187620160299715177e+00  2.390181329772159469e+00  2.631484947284114639e+00
19 381 8.067415e-01 1.122965e+02  2.008960955490355360e+00  2.205403416954478946e+00  2.339220714386041955e+00  2.791310033143670211e+00
20 401 7.946021e-01 1.122555e+02  2.008960955490355360e+00  2.231522074407905176e+00  2.372781742983797848e+00  2.930164638866308291e+00
21 421 7.805813e-01 1.120559e+02  2.008960955490355360e+00  2.107918201040089201e+00  2.440084915965117673e+00  4.280657971567912057e+00
22 441 7.684033e-01 1.120150e+02  2.008960955490355360e+00  2.187394189300565728e+00  2.388754501585947931e+00  2.801204690165307820e+00
23 461 7.574492e-01 1.120945e+02  2.008960955490355360e+00  2.188166635193728116e+00  2.364354094200662892e+00  4.093349593249080876e+00
24 481 7.493094e-01 1.121193e+02  2.008960955490355360e+00  2.230915565383335242e+00  2.370281728947104760e+00  2.972341879461756431e+00
25 501 7.454631e-01 1.121338e+02  2.008960955490355360e+00  2.170934634329646062e+00  2.391572247205425494e+00  2.940227583659109634e+00
26 521 7.429161e-01 1.121487e+02  2.008960955490355360e+00  2.126731789000066986e+00  2.361044521752162062e+00  2.754612929440654501e+00
27 541 7.425297e-01 1.121106e+02  2.008960955490355360e+00  2.187575792998230906e+00  2.368855833223404872e+00  4.461709401178325152e+00
28 561 7.422584e-01 1.121447e+02  2.008960955490355360e+00  2.161495976174818257e+00  2.310483363550623892e+00  3.373944699331582253e+00
29 581 7.441788e-01 1.121712e+02  2.008960955490355360e+00  2.144846178024912398e+00  2.315097298487510891e+00  2.625547720095391835e+00
30 601 7.428093e-01 1.121674e+02  2.008960955490355360e+00  2.138611697778530107e+00  2.428811303674501154e+00  3.986258118362311809e+00
31 621 7.387652e-01 1.121002e+02  2.008960955490355360e+00  2.126967315850210927e+00  2.370571008910249411e+00  2.550146595993462828e+00
32 641 7.335945e-01 1.120587e+02  2.008960955490355360e+00  2.152413036295261595e+00  2.319373693554645843e+00  2.632051073178281797e+00
33 661 7.274766e-01 1.120805e+02  2.008960955490355360e+00  2.179427358878449628e+00  2.288467695118021616e+00  2.818158476265129941e+00
34 681 7.178217e-01 1.120423e+02  2.008960955490355360e+00  2.171285817905331150e+00  2.373957962389772192e+00  2.968915699651309303e+00
35 701 7.069644e-01 1.120536e+02  2.008960955490355360e+00  2.112184197976655131e+00  2.333362143638120223e+00  2.613649896059633715e+00
36 721 6.983398e-01 1.118870e+02  2.008960955490355360e+00  2.139800678450675786e+00  2.279192290608601290e+00  2.591345767532476696e+00
37 741 6.907769e-01 1.118592e+02  2.008960955490355360e+00  2.213604593147795008e+00  2.304935608106541522e+00  2.781772365461902208e+00
38 761 6.811751e-01 1.118798e+02  2.008960955490355360e+00  2.140756366891594986e+00  2.265329637017511111e+00  2.770202666871630637e+00
39 781 6.713082e-01 1.119250e+02  2.008960955490355360e+00  2.175487469806129059e+00  2.306073986796373987e+00  2.640102848341888464e+00
40 801 6.624259e-01 1.119399e+02  2.008960955490355360e+00  2.124548097162000992e+00  2.222701563061453278e+00  3.983874129403257136e+00
41 821 6.560358e-01 1.119402e+02  2.008960955490355360e+00  2.171195460982763503e+00  2.291549961102414379e+00  2.583844142379218667e+00
42 841 6.512008e-01 1.119920e+02  2.008960955490355360e+00  2.215298955464955810e+00  2.348467585865995133e+00  2.755613113579624240e+00
43 861 6.475959e-01 1.120564e+02  2.008960955490355360e+00  2.189431847068839865e+00  2.301518543535518546e+00  2.572911464203158083e+00
44 881 6.449373e-01 1.121413e+02  2.008960955490355360e+00  2.193670011454676771e+00  2.353859653578808775e+00  4.044710219129579620e+00
45 901 6.438206e-01 1.120694e+02  2.008960955490355360e+00  2.161326124494372891e+00  2.342875818469924099e+00  2.677175202306975255e+00
46 921 6.407986e-01 1.120685e+02  2.008960955490355360e+00  2.238728642976792749e+00  2.373179139156984974e+00  2.648364510182106724e+00
47 941 6.389095e-01 1.120961e+02  2.008960955490355360e+00  2.148817205543620101e+00  2.410668849226742960e+00  2.743626192339887471e+00
48 961 6.340940e-01 1.120820e+02  2.008960955490355360e+00  2.180366278731951546e+00  2.286096116884141161e+00  2.498161354410414869e+00
49 981 6.326964e-01 1.121304e+02  2.008960955490355360e+00  2.156414387748316397e+00  2.263940154372356517e+00  2.450301891286322142e+00
50 1001 6.324974e-01 1.121670e+02  2.008960955490355360e+00  2.182691762427613202e+00  2.293225824640868993e+00  2.806180522809355704e+00
51 1021 6.354332e-01 1.122317e+02  2.008960955490355360e+00  2.186296393744270983e+00  2.308388873812335262e+00  2.718347690683636131e+00
52 1041 6.394946e-01 1.122502e+02  2.008960955490355360e+00  2.150717370812611051e+00  2.297481218663058655e+00  2.661626058038488285e+00
53 1061 6.429318e-01 1.122788e+02  2.008960955490355360e+00  2.236992926822154448e+00  2.305098029076098953e+00  2.564102233490615390e+00
54 1081 6.458474e-01 1.122666e+02  2.008960955490355360e+00  2.173960938969324186e+00  2.360017920921746892e+00  4.255699755181174382e+00
55 1101 6.475246e-01 1.122679e+02  2.008960955490355360e+00  2.161513456091674446e+00  2.313369696722758384e+00  2.823818316096135650e+00
56 1121 6.440139e-01 1.122746e+02  2.008960955490355360e+00  2.157887680052412271e+00  2.305376764736019712e+00  2.634158359780526482e+00
57 1141 6.405384e-01 1.121826e+02  2.008960955490355360e+00  2.182168603130391737e+00  2.356817897124508399e+00  2.754862689898194716e+00
58 1161 6.367083e-01 1.122666e+02  2.008960955490355360e+00  2.133484460259446713e+00  2.306064912024328617e+00  2.468870965502167447e+00
59 1181 6.353913e-01 1.122473e+02  2.008960955490355360e+00  2.117921412951191407e+00  2.324163243450634297e+00  4.191107575743894031e+00
60 1201 6.316447e-01 1.123028e+02  2.008960955490355360e+00  2.091157047312147910e+00  2.243050817869177038e+00  2.506501967321273838e+00
61 1221 6.322838e-01 1.123439e+02  2.008960955490355360e+00  2.084089191178422507e+00  2.283844613342526753e+00  4.044420936086718932e+00
62 1241 6.342000e-01 1.123893e+02  2.008960955490355360e+00  2.083284116039649358e+00  2.328204205852888897e+00  2.510691406850555918e+00
63 1261 6.365652e-01 1.123938e+02  2.008960955490355360e+00  2.137078466569709789e+00  2.295471415024264328e+00  3.013898746948558305e+00
64 1281 6.354368e-01 1.124741e+02  2.008960955490355360e+00  2.112486795579207932e+00  2.277115414780664704e+00  2.761129918438537167e+00
65 1301 6.375907e-01 1.125189e+02  2.008960955490355360e+00  2.095343321145386017e+00  2.290999838481415196e+00  2.704347792786758298e+00
66 1321 6.379586e-01 1.124805e+02  2.008960955490355360e+00  2.169749133862686641e+00  2.223824218603238201e+00  2.393563108427354980e+00
67 1341 6.402815e-01 1.124385e+02  2.008960955490355360e+00  2.102607472659255627e+00  2.320593098951393429e+00  2.780334973247914121e+00
68 1361 6.447625e-01 1.124200e+02  2.008960955490355360e+00  2.073961186022544645e+00  2.233244257558094858e+00  2.683316733850522162e+00
69 1381 6.510820e-01 1.123768e+02  2.008960955490355360e+00  2.108811621081593479e+00  2.237009005084793500e+00  2.633318064195995678e+00
70 1401 6.552041e-01 1.124200e+02  2.008960955490355360e+00  2.098871220719505271e+00  2.290311900639693476e+00  2.574751877180095239e+00
71 1421 6.593225e-01 1.124351e+02  2.008960955490355360e+00  2.117447350505356152e+00  2.241581880828023898e+00  2.548034847636720723e+00
72 1441 6.599900e-01 1.124535e+02  2.008960955490355360e+00  2.148748162115313942e+00  2.356476253946592880e+00  6.047972874706157853e+00
73 1461 6.606640e-01 1.124772e+02  2.008960955490355360e+00  2.135683745268916578e+00  2.252078202287353115e+00  2.531699726838252396e+00
74 1481 6.621297e-01 1.125042e+02  2.008960955490355360e+00  2.112631723216903623e+00  2.272607606983970019e+00  2.568664855053583995e+00
75 1501 6.670316e-01 1.125686e+02  2.008960955490355360e+00  2.099702785404863992e+00  2.248752658540142058e+00  2.781891134743736060e+00
76 1521 6.729273e-01 1.125467e+02  2.008960955490355360e+00  2.114690268633752090e+00  2.321668383297637028e+00  2.729714779654723866e+00
77 1541 6.775089e-01 1.125274e+02  2.008960955490355360e+00  2.158510856894269470e+00  2.310346298311813928e+00  2.605379537114865141e+00
78 1561 6.808830e-01 1.125637e+02  2.008960955490355360e+00  2.098584126262283078e+00  2.272353109760059553e+00  4.124151130541156007e+00
79 1581 6.849725e-01 1.125393e+02  2.008960955490355360e+00  2.128933415466126355e+00  2.305708768894192850e+00  2.907962518582482225e+00
80 1601 6.864402e-01 1.125428e+02  2.008960955490355360e+00  2.139810639697006245e+00  2.279304235346915064e+00  3.939604844320411470e+00
81 1621 6.845459e-01 1.125265e+02  2.008960955490355360e+00  2.170493185594838170e+00  2.303348319729221050e+00  2.615868416978980981e+00
82 1641 6.779455e-01 1.126088e+02  2.008960955490355360e+00  2.119164399649716035e+00  2.238190073238571998e+00  5.883919826267538511e+00
83 1661 6.696468e-01 1.126120e+02  2.008960955490355360e+00  2.121866513400143095e+00  2.235326120568291941e+00  2.465384115253981268e+00
84 1681 6.589690e-01 1.126080e+02  2.008960955490355360e+00  2.101799130691658579e+00  2.268576595761537806e+00  3.902802562989047264e+00
85 1701 6.486031e-01 1.127049e+02  2.008960955490355360e+00  2.114538062987437073e+00  2.261579982540947498e+00  2.744090749599270573e+00
86 1721 6.362972e-01 1.126386e+02  2.008960955490355360e+00  2.152148817481744913e+00  2.241226447644885766e+00  2.469386245281730563e+00
87 1741 6.271216e-01 1.126723e+02  2.008960955490355360e+00  2.135829560423588180e+00  2.276753148585190623e+00  4.017491908989228477e+00
88 1761 6.191332e-01 1.126857e+02  2.008960955490355360e+00  2.093052901785867004e+00  2.260101622928029297e+00  2.497884151392938623e+00
89 1781 6.109669e-01 1.127344e+02  2.008960955490355360e+00  2.128439194219963415e+00  2.221252975990054779e+00  3.896232926981040734e+00
90 1801 6.016313e-01 1.126229e+02  2.008960955490355360e+00  2.130346387180414247e+00  2.227036918070951721e+00  2.550989589786599065e+00
91 1821 5.954433e-01 1.125419e+02  2.008960955490355360e+00  2.140813696858274717e+00  2.243383597769828430e+00  2.357917089411793565e+00
92 1841 5.911389e-01 1.125417e+02  2.008960955490355360e+00  2.149975724208278205e+00  2.231320019168517188e+00  2.650084648328629999e+00
93 1861 5.847555e-01 1.125240e+02  2.008960955490355360e+00  2.121633187535164389e+00  2.278267452166698792e+00  2.360396446571213058e+00
94 1881 5.822213e-01 1.126957e+02  2.008960955490355360e+00  2.124492402019422688e+00  2.243773069339916049e+00  2.715785254725530340e+00
95 1901 5.792749e-01 1.126921e+02  2.008960955490355360e+00  2.113070512579359406e+00  2.265552847176093287e+00  2.613287900263319141e+00
96 1921 5.773892e-01 1.126503e+02  2.008960955490355360e+00  2.091181050439651301e+00  2.252696284559891460e+00  3.950623641636909600e+00
97 1941 5.754815e-01 1.126574e+02  2.008960955490355360e+00  2.127503898039337038e+00  2.194118164809423011e+00  2.442487406962688290e+00
98 1961 5.733216e-01 1.126902e+02  2.008960955490355360e+00  2.115484640529317062e+00  2.200423739314559146e+00  2.559249295641030653e+00
99 1981 5.702141e-01 1.126689e+02  2.008960955490355360e+00  2.134398039529024516e+00  2.228975517039427867e+00  3.950884716594044832e+00
100 2001 5.663632e-01 1.127081e+02  2.008960955490355360e+00  2.111261138692293482e+00  2.246772674436505746e+00  2.535375393461790416e+00
101 2021 5.625023e-01 1.127187e+02  2.008960955490355360e+00  2.121581620828691506e+00  2.251110351756320238e+00  2.519782453533951028e+00
102 2041 5.586827e-01 1.127489e+02  2.008960955490355360e+00  2.095321634019720047e+00  2.226234614569996939e+00  2.602149876905109238e+00
103 2061 5.557309e-01 1.127720e+02  2.008960955490355360e+00  2.120017064383267424e+00  2.230263901712459695e+00  3.914790786014143098e+00
104 2081 5.521778e-01 1.127515e+02  2.008960955490355360e+00  2.107681878285789345e+00  2.269799950144072653e+00  2.518528774238426582e+00
105 2101 5.489952e-01 1.127800e+02  2.008960955490355360e+00  2.139100568989903639e+00  2.223508802907071757e+00  2.459905905528406489e+00
106 2121 5.476868e-01 1.128897e+02  2.008960955490355360e+00  2.132055529838645214e+00  2.214228790065770447e+00  2.751424959312254614e+00
107 2141 5.439722e-01 1.129333e+02  2.008960955490355360e+00  2.137486030063326492e+00  2.234843140269537010e+00  2.357618321613066836e+00
108 2161 5.389877e-01 1.129588e+02  2.008960955490355360e+00  2.137805810133402762e+00  2.210169363003799070e+00  4.056997870623543889e+00
109 2181 5.336169e-01 1.130620e+02  2.008960955490355360e+00  2.141094244877314701e+00  2.239948510194614606e+00  2.411971481762298364e+00
110 2201 5.300292e-01 1.131137e+02  2.008960955490355360e+00  2.116636588613798775e+00  2.250378317005597317e+00  2.584392801600987610e+00
111 2221 5.254669e-01 1.131954e+02  2.008960955490355360e+00  2.130633589544952411e+00  2.244284801985878097e+00  4.194937672603509249e+00
112 2241 5.224135e-01 1.131890e+02  2.008960955490355360e+00  2.132035296735869778e+00  2.202123142325470795e+00  2.415543156525379320e+00
113 2261 5.181899e-01 1.132676e+02  2.008960955490355360e+00  2.094017362318945086e+00  2.204305107512025241e+00  2.524961817211034631e+00
114 2281 5.155122e-01 1.132856e+02  2.008960955490355360e+00  2.125339139898873242e+00  2.195576305609248990e+00  3.905999755520064287e+00
115 2301 5.144103e-01 1.133454e+02  2.008960955490355360e+00  2.121737706657767841e+00  2.224990223466933870e+00  2.563894056229546248e+00
116 2321 5.114216e-01 1.134017e+02  2.008960955490355360e+00  2.106005697365814555e+00  2.199621636922695078e+00  5.827681671457919599e+00
117 2341 5.076387e-01 1.133826e+02  2.008960955490355360e+00  2.124218803933859423e+00  2.219931039165160769e+00  3.930053383066954176e+00
118 2361 5.060160e-01 1.133521e+02  2.008960955490355360e+00  2.105781187653773312e+00  2.199292076965805975e+00  2.325766252443003168e+00
119 2381 5.009862e-01 1.133070e+02  2.008960955490355360e+00  2.097046767614540119e+00  2.184326233092438230e+00  2.587914446763844634e+00
120 2401 4.980213e-01 1.133580e+02  2.008960955490355360e+00  2.081809268585585571e+00  2.176310924967410187e+00  2.548535834989791748e+00
121 2421 4.962949e-01 1.133527e+02  2.008960955490355360e+00  2.097853061036059508e+00  2.209269142086066395e+00  3.954262931562962269e+00
122 2441 4.950555e-01 1.133524e+02  2.008960955490355360e+00  2.120087518939276272e+00  2.173828275874963634e+00  2.396274234549199189e+00
123 2461 4.950794e-01 1.133818e+02  2.008960955490355360e+00  2.092847390227177584e+00  2.220146813132299890e+00  3.958869571795772035e+00
124 2481 4.956548e-01 1.134122e+02  2.008960955490355360e+00  2.084737863179614958e+00  2.162656347499421372e+00  2.739721917541492413e+00
125 2501 4.970743e-01 1.134252e+02  2.008960955490355360e+00  2.093949366474654017e+00  2.155230196478325588e+00  2.616615657306511356e+00
126 2521 4.982123e-01 1.134219e+02  2.008960955490355360e+00  2.077791579009384382e+00  2.187287969780579377e+00  2.886781528242713168e+00
127 2541 5.007981e-01 1.133899e+02  2.008960955490355360e+00  2.089337464160187174e+00  2.192377006322765887e+00  2.345146249784807235e+00
128 2561 5.058273e-01 1.134856e+02  2.008960955490355360e+00  2.074857495774428351e+00  2.184245540777830286e+00  2.607518055180997774e+00
129 2581 5.099242e-01 1.135046e+02  2.008960955490355360e+00  2.064649363782086855e+00  2.192676206704355479e+00  3.450485474702746469e+00
130 2601 5.120866e-01 1.134692e+02  2.008960955490355360e+00  2.074729274659468992e+00  2.178074598375954629e+00  2.358462957361716406e+00
131 2621 5.117670e-01 1.134864e+02  2.008960955490355360e+00  2.092302086209935741e+00  2.174368929921954408e+00  3.036308091756894534e+00
132 2641 5.111535e-01 1.134671e+02  2.008960955490355360e+00  2.075004268702941523e+00  2.156818059989023872e+00  2.516411307391986263e+00
133 2661 5.080188e-01 1.134898e+02  2.008960955490355360e+00  2.092893666619251913e+00  2.195578073011333675e+00  3.942122193567561439e+00
134 2681 5.044582e-01 1.134755e+02  2.008960955490355360e+00  2.076686962972413841e+00  2.183808320595434616e+00  2.593267749319650317e+00
135 2701 5.018707e-01 1.133662e+02  2.008960955490355360e+00  2.071762250939600314e+00  2.208905834924454581e+00  2.406765191495759293e+00
136 2721 5.005914e-01 1.133835e+02  2.008960955490355360e+00  2.078032852880292047e+00  2.158557708354919669e+00  2.698005448217284385e+00
137 2741 4.981855e-01 1.133897e+02  2.008960955490355360e+00  2.104457755378849271e+00  2.183558722682627184e+00  2.584310154801178427e+00
138 2761 4.945761e-01 1.134161e+02  2.008960955490355360e+00  2.073364063448623451e+00  2.158751848221604597e+00  2.652636372172919366e+00
139 2781 4.899596e-01 1.133967e+02  2.008960955490355360e+00  2.093624071882072890e+00  2.169540145414379673e+00  3.967355704453384480e+00
140 2801 4.851616e-01 1.133404e+02  2.008960955490355360e+00  2.076997049365172376e+00  2.177839031479419596e+00  2.411384550142735339e+00
141 2821 4.787975e-01 1.132420e+02  2.008960955490355360e+00  2.074067771820035766e+00  2.138602251601962490e+00  2.295200879653193748e+00
142 2841 4.710438e-01 1.131720e+02  2.008960955490355360e+00  2.082016906835371994e+00  2.169472854443919019e+00  2.283549239072621084e+00
143 2861 4.668096e-01 1.131190e+02  2.008960955490355360e+00  2.095791827211850755e+00  2.161327138540256598e+00  2.420068587718900321e+00
144 2881 4.638467e-01 1.130617e+02  2.008960955490355360e+00  2.074573111476238907e+00  2.164702518610046589e+00  2.261270237001404837e+00
145 2901 4.647206e-01 1.131101e+02  2.008960955490355360e+00  2.059863950537678789e+00  2.139644034064780875e+00  2.531606429813763270e+00
146 2921 4.666196e-01 1.130959e+02  2.008960955490355360e+00  2.084247987969381377e+00  2.171338791346349772e+00  2.615934710906865135e+00
147 2941 4.687255e-01 1.130484e+02  2.008960955490355360e+00  2.065005726520972917e+00  2.156494497917091024e+00  2.564917756001714899e+00
148 2961 4.701049e-01 1.129404e+02  2.008960955490355360e+00  2.086569307144781948e+00  2.137849881444289224e+00  2.517448134397608506e+00
149 2981 4.702475e-01 1.129576e+02  2.008960955490355360e+00  2.069556642237896149e+00  2.153816177516031161e+00  2.323473354435436899e+00
150 3001 4.708669e-01 1.129329e+02  2.008960955490355360e+00  2.072894145317349945e+00  2.144791197783684211e+00  2.320896785100742488e+00
151 3021 4.684923e-01 1.129490e+02  2.008960955490355360e+00  2.051366160294472163e+00  2.135951417042578626e+00  2.242340226832151728e+00
152 3041 4.638395e-01 1.129957e+02  2.008960955490355360e+00  2.062767684255353284e+00  2.167855889467008801e+00  2.543779577691297700e+00
153 3061 4.616511e-01 1.130070e+02  2.008960955490355360e+00  2.075376884121614918e+00  2.138631507903960838e+00  2.339433797907978896e+00
154 3081 4.594140e-01 1.131417e+02  2.008960955490355360e+00  2.072612203957078236e+00  2.157122381247499554e+00  2.536193651701566409e+00
155 3101 4.563994e-01 1.131893e+02  2.008960955490355360e+00  2.039899182726884863e+00  2.135129462113822818e+00  2.379352034677642447e+00
156 3121 4.538439e-01 1.132181e+02  2.008960955490355360e+00  2.067914832912269407e+00  2.116471921249686972e+00  2.263490110598177285e+00
157 3141 4.514868e-01 1.132975e+02  2.008960955490355360e+00  2.036274438390722974e+00  2.156431479251253780e+00  2.558523376697809937e+00
158 3161 4.503869e-01 1.133378e+02  2.008960955490355360e+00  2.079434700620769405e+00  2.142276164839150177e+00  2.334188238024211159e+00
159 3181 4.476871e-01 1.133779e+02  2.008960955490355360e+00  2.083784870576550041e+00  2.156795530788460979e+00  3.187900274104034537e+00
160 3201 4.447455e-01 1.133581e+02  2.008960955490355360e+00  2.070758841460027089e+00  2.121113723523532002e+00  2.482556602507526744e+00
161 3221 4.426100e-01 1.133668e+02  2.008960955490355360e+00  2.055033599558627966e+00  2.116677036956058799e+00  2.603984518488677846e+00
162 3241 4.414681e-01 1.133914e+02  2.008960955490355360e+00  2.067492514305156348e+00  2.115890868142261461e+00  2.232214265811353737e+00
163 3261 4.408268e-01 1.134793e+02  2.008960955490355360e+00  2.085573923205735980e+00  2.138369643688042387e+00  2.511508656820688135e+00
164 3281 4.391028e-01 1.133826e+02  2.008960955490355360e+00  2.061546407008902015e+00  2.112073688104396219e+00  2.485389201388138680e+00
165 3301 4.377562e-01 1.133881e+02  2.008960955490355360e+00  2.071507906570634994e+00  2.152798424339731120e+00  2.361218558751529084e+00
166 3321 4.357676e-01 1.134837e+02  2.008960955490355360e+00  2.049309793971159532e+00  2.135580404810876409e+00  2.247496005339956859e+00
167 3341 4.320530e-01 1.135935e+02  2.008960955490355360e+00  2.064928543026559371e+00  2.151447603747984161e+00  2.249495872598258561e+00
168 3361 4.273530e-01 1.135843e+02  2.008960955490355360e+00  2.055288685103263013e+00  2.156296180381052974e+00  4.025034139266249866e+00
169 3381 4.224123e-01 1.135540e+02  2.008960955490355360e+00  2.065747160942255078e+00  2.132713123995430227e+00  2.299983589693179731e+00
170 3401 4.167057e-01 1.135850e+02  2.008960955490355360e+00  2.070487235584903996e+00  2.114891923373404037e+00  2.701795220595180069e+00
171 3421 4.096393e-01 1.135250e+02  2.008960955490355360e+00  2.043626087039324801e+00  2.157204588980390803e+00  2.269504345461577532e+00
172 3441 4.035932e-01 1.134314e+02  2.008960955490355360e+00  2.048594220169675850e+00  2.122009702931132225e+00  2.484730161784190372e+00
173 3461 3.976327e-01 1.134392e+02  2.008960955490355360e+00  2.040215818824398397e+00  2.103476342706670721e+00  2.259435114210446738e+00
174 3481 3.945145e-01 1.135005e+02  2.008960955490355360e+00  2.058940689914786404e+00  2.161285957619999198e+00  2.642635644794682825e+00
175 3501 3.916462e-01 1.135576e+02  2.008960955490355360e+00  2.071723129700537847e+00  2.153282757521720825e+00  2.570965407985021489e+00
176 3521 3.874585e-01 1.135011e+02  2.008960955490355360e+00  2.055317285816045114e+00  2.125746264396632501e+00  2.649886271896507495e+00
177 3541 3.843365e-01 1.134594e+02  2.008960955490355360e+00  2.068093206202209711e+00  2.110234474706142560e+00  2.654655922955051928e+00
178 3561 3.804605e-01 1.134576e+02  2.008960955490355360e+00  2.060177779328335568e+00  2.123633597602204937e+00  2.652048544051826884e+00
179 3581 3.760189e-01 1.135323e+02  2.008960955490355360e+00  2.045089704478247228e+00  2.116495629940558398e+00  3.841510838922069571e+00
180 3601 3.723354e-01 1.135370e+02  2.008960955490355360e+00  2.047415045133571532e+00  2.121267936381202812e+00  2.624846326653409889e+00
181 3621 3.685045e-01 1.135783e+02  2.008960955490355360e+00  2.042210101114013909e+00  2.110555540065652380e+00  3.889284734493874574e+00
182 3641 3.632287e-01 1.136333e+02  2.008960955490355360e+00  2.066148774702976976e+00  2.107477475766222241e+00  2.567270276438327947e+00
183 3661 3.576078e-01 1.136419e+02  2.008960955490355360e+00  2.039138175774240835e+00  2.091403680067649429e+00  2.196915683961917942e+00
184 3681 3.523932e-01 1.137184e+02  2.008960955490355360e+00  2.048664604562861147e+00  2.103090427345301272e+00  2.224739702560380117e+00
185 3701 3.476289e-01 1.137491e+02  2.008960955490355360e+00  2.032692617850077710e+00  2.082812972397538154e+00  2.689471233086518254e+00
186 3721 3.438992e-01 1.137604e+02  2.008960955490355360e+00  2.062019554750715855e+00  2.114806876526023505e+00  2.535205645783680239e+00
187 3741 3.397959e-01 1.138297e+02  2.008960955490355360e+00  2.028388869242589099e+00  2.099509984131678664e+00  3.885073025534718116e+00
188 3761 3.361544e-01 1.137983e+02  2.008960955490355360e+00  2.066913408294142940e+00  2.114320911533786873e+00  2.334163654696357337e+00
189 3781 3.316778e-01 1.138891e+02  2.008960955490355360e+00  2.049848337474060145e+00  2.092754618405634481e+00  2.323410549872063413e+00
190 3801 3.272368e-01 1.139215e+02  2.008960955490355360e+00  2.041985069496277116e+00  2.088743065177480318e+00  2.192439569773215968e+00
191 3821 3.231760e-01 1.140061e+02  2.008960955490355360e+00  2.046182447177836483e+00  2.107998515283952656e+00  3.896209424038376223e+00
192 3841 3.201784e-01 1.140576e+02  2.008960955490355360e+00  2.034270786524069230e+00  2.070172788913057005e+00  2.131637959494820489e+00
193 3861 3.181492e-01 1.141916e+02  2.008960955490355360e+00  2.030003716915599110e+00  2.107855219562094540e+00  2.571277145441546619e+00
194 3881 3.160911e-01 1.142919e+02  2.008960955490355360e+00  2.034379289011280179e+00  2.087969786878245859e+00  2.161688916121177417e+00
195 3901 3.124776e-01 1.143429e+02  2.008960955490355360e+00  2.031816084720809101e+00  2.089710986431529971e+00  3.955013369527492717e+00
196 3921 3.095649e-01 1.144505e+02  2.008960955490355360e+00  2.036042201211431202e+00  2.087302050288271982e+00  2.604877503093976809e+00
197 3941 3.080516e-01 1.145348e+02  2.008960955490355360e+00  2.039993040159008064e+00  2.086741036995562126e+00  2.570602726934879456e+00
198 3961 3.067861e-01 1.146616e+02  2.008960955490355360e+00  2.027082321056425940e+00  2.070466771128147254e+00  2.548710406556377261e+00
199 3981 3.052897e-01 1.147965e+02  2.008960955490355360e+00  2.015739260102932917e+00  2.072650113947651640e+00  2.554009496607513530e+00
200 4001 3.032363e-01 1.148578e+02  2.008960955490355360e+00  2.030431789085175520e+00  2.072155656478086083e+00  2.537599597862372658e+00
201 4021 3.012506e-01 1.150269e+02  2.008960955490355360e+00  2.032158001144158899e+00  2.075231718368494072e+00  2.159235187831834768e+00
202 4041 2.991622e-01 1.151246e+02  2.008960955490355360e+00  2.040715169212011570e+00  2.084092198794278872e+00  2.560360213847328925e+00
203 4061 2.971730e-01 1.151375e+02  2.008960955490355360e+00  2.027812729898282651e+00  2.084439326643188650e+00  2.142263536096108645e+00
204 4081 2.936810e-01 1.152094e+02  2.008960955490355360e+00  2.015469013096957251e+00  2.070136630982685411e+00  2.548668950402792177e+00
205 4101 2.912203e-01 1.152515e+02  2.008960955490355360e+00  2.026412495251745494e+00  2.085257601781923320e+00  2.166669125074773827e+00
206 4121 2.885611e-01 1.152892e+02  2.008960955490355360e+00  2.023802072695804366e+00  2.057554250031892629e+00  2.098243214201427786e+00
207 4141 2.844996e-01 1.153258e+02  2.008960955490355360e+00  2.020313446122467660e+00  2.079594544010904489e+00  2.114632869621400513e+00
208 4161 2.810457e-01 1.153271e+02  2.008960955490355360e+00  2.029673271502103304e+00  2.056856123174087614e+00  2.540285734987953070e+00
209 4181 2.777320e-01 1.154039e+02  2.008960955490355360e+00  2.026929060703501317e+00  2.054821615911368138e+00  2.141422036274368779e+00
210 4201 2.756531e-01 1.154705e+02  2.008960955490355360e+00  2.021007023501533606e+00  2.053441864247601778e+00  2.557494465712535359e+00
211 4221 2.739460e-01 1.154843e+02  2.008960955490355360e+00  2.021108992976723862e+00  2.059779390480433570e+00  2.140859265516858567e+00
212 4241 2.714791e-01 1.154930e+02  2.008960955490355360e+00  2.021461530750091828e+00  2.073642278742786615e+00  2.483324546786950471e+00
213 4261 2.703472e-01 1.153989e+02  2.008960955490355360e+00  2.012287293057291482e+00  2.063650592382946680e+00  2.810091917000118400e+00
214 4281 2.701701e-01 1.154261e+02  2.008960955490355360e+00  2.028239503712216507e+00  2.061709672332632692e+00  2.567923232204429418e+00
215 4301 2.699994e-01 1.155054e+02  2.008960955490355360e+00  2.013775347429516582e+00  2.065086262642200410e+00  2.585024104224085129e+00
216 4321 2.717233e-01 1.155084e+02  2.008721314604520192e+00  2.008721314604520192e+00  2.051341458617121027e+00  2.111727961407710907e+00
217 4341 2.724519e-01 1.155635e+02  2.008721314604520192e+00  2.025813903942910610e+00  2.067256379856033721e+00  2.525349015476979098e+00
218 4361 2.740195e-01 1.155880e+02  2.008721314604520192e+00  2.027917735455131432e+00  2.073728806743637243e+00  2.648562403321950587e+00
219 4381 2.770186e-01 1.156054e+02  2.008721314604520192e+00  2.020920401794060073e+00  2.058238360938910994e+00  2.118400815756956934e+00
220 4401 2.788695e-01 1.155946e+02  2.008721314604520192e+00  2.020409275334918320e+00  2.059812977274934731e+00  2.333513972425447669e+00
221 4421 2.801617e-01 1.156073e+02  2.008721314604520192e+00  2.019174401787811490e+00  2.075413906477566961e+00  3.896966664867646202e+00
222 4441 2.806842e-01 1.155928e+02  2.008721314604520192e+00  2.031340003104970204e+00  2.069763316223652616e+00  2.166062824485007088e+00
223 4461 2.802951e-01 1.155971e+02  2.008721314604520192e+00  2.029790460407730368e+00  2.065617526586949637e+00  2.514774026788731298e+00
224 4481 2.796356e-01 1.156179e+02  2.008721314604520192e+00  2.019000939622722868e+00  2.083261512279311223e+00  2.546594084274171887e+00
225 4501 2.790399e-01 1.156067e+02  2.008721314604520192e+00  2.018257483506542105e+00  2.062774850259753379e+00  2.505225103416440557e+00
226 4521 2.783236e-01 1.155627e+02  2.008721314604520192e+00  2.021871568657457097e+00  2.057111017989059043e+00  2.491524805632650885e+00
227 4541 2.776534e-01 1.155538e+02  2.008721314604520192e+00  2.019047207066988481e+00  2.049875342651006349e+00  2.104063510581165364e+00
228 4561 2.782033e-01 1.155701e+02  2.008721314604520192e+00  2.017667788233580506e+00  2.060107572287221078e+00  3.915997445616757222e+00
229 4581 2.788019e-01 1.156509e+02  2.008721314604520192e+00  2.023865942138808105e+00  2.064949377304573730e+00  2.734735718132133897e+00
230 4601 2.783918e-01 1.156668e+02  2.008721314604520192e+00  2.017541815345518685e+00  2.065585551024424760e+00  2.500341786700222446e+00
231 4621 2.777878e-01 1.155689e+02  2.006595544803511988e+00  2.006595544803511988e+00  2.052553380411479722e+00  2.529784256020154221e+00
232 4641 2.776075e-01 1.155615e+02  2.005382680899239212e+00  2.005382680899239212e+00  2.052724483916898546e+00  2.245402500996090733e+00
233 4661 2.776728e-01 1.157265e+02  2.005382680899239212e+00  2.008848941611549144e+00  2.062048560992655766e+00  2.521201770329059233e+00
234 4681 2.776451e-01 1.156871e+02  2.005382680899239212e+00  2.015177780451602896e+00  2.046584032130854158e+00  2.116135526219497187e+00
235 4701 2.776686e-01 1.156747e+02  2.005382680899239212e+00  2.013828265716350430e+00  2.060699828603171913e+00  2.499664887656172674e+00
236 4721 2.789778e-01 1.157266e+02  2.005382680899239212e+00  2.021592599350761077e+00  2.062007894535437202e+00  2.110637969928986557e+00
237 4741 2.800870e-01 1.157648e+02  2.005382680899239212e+00  2.018581759111849117e+00  2.065617459053718186e+00  2.163834672380677837e+00
238 4761 2.808997e-01 1.157950e+02  2.005382680899239212e+00  2.005498634550134884e+00  2.050520228937812384e+00  2.138685702693041257e+00
239 4781 2.801929e-01 1.157089e+02  2.005382680899239212e+00  2.013949618717910894e+00  2.051335979125412656e+00  2.516417164298345277e+00
240 4801 2.800518e-01 1.157957e+02  2.005382680899239212e+00  2.025998941959815003e+00  2.047233375700713509e+00  2.127058161770906786e+00
241 4821 2.790621e-01 1.158023e+02  2.005382680899239212e+00  2.017821500005435364e+00  2.066865900178164406e+00  2.619923239657998781e+00
242 4841 2.783590e-01 1.158597e+02  2.005382680899239212e+00  2.014819809006444196e+00  2.037820438146441759e+00  2.559128797680952694e+00
243 4861 2.788635e-01 1.158933e+02  2.005382680899239212e+00  2.027190467716885269e+00  2.065789508994782420e+00  2.520547883412616486e+00
244 4881 2.794436e-01 1.159873e+02  2.005382680899239212e+00  2.013906778311528534e+00  2.062144778425132774e+00  2.584495258237128557e+00
245 4901 2.784704e-01 1.159671e+02  2.005382680899239212e+00  2.017406351036299395e+00  2.064227077739242411e+00  2.537708607095282787e+00
246 4921 2.786641e-01 1.160374e+02  2.005382680899239212e+00  2.014412439108651309e+00  2.057053562820331472e+00  2.121087051280482250e+00
247 4941 2.786584e-01 1.160064e+02  2.005382680899239212e+00  2.013331822995007236e+00  2.057614011290938905e+00  2.316922456711811851e+00
248 4961 2.783728e-01 1.160570e+02  2.005382680899239212e+00  2.011835878892342500e+00  2.061120580827677795e+00  2.529894116580797547e+00
249 4981 2.783011e-01 1.160695e+02  2.005382680899239212e+00  2.008826529091954693e+00  2.048959189376112988e+00  2.535986543217526812e+00
250 5001 2.772648e-01 1.160524e+02  2.005382680899239212e+00  2.013533997747659843e+00  2.052178024903332343e+00  2.120854008365547827e+00
251 5021 2.754136e-01 1.159855e+02  2.005382680899239212e+00  2.033023573947672080e+00  2.064222787843732476e+00  2.506826294584755477e+00
252 5041 2.739486e-01 1.159496e+02  2.005382680899239212e+00  2.017196431460126060e+00  2.050198079531923234e+00  2.143634070098236588e+00
253 5061 2.726697e-01 1.159734e+02  2.005382680899239212e+00  2.017782164512662568e+00  2.046694918318181067e+00  2.139249568843968774e+00
254 5081 2.726806e-01 1.159849e+02  2.005382680899239212e+00  2.030236472139922643e+00  2.055367880438867534e+00  2.564648916439103310e+00
255 5101 2.740533e-01 1.160151e+02  2.005382680899239212e+00  2.020072073740903473e+00  2.058523961931162383e+00  2.114264526337706229e+00
256 5121 2.749611e-01 1.160047e+02  2.005382680899239212e+00  2.013779521526633420e+00  2.048763239262548552e+00  3.877999521115365500e+00
257 5141 2.746015e-01 1.159936e+02  2.005382680899239212e+00  2.008810905732669294e+00  2.054612727308385178e+00  2.577125120447457007e+00
258 5161 2.742949e-01 1.159716e+02  2.005382680899239212e+00  2.010073294232971985e+00  2.059355239576128760e+00  2.502454796098376733e+00
259 5181 2.734051e-01 1.159308e+02  2.005382680899239212e+00  2.019795534256269232e+00  2.054137069675078031e+00  3.819839084304311516e+00
260 5201 2.726868e-01 1.159263e+02  2.005382680899239212e+00  2.012063831527851399e+00  2.055449997353087976e+00  2.147578653140531646e+00
261 5221 2.700852e-01 1.159114e+02  2.005382680899239212e+00  2.021826652563645688e+00  2.049786990916092400e+00  2.152784154137127981e+00
262 5241 2.678664e-01 1.157951e+02  2.005382680899239212e+00  2.007445829027185269e+00  2.053563984369692896e+00  2.615838032371467392e+00
263 5261 2.653938e-01 1.157936e+02  2.005382680899239212e+00  2.027144772092703384e+00  2.063549277349676636e+00  3.856400537647691085e+00
264 5281 2.626574e-01 1.157697e+02  2.005382680899239212e+00  2.029874622254283167e+00  2.072367153235712411e+00  2.154659361372631476e+00
265 5301 2.609135e-01 1.157817e+02  2.005382680899239212e+00  2.032221775577685019e+00  2.067360811812566368e+00  2.522521917831032745e+00
266 5321 2.603268e-01 1.157741e+02  2.005382680899239212e+00  2.008654677440747882e+00  2.061463603629793084e+00  2.551662711912678905e+00
267 5341 2.593344e-01 1.157417e+02  2.005382680899239212e+00  2.015150673360330824e+00  2.053971899550315783e+00  2.507988257775124907e+00
268 5361 2.577141e-01 1.157004e+02  2.005382680899239212e+00  2.021943473928315083e+00  2.051801745050827464e+00  2.544099831933588796e+00
269 5381 2.570272e-01 1.157261e+02  2.005382680899239212e+00  2.011504128141010650e+00  2.061416420546072104e+00  2.317909096895261811e+00
270 5401 2.553584e-01 1.157426e+02  2.005382680899239212e+00  2.012827756737227247e+00  2.060335182427065703e+00  2.590765860782216823e+00
271 5421 2.531322e-01 1.157071e+02  2.005382680899239212e+00  2.006637148283486827e+00  2.049458327794191792e+00  3.866366181943577729e+00
272 5441 2.511384e-01 1.157096e+02  2.005382680899239212e+00  2.009283605608123136e+00  2.032580165553956597e+00  2.083816552295568059e+00
273 5461 2.487135e-01 1.156949e+02  2.005382680899239212e+00  2.014450717278806202e+00  2.046548079569915579e+00  4.327656550660135437e+00
274 5481 2.461019e-01 1.157048e+02  2.005382680899239212e+00  2.013558862614935219e+00  2.044497223212275117e+00  3.834296384192827034e+00
275 5501 2.437191e-01 1.157892e+02  2.005382680899239212e+00  2.009347206493333093e+00  2.066309324922360524e+00  2.685375597649190649e+00
276 5521 2.407846e-01 1.159211e+02  2.005382680899239212e+00  2.019871916271529066e+00  2.059052962283391075e+00  2.302403093718976557e+00
277 5541 2.386152e-01 1.159034e+02  2.005382680899239212e+00  2.016901212818150935e+00  2.050912591204731683e+00  3.199891740177116084e+00
278 5561 2.373649e-01 1.158944e+02  2.005382680899239212e+00  2.027265911448850488e+00  2.048013549325075289e+00  2.517241269619246324e+00
279 5581 2.361218e-01 1.159841e+02  2.005382680899239212e+00  2.012867136870538420e+00  2.064780075399920811e+00  2.525636574399324097e+00
280 5601 2.352196e-01 1.159857e+02  2.003160174172185837e+00  2.003160174172185837e+00  2.046340242785119390e+00  2.519535714238308355e+00
281 5621 2.339172e-01 1.159689e+02  2.003160174172185837e+00  2.014136618416937363e+00  2.053056252463543174e+00  3.869022875714646315e+00
282 5641 2.328362e-01 1.158856e+02  2.003160174172185837e+00  2.012389824897714785e+00  2.064002138538260311e+00  2.671489457481798002e+00
283 5661 2.311298e-01 1.158504e+02  2.003160174172185837e+00  2.015624649456179807e+00  2.046139130817881124e+00  2.571828752292291131e+00
284 5681 2.304923e-01 1.158156e+02  2.003160174172185837e+00  2.015051133275348683e+00  2.044745677774748138e+00  4.412963216209504047e+00
285 5701 2.294529e-01 1.158086e+02  2.003160174172185837e+00  2.013463861345131445e+00  2.043493414563968713e+00  2.126751669044957715e+00
286 5721 2.286174e-01 1.158396e+02  2.003160174172185837e+00  2.023296943514365509e+00  2.048229861672164365e+00  2.560375372942019556e+00
287 5741 2.262964e-01 1.158250e+02  2.003160174172185837e+00  2.007385185656645810e+00  2.032569841566578273e+00  2.073545652409532813e+00
288 5761 2.233696e-01 1.158123e+02  2.003160174172185837e+00  2.003779527288173323e+00  2.041252659652644130e+00  2.122407032232198620e+00
289 5781 2.204142e-01 1.158320e+02  2.003160174172185837e+00  2.008163317191821839e+00  2.032437744701907523e+00  3.809475434495710022e+00
290 5801 2.173841e-01 1.158764e+02  2.003160174172185837e+00  2.008696206207534640e+00  2.042040021287247598e+00  2.270069965551170466e+00
291 5821 2.148522e-01 1.158512e+02  2.003160174172185837e+00  2.004385900527861253e+00  2.033968659292098025e+00  2.520198826717380047e+00
292 5841 2.123252e-01 1.158808e+02  2.003160174172185837e+00  2.015177241282277265e+00  2.039032491396173263e+00  2.525702260249778952e+00
293 5861 2.092409e-01 1.158468e+02  2.003160174172185837e+00  2.015375397828610193e+00  2.041645274362764884e+00  3.862524967098509787e+00
294 5881 2.070733e-01 1.157913e+02  2.003160174172185837e+00  2.008703832426721902e+00  2.037056224733362786e+00  2.314530687968327172e+00
295 5901 2.053618e-01 1.158617e+02  2.003160174172185837e+00  2.009023732217654512e+00  2.030385184689283307e+00  2.089257715479423627e+00
296 5921 2.036996e-01 1.159204e+02  2.003160174172185837e+00  2.016640330788144642e+00  2.040127093034210581e+00  2.840262540698298643e+00
297 5941 2.023361e-01 1.158624e+02  2.003160174172185837e+00  2.010296531641488027e+00  2.043577114923656790e+00  2.530936261997822179e+00
298 5961 2.011469e-01 1.158762e+02  2.003160174172185837e+00  2.012629930007768131e+00  2.045439802279018338e+00  3.810009660676529020e+00
299 5981 2.002530e-01 1.158773e+02  2.003160174172185837e+00  2.006430499154312042e+00  2.026863967015373191e+00  2.065030252172030067e+00
300 6001 1.993901e-01 1.158696e+02  2.003160174172185837e+00  2.007363040292341250e+00  2.031065311451866862e+00  2.272324159425145318e+00
