%  columns="iteration, evaluation, sigma, axis ratio, bestever, best, median, worst fitness function value, further objective values of best" (startseed=207532, 2017/10/8 0:10:30.33)
1 21 1.074708e+00 2.241107e+01  9.925517057534290188e+02  9.955209578955302732e+02  9.967500940216559684e+02  9.974135581299132127e+02
2 41 1.041705e+00 2.242046e+01  9.925517057534290188e+02  9.952420722870706413e+02  9.968281464955005049e+02  9.972632604599589285e+02
3 61 1.016075e+00 2.242563e+01  9.925517057534290188e+02  9.962200000000000273e+02  9.968403483674902645e+02  9.973097585562782115e+02
4 81 9.984442e-01 2.243071e+01  9.925517057534290188e+02  9.956239164540272668e+02  9.967018116090425792e+02  9.973850912496653791e+02
5 101 9.878149e-01 2.244507e+01  9.925517057534290188e+02  9.953505596246837968e+02  9.968461805734252721e+02  9.973482096313313150e+02
6 121 9.809381e-01 2.245990e+01  9.925517057534290188e+02  9.956958460401389175e+02  9.967803188825602092e+02  9.979617310814488746e+02
7 141 9.769069e-01 2.246937e+01  9.925517057534290188e+02  9.954150900039596763e+02  9.968260472180535317e+02  9.970852117505781962e+02
8 161 9.742776e-01 2.247722e+01  9.925517057534290188e+02  9.959576313047432450e+02  9.968597213099365035e+02  9.980759178791190607e+02
9 181 9.719805e-01 2.248423e+01  9.925517057534290188e+02  9.956646708801604291e+02  9.968275726889401085e+02  9.976811178982079582e+02
10 201 9.615631e-01 2.250768e+01  9.925517057534290188e+02  9.963400000000000318e+02  9.969571864510664909e+02  9.980536051533158570e+02
11 221 9.503905e-01 2.250870e+01  9.925517057534290188e+02  9.952878026606019830e+02  9.968172203068422732e+02  9.973200000000000500e+02
12 241 9.393012e-01 2.253895e+01  9.925517057534290188e+02  9.958120831696062396e+02  9.967317681505926430e+02  9.972795756210184663e+02
13 261 9.295596e-01 2.256048e+01  9.925517057534290188e+02  9.954199999999999591e+02  9.967590383361857675e+02  9.974734083145132217e+02
14 281 9.253821e-01 2.256782e+01  9.925517057534290188e+02  9.960836746504302255e+02  9.969526398073714972e+02  9.972642461123872408e+02
15 301 9.237786e-01 2.257858e+01  9.925517057534290188e+02  9.957843501505922177e+02  9.969227938263961732e+02  9.972782825973093850e+02
16 321 9.241015e-01 2.260135e+01  9.925517057534290188e+02  9.954173669257221491e+02  9.968658075440118864e+02  9.973634118081580482e+02
17 341 9.216889e-01 2.261122e+01  9.925517057534290188e+02  9.957660215292163457e+02  9.968510452068148879e+02  9.973008652683225819e+02
18 361 9.193466e-01 2.261608e+01  9.925517057534290188e+02  9.957684687457264090e+02  9.968266391412971643e+02  9.977271925334695197e+02
19 381 9.142577e-01 2.261983e+01  9.925517057534290188e+02  9.963868158080532567e+02  9.970056292919368843e+02  9.972597570670518508e+02
20 401 9.115214e-01 2.263689e+01  9.925517057534290188e+02  9.963600000000000136e+02  9.967118739827851641e+02  9.973830566970190148e+02
21 421 9.102982e-01 2.265044e+01  9.925517057534290188e+02  9.962112317085544646e+02  9.968214871046548069e+02  9.975575420485687346e+02
22 441 9.113475e-01 2.265880e+01  9.925517057534290188e+02  9.963427403382421517e+02  9.968501553052055897e+02  9.973173907553145909e+02
23 461 9.156294e-01 2.266521e+01  9.925517057534290188e+02  9.955095576121766499e+02  9.967717292971728966e+02  9.974945028716618936e+02
24 481 9.203069e-01 2.267532e+01  9.925517057534290188e+02  9.952981655901797922e+02  9.970453471790838194e+02  9.976799999999999500e+02
25 501 9.239852e-01 2.267994e+01  9.925517057534290188e+02  9.958904283185207760e+02  9.968514026633213234e+02  9.973809164777494516e+02
26 521 9.246399e-01 2.268277e+01  9.925517057534290188e+02  9.960694802064321038e+02  9.969452941322751940e+02  9.973760198756175441e+02
27 541 9.262948e-01 2.269062e+01  9.925517057534290188e+02  9.959061132903067346e+02  9.967776246225053001e+02  9.973179865882622153e+02
28 561 9.268465e-01 2.269854e+01  9.925517057534290188e+02  9.960109933500687021e+02  9.969276016497686896e+02  9.974888159078489025e+02
29 581 9.260799e-01 2.270113e+01  9.925517057534290188e+02  9.959489874584596691e+02  9.968146029561139585e+02  9.980564377550755353e+02
30 601 9.256401e-01 2.271196e+01  9.925517057534290188e+02  9.953275532327401152e+02  9.969748429172913120e+02  9.977188431725558075e+02
31 621 9.278779e-01 2.272434e+01  9.925517057534290188e+02  9.960980357006287704e+02  9.969422153972949445e+02  9.973573115655211723e+02
32 641 9.327912e-01 2.275333e+01  9.925517057534290188e+02  9.956470615386240297e+02  9.967098470960193026e+02  9.974077719722237134e+02
33 661 9.388612e-01 2.276689e+01  9.925517057534290188e+02  9.961769341183652386e+02  9.966554371408138877e+02  9.971490215501736429e+02
34 681 9.405656e-01 2.277195e+01  9.925517057534290188e+02  9.959710830913210202e+02  9.969485167322995949e+02  9.973625023872764359e+02
35 701 9.388969e-01 2.277584e+01  9.925517057534290188e+02  9.953879621547440593e+02  9.968010627261251102e+02  9.974837278194589771e+02
36 721 9.365716e-01 2.278723e+01  9.925517057534290188e+02  9.959900000000000091e+02  9.970357358886221846e+02  9.973012111773180095e+02
37 741 9.381933e-01 2.279793e+01  9.925517057534290188e+02  9.955862943666688807e+02  9.966132386594156287e+02  9.972500000000000000e+02
38 761 9.388139e-01 2.280268e+01  9.925517057534290188e+02  9.962029365723165029e+02  9.969322304192213551e+02  9.974012497966602950e+02
39 781 9.431663e-01 2.280410e+01  9.925517057534290188e+02  9.960340846124590826e+02  9.969480474600288744e+02  9.973410354877219106e+02
40 801 9.384895e-01 2.281111e+01  9.925517057534290188e+02  9.959971974463461493e+02  9.969778251895602352e+02  9.972957718475788624e+02
41 821 9.396421e-01 2.281810e+01  9.925517057534290188e+02  9.962165444123872931e+02  9.969200000000000728e+02  9.974408920579730875e+02
42 841 9.405015e-01 2.282863e+01  9.925517057534290188e+02  9.958222899462662099e+02  9.968501885459430696e+02  9.971787406225002997e+02
43 861 9.421360e-01 2.283512e+01  9.925517057534290188e+02  9.952737326465509113e+02  9.968162705977346150e+02  9.972056742735168200e+02
44 881 9.383629e-01 2.285875e+01  9.925517057534290188e+02  9.959321396586402670e+02  9.969374769354258206e+02  9.973143775098993729e+02
45 901 9.368993e-01 2.285948e+01  9.925517057534290188e+02  9.951221599428814670e+02  9.968364650171757830e+02  9.974217807330865071e+02
46 921 9.422545e-01 2.288041e+01  9.925517057534290188e+02  9.960887982703679882e+02  9.970295785535585082e+02  9.974553781473796334e+02
47 941 9.462830e-01 2.287952e+01  9.925517057534290188e+02  9.945960960265264248e+02  9.968907351940190438e+02  9.973368470284332261e+02
48 961 9.503287e-01 2.287886e+01  9.925517057534290188e+02  9.955445935039500682e+02  9.968885352390050230e+02  9.973200000000000500e+02
49 981 9.510761e-01 2.289572e+01  9.925517057534290188e+02  9.956206032525504952e+02  9.966803495913113693e+02  9.972100000000000364e+02
50 1001 9.513118e-01 2.290439e+01  9.925517057534290188e+02  9.958539877959058231e+02  9.967575182269980587e+02  9.973966786799264810e+02
51 1021 9.484088e-01 2.291789e+01  9.925517057534290188e+02  9.960299999999999727e+02  9.967400000000000091e+02  9.971371961263871526e+02
52 1041 9.481933e-01 2.293208e+01  9.925517057534290188e+02  9.955516328211854216e+02  9.967739406378611875e+02  9.972541967606143771e+02
53 1061 9.468362e-01 2.294510e+01  9.925517057534290188e+02  9.961476243143195006e+02  9.968274555690484249e+02  9.974135511795160483e+02
54 1081 9.443887e-01 2.295467e+01  9.925517057534290188e+02  9.962761433018960133e+02  9.969095775052351200e+02  9.972841780197418302e+02
55 1101 9.428691e-01 2.296147e+01  9.925517057534290188e+02  9.956281506918876403e+02  9.967166878650609760e+02  9.974192190482594924e+02
56 1121 9.408697e-01 2.296795e+01  9.925517057534290188e+02  9.956599999999999682e+02  9.967104406725427452e+02  9.973102910829560415e+02
57 1141 9.378712e-01 2.297599e+01  9.925517057534290188e+02  9.955948845100786002e+02  9.968554423654306902e+02  9.972937235710918458e+02
58 1161 9.313395e-01 2.298623e+01  9.925517057534290188e+02  9.957100000000000364e+02  9.966380522408846900e+02  9.974528694648392957e+02
59 1181 9.261103e-01 2.299044e+01  9.925517057534290188e+02  9.951474421368652656e+02  9.967396252644996366e+02  9.972819216755551679e+02
60 1201 9.191293e-01 2.299430e+01  9.925517057534290188e+02  9.956392558112835331e+02  9.967350373831327488e+02  9.971961482291108041e+02
61 1221 9.082482e-01 2.299818e+01  9.925517057534290188e+02  9.960676236302746247e+02  9.967284114200160730e+02  9.973618139586648113e+02
62 1241 8.967946e-01 2.300419e+01  9.925517057534290188e+02  9.950994042869815530e+02  9.966470719446275552e+02  9.971433971536971512e+02
63 1261 8.858188e-01 2.301424e+01  9.925517057534290188e+02  9.959299999999999500e+02  9.967773238181980560e+02  9.974683315626098192e+02
64 1281 8.756009e-01 2.302884e+01  9.925517057534290188e+02  9.960303343994953593e+02  9.968704113431336964e+02  9.972786344418412909e+02
65 1301 8.629992e-01 2.304548e+01  9.925517057534290188e+02  9.956990305906924732e+02  9.967253942027289213e+02  9.972606674327755627e+02
66 1321 8.549986e-01 2.304972e+01  9.925517057534290188e+02  9.958525375431179327e+02  9.967891541064701642e+02  9.972946708430692979e+02
67 1341 8.491535e-01 2.306372e+01  9.925517057534290188e+02  9.959209575739869251e+02  9.966743635884672585e+02  9.970982531287210122e+02
68 1361 8.437291e-01 2.307651e+01  9.925517057534290188e+02  9.960128197682101927e+02  9.966860834762624108e+02  9.974015344968929639e+02
69 1381 8.372422e-01 2.308196e+01  9.925517057534290188e+02  9.960142323236118500e+02  9.967549937707499339e+02  9.972835613450718029e+02
70 1401 8.298707e-01 2.308337e+01  9.925517057534290188e+02  9.957639940602052775e+02  9.967673088088755549e+02  9.972864074849428562e+02
71 1421 8.240829e-01 2.309696e+01  9.925517057534290188e+02  9.953012817506291867e+02  9.966807159449616620e+02  9.973051162494998607e+02
72 1441 8.148877e-01 2.310032e+01  9.925517057534290188e+02  9.959693017177575030e+02  9.967757573530998343e+02  9.971209566864831686e+02
73 1461 8.023573e-01 2.310213e+01  9.925517057534290188e+02  9.956917723556998681e+02  9.967318034367351629e+02  9.972568375614104070e+02
74 1481 7.940394e-01 2.311165e+01  9.925517057534290188e+02  9.959287546970678022e+02  9.966744382280938908e+02  9.973136128448728641e+02
75 1501 7.851776e-01 2.311125e+01  9.925517057534290188e+02  9.959326280768480046e+02  9.968227535167343376e+02  9.972348631013162503e+02
76 1521 7.825597e-01 2.311652e+01  9.925517057534290188e+02  9.961842626817591508e+02  9.967541298105463738e+02  9.970506648096804838e+02
77 1541 7.798099e-01 2.311144e+01  9.925517057534290188e+02  9.957381498076050548e+02  9.968048600090855871e+02  9.970717523247597001e+02
78 1561 7.731455e-01 2.312079e+01  9.925517057534290188e+02  9.946334561212831886e+02  9.967984370947190200e+02  9.974083739797199541e+02
79 1581 7.708069e-01 2.312231e+01  9.925517057534290188e+02  9.958836343641413578e+02  9.968476518089007641e+02  9.973022172121367248e+02
80 1601 7.684263e-01 2.313419e+01  9.925517057534290188e+02  9.958040181996847195e+02  9.964952901213484893e+02  9.969510857599840392e+02
81 1621 7.652468e-01 2.313360e+01  9.925517057534290188e+02  9.943967697432839259e+02  9.968124511412351012e+02  9.972410950961966591e+02
82 1641 7.638351e-01 2.313883e+01  9.925517057534290188e+02  9.957999999999999545e+02  9.966552903329668425e+02  9.972271023359820674e+02
83 1661 7.593932e-01 2.314412e+01  9.925517057534290188e+02  9.958996899748875649e+02  9.964814425977639303e+02  9.973445665267024651e+02
84 1681 7.563717e-01 2.316152e+01  9.925517057534290188e+02  9.956615561172892512e+02  9.967757609085007289e+02  9.971581909140815014e+02
85 1701 7.510501e-01 2.316657e+01  9.925517057534290188e+02  9.957923367570606388e+02  9.965972564947429646e+02  9.971833287100138250e+02
86 1721 7.482921e-01 2.317228e+01  9.925517057534290188e+02  9.957219907845319540e+02  9.966759189254753437e+02  9.972825844038152354e+02
87 1741 7.490928e-01 2.318244e+01  9.925517057534290188e+02  9.953588085867172595e+02  9.966903210823356858e+02  9.972426663320835587e+02
88 1761 7.474030e-01 2.318168e+01  9.925517057534290188e+02  9.952390939376327879e+02  9.966571074290493470e+02  9.970322747529983189e+02
89 1781 7.451388e-01 2.319946e+01  9.925517057534290188e+02  9.952636240765691582e+02  9.966133031970900902e+02  9.971194322131873378e+02
90 1801 7.401382e-01 2.321989e+01  9.925517057534290188e+02  9.955499999999999545e+02  9.967438563162822902e+02  9.971753370560928715e+02
91 1821 7.377798e-01 2.322703e+01  9.925517057534290188e+02  9.957500000000000000e+02  9.966789902315540530e+02  9.973854053016340231e+02
92 1841 7.365252e-01 2.323749e+01  9.925517057534290188e+02  9.950058251370220432e+02  9.966388409575124570e+02  9.973234297170287164e+02
93 1861 7.355227e-01 2.324113e+01  9.925517057534290188e+02  9.957030940682346909e+02  9.968123245919732653e+02  9.971823223866981607e+02
94 1881 7.366512e-01 2.324699e+01  9.925517057534290188e+02  9.962417565854264012e+02  9.965683498083476479e+02  9.971610311466151870e+02
95 1901 7.394960e-01 2.325148e+01  9.925517057534290188e+02  9.947527469700875145e+02  9.966654150247959478e+02  9.974972736389535157e+02
96 1921 7.406823e-01 2.325443e+01  9.925517057534290188e+02  9.954595921506636387e+02  9.963813025134187455e+02  9.971641463400519569e+02
97 1941 7.397854e-01 2.327261e+01  9.925517057534290188e+02  9.959839238412920395e+02  9.968189651178804525e+02  9.972616829860641019e+02
98 1961 7.378117e-01 2.329035e+01  9.925517057534290188e+02  9.949891300915995771e+02  9.967162175200742240e+02  9.970802923547948922e+02
99 1981 7.336461e-01 2.329819e+01  9.925517057534290188e+02  9.959500000000000455e+02  9.967923173264416619e+02  9.972708577156960246e+02
100 2001 7.296517e-01 2.330230e+01  9.925517057534290188e+02  9.957245988847485023e+02  9.966871717707055041e+02  9.972272345854182731e+02
101 2021 7.291122e-01 2.329663e+01  9.925517057534290188e+02  9.959600000000000364e+02  9.968290413007438246e+02  9.972735216671982243e+02
102 2041 7.237024e-01 2.330663e+01  9.925517057534290188e+02  9.951552129233048163e+02  9.966550107299988213e+02  9.971900000000000546e+02
103 2061 7.166521e-01 2.330919e+01  9.925517057534290188e+02  9.959156799905496200e+02  9.968815982314863504e+02  9.971767000423899390e+02
104 2081 7.109733e-01 2.332929e+01  9.925517057534290188e+02  9.952841712462696933e+02  9.965423360056955744e+02  9.971123626753284270e+02
105 2101 7.033136e-01 2.334596e+01  9.925517057534290188e+02  9.956955955373899769e+02  9.966888499685702527e+02  9.973977035607597372e+02
106 2121 6.963977e-01 2.335999e+01  9.925517057534290188e+02  9.960181504816983988e+02  9.966861093298464311e+02  9.972618762258528022e+02
107 2141 6.923831e-01 2.336793e+01  9.925517057534290188e+02  9.956817229242197982e+02  9.968139449490795414e+02  9.972128191732299456e+02
108 2161 6.852629e-01 2.337314e+01  9.925517057534290188e+02  9.956453203963977785e+02  9.965904115625901341e+02  9.970175678911083423e+02
109 2181 6.757032e-01 2.337679e+01  9.925517057534290188e+02  9.954786131218788796e+02  9.967854629730396709e+02  9.971813982922656123e+02
110 2201 6.689699e-01 2.340243e+01  9.925517057534290188e+02  9.956674502001623068e+02  9.966703573586614766e+02  9.971645815349228315e+02
111 2221 6.628128e-01 2.341336e+01  9.925517057534290188e+02  9.958973985261676489e+02  9.967623679106459349e+02  9.972497504809131215e+02
112 2241 6.555338e-01 2.341858e+01  9.925517057534290188e+02  9.956057819289891313e+02  9.965982419912277237e+02  9.970299999999999727e+02
113 2261 6.485357e-01 2.342748e+01  9.925517057534290188e+02  9.956521008856307162e+02  9.963979252667195396e+02  9.972823100226987663e+02
114 2281 6.412422e-01 2.342955e+01  9.925517057534290188e+02  9.954881852099288153e+02  9.965650753287441148e+02  9.973135566826629201e+02
115 2301 6.373474e-01 2.344405e+01  9.925517057534290188e+02  9.958302447822070462e+02  9.967085727074311308e+02  9.970843109705652978e+02
116 2321 6.365563e-01 2.344969e+01  9.925517057534290188e+02  9.955224429936998831e+02  9.965659561737518288e+02  9.972378400186659064e+02
117 2341 6.384598e-01 2.345119e+01  9.925517057534290188e+02  9.957933222607970265e+02  9.966338251766835583e+02  9.969500000000000455e+02
118 2361 6.415752e-01 2.345759e+01  9.925517057534290188e+02  9.956542261168759751e+02  9.966766066695308837e+02  9.971029915486548134e+02
119 2381 6.416042e-01 2.346739e+01  9.925517057534290188e+02  9.952256892619199107e+02  9.966436770392416520e+02  9.971960333060062567e+02
120 2401 6.439177e-01 2.347454e+01  9.925517057534290188e+02  9.953799999999999955e+02  9.966023801334793006e+02  9.971179476424903214e+02
121 2421 6.472078e-01 2.347370e+01  9.925517057534290188e+02  9.950336876819178542e+02  9.966779697859674343e+02  9.970949294313033988e+02
122 2441 6.524808e-01 2.348105e+01  9.925517057534290188e+02  9.955537010075090620e+02  9.968545360427535797e+02  9.973121859807367855e+02
123 2461 6.574955e-01 2.347992e+01  9.925517057534290188e+02  9.954299999999999500e+02  9.966843544282958192e+02  9.971574263898485242e+02
124 2481 6.609125e-01 2.348998e+01  9.925517057534290188e+02  9.953849324855289069e+02  9.967670326458746786e+02  9.970663420345069881e+02
125 2501 6.617711e-01 2.349383e+01  9.925517057534290188e+02  9.952767933023130809e+02  9.967691066555639736e+02  9.970156731399829368e+02
126 2521 6.616813e-01 2.350433e+01  9.925517057534290188e+02  9.949733254647131844e+02  9.966931616039958044e+02  9.971782292212716357e+02
127 2541 6.576709e-01 2.350354e+01  9.925517057534290188e+02  9.956695642519546254e+02  9.966508428892382199e+02  9.972200000000000273e+02
128 2561 6.536249e-01 2.352431e+01  9.925517057534290188e+02  9.956499999999999773e+02  9.963997435828862308e+02  9.972027677645191943e+02
129 2581 6.486579e-01 2.353613e+01  9.925517057534290188e+02  9.952624498681122986e+02  9.965619362053955683e+02  9.971816032953934155e+02
130 2601 6.478548e-01 2.354960e+01  9.925517057534290188e+02  9.959232871998461860e+02  9.966571385598549568e+02  9.968741383268320533e+02
131 2621 6.483126e-01 2.355442e+01  9.925517057534290188e+02  9.951640375305230464e+02  9.967266543731150250e+02  9.970437177645915199e+02
132 2641 6.466231e-01 2.356011e+01  9.925517057534290188e+02  9.956702630937196545e+02  9.964037945678528558e+02  9.971720186204256606e+02
133 2661 6.467229e-01 2.356688e+01  9.925517057534290188e+02  9.953619961663563345e+02  9.967227246103177549e+02  9.971437475576558427e+02
134 2681 6.469748e-01 2.358458e+01  9.925517057534290188e+02  9.957671115497264509e+02  9.966171674074214479e+02  9.970684491336257906e+02
135 2701 6.439297e-01 2.359128e+01  9.925517057534290188e+02  9.961106980914535143e+02  9.967377188701582327e+02  9.974115189901889380e+02
136 2721 6.413377e-01 2.359481e+01  9.925517057534290188e+02  9.956472643351646639e+02  9.964937629035307509e+02  9.971176065835761619e+02
137 2741 6.390428e-01 2.360015e+01  9.925517057534290188e+02  9.957063187393549697e+02  9.966011455454438419e+02  9.970120387283034233e+02
138 2761 6.354905e-01 2.360728e+01  9.925517057534290188e+02  9.954476626727766870e+02  9.965567297559784947e+02  9.969168780465324744e+02
139 2781 6.300182e-01 2.360754e+01  9.925517057534290188e+02  9.955499999999999545e+02  9.966329787609276991e+02  9.971310783760399090e+02
140 2801 6.270248e-01 2.360964e+01  9.925517057534290188e+02  9.956328534353203850e+02  9.964356082373180925e+02  9.969446018260143774e+02
141 2821 6.253058e-01 2.361865e+01  9.925517057534290188e+02  9.956003588307537484e+02  9.965815496744507982e+02  9.972001934921678412e+02
142 2841 6.267842e-01 2.362924e+01  9.925517057534290188e+02  9.942003584756182590e+02  9.966802603665656761e+02  9.971399999999999864e+02
143 2861 6.277530e-01 2.365184e+01  9.925517057534290188e+02  9.956767725488950873e+02  9.967660259905958355e+02  9.971513171979099752e+02
144 2881 6.274721e-01 2.365331e+01  9.925517057534290188e+02  9.954700000000000273e+02  9.966239076348883827e+02  9.969740402632819496e+02
145 2901 6.244258e-01 2.365077e+01  9.925517057534290188e+02  9.951399999999999864e+02  9.966812607894726170e+02  9.971824139187597211e+02
146 2921 6.223857e-01 2.364316e+01  9.925517057534290188e+02  9.949306314911549407e+02  9.962628983794663782e+02  9.971537311830473982e+02
147 2941 6.218995e-01 2.365057e+01  9.925517057534290188e+02  9.957084407277388891e+02  9.967188238865186349e+02  9.973027758228504354e+02
148 2961 6.192532e-01 2.365540e+01  9.925517057534290188e+02  9.957443807219964356e+02  9.965160860211401541e+02  9.972079130905035527e+02
149 2981 6.168116e-01 2.366031e+01  9.925517057534290188e+02  9.956817117754948185e+02  9.967119306136521573e+02  9.971693813354333997e+02
150 3001 6.153071e-01 2.365987e+01  9.925517057534290188e+02  9.953337321264486945e+02  9.963991409937257231e+02  9.970586539538627449e+02
151 3021 6.134077e-01 2.367050e+01  9.925517057534290188e+02  9.955418647772296481e+02  9.965808390892497073e+02  9.971614720742334157e+02
152 3041 6.102999e-01 2.367281e+01  9.925517057534290188e+02  9.958986673595874208e+02  9.966232560631442539e+02  9.971453713462328778e+02
153 3061 6.074863e-01 2.368714e+01  9.925517057534290188e+02  9.956856017791441218e+02  9.964729304829662624e+02  9.970016868621485173e+02
154 3081 6.044409e-01 2.370458e+01  9.925517057534290188e+02  9.959600000000000364e+02  9.967477640296134496e+02  9.972235013938183101e+02
155 3101 6.035715e-01 2.371720e+01  9.925517057534290188e+02  9.957376528354661787e+02  9.965965105505908923e+02  9.970360347011526301e+02
156 3121 6.049888e-01 2.372282e+01  9.925517057534290188e+02  9.957609225555082730e+02  9.966150066988241178e+02  9.972391334463779913e+02
157 3141 6.039390e-01 2.373088e+01  9.925517057534290188e+02  9.954551432626238920e+02  9.963062850799753960e+02  9.968593870018171401e+02
158 3161 6.023348e-01 2.373990e+01  9.925517057534290188e+02  9.950918661151879405e+02  9.964174988745253359e+02  9.971100000000000136e+02
159 3181 6.032869e-01 2.376493e+01  9.925517057534290188e+02  9.954593505133353801e+02  9.963436122524307166e+02  9.971061297320215999e+02
160 3201 6.040650e-01 2.377130e+01  9.925517057534290188e+02  9.956914432546677745e+02  9.966010802899670580e+02  9.971273359276992778e+02
161 3221 6.037612e-01 2.377001e+01  9.925517057534290188e+02  9.962264193243080399e+02  9.965530808686629598e+02  9.970738220699647627e+02
162 3241 6.035981e-01 2.377822e+01  9.925517057534290188e+02  9.959344888215839546e+02  9.965407697254920549e+02  9.971048452458620659e+02
163 3261 6.042372e-01 2.379438e+01  9.925517057534290188e+02  9.953581217971604929e+02  9.966226259139298236e+02  9.970282706827707671e+02
164 3281 6.044074e-01 2.383247e+01  9.925517057534290188e+02  9.960657713169090357e+02  9.967011602267284616e+02  9.971175671824278197e+02
165 3301 6.053623e-01 2.384358e+01  9.925517057534290188e+02  9.954520696278538026e+02  9.965970594657753736e+02  9.970930901591219708e+02
166 3321 6.069721e-01 2.385335e+01  9.925517057534290188e+02  9.952289061715682692e+02  9.965303117845223824e+02  9.970534519529419413e+02
167 3341 6.115469e-01 2.385167e+01  9.925517057534290188e+02  9.957038318079598866e+02  9.966948928003890842e+02  9.971226372984236832e+02
168 3361 6.129494e-01 2.385825e+01  9.925517057534290188e+02  9.957441965797584089e+02  9.964955620282738664e+02  9.974182695139259067e+02
169 3381 6.144668e-01 2.386912e+01  9.925517057534290188e+02  9.960655570533434684e+02  9.965616703731006965e+02  9.972589045054481858e+02
170 3401 6.153003e-01 2.388420e+01  9.925517057534290188e+02  9.948099999999999454e+02  9.965100413617155937e+02  9.970406064841394027e+02
171 3421 6.142585e-01 2.388579e+01  9.925517057534290188e+02  9.946289961729330571e+02  9.967142097964583627e+02  9.972173833906971367e+02
172 3441 6.144738e-01 2.389145e+01  9.925517057534290188e+02  9.958194537614606361e+02  9.965176684844619786e+02  9.970048903200854511e+02
173 3461 6.139404e-01 2.389276e+01  9.925517057534290188e+02  9.958099999999999454e+02  9.965054447474375365e+02  9.970291073506583643e+02
174 3481 6.146020e-01 2.389892e+01  9.925517057534290188e+02  9.951816235596941169e+02  9.967724274023332782e+02  9.970972617034972245e+02
175 3501 6.138130e-01 2.391028e+01  9.925517057534290188e+02  9.953912208608674064e+02  9.965034323790825965e+02  9.972383900735507041e+02
176 3521 6.111665e-01 2.392690e+01  9.925517057534290188e+02  9.958137581428798057e+02  9.967335290229491420e+02  9.970763390615281878e+02
177 3541 6.096214e-01 2.393174e+01  9.925517057534290188e+02  9.941364192104954327e+02  9.967079683040484497e+02  9.970642326590003677e+02
178 3561 6.111938e-01 2.393175e+01  9.925517057534290188e+02  9.960429709134125460e+02  9.967128301517425371e+02  9.971000000000000227e+02
179 3581 6.142523e-01 2.394325e+01  9.925517057534290188e+02  9.960464775986870336e+02  9.964960206969177534e+02  9.970800000000000409e+02
180 3601 6.168891e-01 2.394450e+01  9.925517057534290188e+02  9.953742557285886505e+02  9.964697595652212385e+02  9.970584792654905186e+02
181 3621 6.172935e-01 2.394917e+01  9.925517057534290188e+02  9.957181931259045768e+02  9.966484979130411830e+02  9.970710482184229022e+02
182 3641 6.178570e-01 2.395969e+01  9.925517057534290188e+02  9.956210097865657644e+02  9.965422702188031963e+02  9.971405628566919859e+02
183 3661 6.165029e-01 2.395967e+01  9.925517057534290188e+02  9.955868047302586774e+02  9.965055751174920715e+02  9.969303748726727008e+02
184 3681 6.137950e-01 2.396584e+01  9.925517057534290188e+02  9.957155970509693361e+02  9.967993407153994667e+02  9.971081965059178174e+02
185 3701 6.135260e-01 2.396424e+01  9.925517057534290188e+02  9.948778065709140037e+02  9.965239241206198813e+02  9.969983413786351321e+02
186 3721 6.121436e-01 2.397651e+01  9.925517057534290188e+02  9.961849588189852511e+02  9.965892438726625642e+02  9.973026216570422093e+02
187 3741 6.126241e-01 2.397666e+01  9.925517057534290188e+02  9.960850064237762354e+02  9.967860450271379023e+02  9.972253854185410091e+02
188 3761 6.129743e-01 2.398109e+01  9.925517057534290188e+02  9.957909488664150786e+02  9.967151979844709331e+02  9.970243066660329987e+02
189 3781 6.137604e-01 2.398879e+01  9.925517057534290188e+02  9.951450909745733497e+02  9.966156536731923552e+02  9.971020356612128808e+02
190 3801 6.125801e-01 2.398872e+01  9.925517057534290188e+02  9.947799999999999727e+02  9.967609542602984902e+02  9.971249304220260683e+02
191 3821 6.122671e-01 2.398733e+01  9.925517057534290188e+02  9.949935634983826276e+02  9.966784588558068663e+02  9.971109916111922757e+02
192 3841 6.113583e-01 2.399843e+01  9.925517057534290188e+02  9.959686828547748974e+02  9.966686563427688270e+02  9.972599999999999909e+02
193 3861 6.110980e-01 2.400160e+01  9.925517057534290188e+02  9.959091149258662199e+02  9.967356390197696783e+02  9.972141480757068166e+02
194 3881 6.097628e-01 2.399687e+01  9.925517057534290188e+02  9.956872039402212522e+02  9.967881499472366613e+02  9.973816968542361110e+02
195 3901 6.066404e-01 2.400102e+01  9.925517057534290188e+02  9.957735114882932521e+02  9.967090885546929258e+02  9.971488757254010125e+02
196 3921 6.055592e-01 2.400882e+01  9.925517057534290188e+02  9.958487399255701575e+02  9.967271885200109409e+02  9.972158501508370136e+02
197 3941 6.051811e-01 2.401465e+01  9.925517057534290188e+02  9.957100000000000364e+02  9.966844773221824880e+02  9.973300000000000409e+02
198 3961 6.066836e-01 2.404005e+01  9.925517057534290188e+02  9.949834060745039324e+02  9.967598533456982750e+02  9.970562152151128430e+02
199 3981 6.081426e-01 2.403888e+01  9.925517057534290188e+02  9.955063575584488262e+02  9.967596146948533260e+02  9.970789749044275823e+02
200 4001 6.122241e-01 2.404844e+01  9.925517057534290188e+02  9.957750001491616558e+02  9.965799746556336913e+02  9.972346009744372850e+02
201 4021 6.169508e-01 2.404384e+01  9.925517057534290188e+02  9.957862756651169320e+02  9.967085928296305610e+02  9.970412329946060481e+02
202 4041 6.186898e-01 2.404139e+01  9.925517057534290188e+02  9.954176265858338866e+02  9.966765380205782776e+02  9.972594489692521620e+02
203 4061 6.194806e-01 2.406223e+01  9.925517057534290188e+02  9.951186428028113369e+02  9.963922237844549272e+02  9.973315903967875329e+02
204 4081 6.208847e-01 2.406932e+01  9.925517057534290188e+02  9.957060423350205838e+02  9.964935913144402093e+02  9.970738723131509005e+02
205 4101 6.198724e-01 2.408527e+01  9.925517057534290188e+02  9.948400000000000318e+02  9.965993499748412887e+02  9.971667745025812337e+02
206 4121 6.209015e-01 2.409882e+01  9.925517057534290188e+02  9.950077065366762099e+02  9.966739914846093598e+02  9.972371881328394920e+02
207 4141 6.227190e-01 2.410349e+01  9.925517057534290188e+02  9.954912171387182980e+02  9.963764929049823422e+02  9.970160494025097933e+02
208 4161 6.259613e-01 2.411084e+01  9.925517057534290188e+02  9.956115944656240799e+02  9.965293642173899116e+02  9.972040250253802469e+02
209 4181 6.286867e-01 2.412753e+01  9.925517057534290188e+02  9.952589252744643318e+02  9.966347664669331152e+02  9.971599999999999682e+02
210 4201 6.324940e-01 2.413769e+01  9.925517057534290188e+02  9.959380221595962439e+02  9.967458021842910512e+02  9.970943383179516104e+02
211 4221 6.398227e-01 2.414034e+01  9.925517057534290188e+02  9.950770110175095624e+02  9.966389757601093606e+02  9.972220843277774520e+02
212 4241 6.447846e-01 2.414007e+01  9.925517057534290188e+02  9.956140082350542571e+02  9.966364200272973903e+02  9.970667997816759680e+02
213 4261 6.532240e-01 2.414714e+01  9.925517057534290188e+02  9.958537058741112560e+02  9.966903496296050662e+02  9.971040032814706819e+02
214 4281 6.607797e-01 2.415353e+01  9.925517057534290188e+02  9.959538515671379173e+02  9.964909871103531032e+02  9.971461424641169060e+02
215 4301 6.700325e-01 2.417163e+01  9.925517057534290188e+02  9.959982295140772521e+02  9.967549725246393564e+02  9.976107098071170185e+02
216 4321 6.790845e-01 2.418525e+01  9.925517057534290188e+02  9.958727660842060914e+02  9.966889618007239733e+02  9.974333788984821467e+02
217 4341 6.877426e-01 2.418548e+01  9.925517057534290188e+02  9.959500000000000455e+02  9.966693738185890652e+02  9.975112319301811112e+02
218 4361 6.948629e-01 2.417916e+01  9.925517057534290188e+02  9.958977080340429211e+02  9.966604653825711466e+02  9.973700000000000045e+02
219 4381 6.992450e-01 2.417945e+01  9.925517057534290188e+02  9.956672764055547304e+02  9.967581924172235404e+02  9.976556248270902643e+02
220 4401 7.051046e-01 2.419126e+01  9.925517057534290188e+02  9.960608359154945219e+02  9.967740363527033196e+02  9.971723632531178509e+02
221 4421 7.098012e-01 2.419243e+01  9.925517057534290188e+02  9.958050581650007871e+02  9.967846623375588706e+02  9.971818531776502823e+02
222 4441 7.131239e-01 2.420046e+01  9.925517057534290188e+02  9.954139689669501649e+02  9.968011125453044770e+02  9.974725986753345524e+02
223 4461 7.134342e-01 2.420183e+01  9.925517057534290188e+02  9.946027691625382658e+02  9.965921446341831142e+02  9.971429539467727636e+02
224 4481 7.128102e-01 2.420866e+01  9.925517057534290188e+02  9.961825448067673960e+02  9.968734253167336874e+02  9.972600922541776072e+02
225 4501 7.099554e-01 2.421397e+01  9.925517057534290188e+02  9.951578822646024491e+02  9.968000646039657795e+02  9.975653331537625945e+02
226 4521 7.084908e-01 2.422406e+01  9.925517057534290188e+02  9.952096366399000544e+02  9.966091704172955588e+02  9.969854115773960075e+02
227 4541 7.066912e-01 2.422342e+01  9.925517057534290188e+02  9.954049401088711875e+02  9.968870274188703888e+02  9.994868116499909547e+02
228 4561 7.031717e-01 2.425499e+01  9.925517057534290188e+02  9.953999999999999773e+02  9.966804321043681512e+02  9.973060807873752083e+02
229 4581 7.002663e-01 2.425898e+01  9.925517057534290188e+02  9.958400000000000318e+02  9.967003982520818681e+02  9.971621592430562941e+02
230 4601 6.965823e-01 2.426337e+01  9.925517057534290188e+02  9.961249422743396735e+02  9.967757688291769682e+02  9.972500000000000000e+02
231 4621 6.922775e-01 2.426131e+01  9.925517057534290188e+02  9.959492285382264072e+02  9.966977932633628825e+02  9.971507834411918338e+02
232 4641 6.876018e-01 2.427337e+01  9.925517057534290188e+02  9.954911422840160640e+02  9.965541684941281346e+02  9.969710537678615765e+02
233 4661 6.812650e-01 2.427895e+01  9.925517057534290188e+02  9.959769822595917503e+02  9.966207938074867343e+02  9.970992573543979915e+02
234 4681 6.803123e-01 2.428401e+01  9.925517057534290188e+02  9.957465412575893424e+02  9.964271613921741846e+02  9.971236058396780209e+02
235 4701 6.755060e-01 2.428263e+01  9.925517057534290188e+02  9.952635754768890592e+02  9.965499047743821848e+02  9.970980079093576478e+02
236 4721 6.711174e-01 2.428557e+01  9.925517057534290188e+02  9.950886095579066932e+02  9.966005953528249393e+02  9.975074785571133589e+02
237 4741 6.697922e-01 2.428820e+01  9.925517057534290188e+02  9.949400000000000546e+02  9.966270117859535276e+02  9.973079097074075889e+02
238 4761 6.666214e-01 2.429604e+01  9.925517057534290188e+02  9.957791676231084921e+02  9.967196655950018567e+02  9.971725953069559409e+02
239 4781 6.649039e-01 2.430306e+01  9.925517057534290188e+02  9.960307145405294023e+02  9.967004844809073347e+02  9.971574930974719564e+02
240 4801 6.628163e-01 2.433201e+01  9.925517057534290188e+02  9.956572311275036782e+02  9.967333061824353990e+02  9.971672246291577721e+02
241 4821 6.614770e-01 2.434476e+01  9.925517057534290188e+02  9.960900000000000318e+02  9.966397650543656255e+02  9.971840108890638703e+02
242 4841 6.628348e-01 2.437462e+01  9.925517057534290188e+02  9.955970727653137828e+02  9.965612735961208273e+02  9.969400000000000546e+02
243 4861 6.636428e-01 2.437464e+01  9.925517057534290188e+02  9.958585284134690028e+02  9.964017917446244610e+02  9.970038629568571196e+02
244 4881 6.654692e-01 2.438464e+01  9.925517057534290188e+02  9.960723565820592285e+02  9.966274884275246677e+02  9.974827122375670569e+02
245 4901 6.676050e-01 2.438715e+01  9.925517057534290188e+02  9.951799999999999500e+02  9.964238654493158265e+02  9.969530630356191523e+02
246 4921 6.709331e-01 2.438964e+01  9.925517057534290188e+02  9.955687406830079453e+02  9.966950550049327830e+02  9.970522590825597717e+02
247 4941 6.727932e-01 2.440191e+01  9.925517057534290188e+02  9.953582519661823653e+02  9.967299635134371556e+02  9.999965205303050197e+02
248 4961 6.742562e-01 2.441062e+01  9.925517057534290188e+02  9.957020903176048705e+02  9.966488642357801382e+02  9.973869740918446496e+02
249 4981 6.747404e-01 2.442431e+01  9.925517057534290188e+02  9.955745458774205190e+02  9.966176801425301619e+02  9.970800000000000409e+02
250 5001 6.775345e-01 2.443434e+01  9.925517057534290188e+02  9.958547894169583969e+02  9.966100000000000136e+02  9.971809411560290073e+02
251 5021 6.801863e-01 2.444006e+01  9.925517057534290188e+02  9.950099999999999909e+02  9.965273722652726747e+02  9.971217894173490777e+02
252 5041 6.824744e-01 2.444599e+01  9.925517057534290188e+02  9.958021209985981841e+02  9.967562016024792229e+02  9.999964458526438875e+02
253 5061 6.844451e-01 2.446113e+01  9.925517057534290188e+02  9.957856832489413819e+02  9.967734184634726944e+02  9.972100000000000364e+02
254 5081 6.834758e-01 2.446782e+01  9.925517057534290188e+02  9.954435773514683206e+02  9.966965524264544456e+02  9.972780428710175329e+02
255 5101 6.826286e-01 2.447715e+01  9.925517057534290188e+02  9.955880055682142711e+02  9.965577264683088288e+02  9.973125018075339767e+02
256 5121 6.816213e-01 2.449977e+01  9.925517057534290188e+02  9.952670641716701994e+02  9.966927761458796340e+02  9.971507004501671645e+02
257 5141 6.781647e-01 2.452127e+01  9.925517057534290188e+02  9.959470810393880811e+02  9.966248067787150831e+02  9.970199999999999818e+02
258 5161 6.741947e-01 2.452942e+01  9.925517057534290188e+02  9.958400000000000318e+02  9.968202010885992195e+02  9.971412237205802285e+02
259 5181 6.741610e-01 2.454678e+01  9.925517057534290188e+02  9.955290742354033000e+02  9.967872741393773595e+02  9.971631073958911884e+02
260 5201 6.753900e-01 2.456522e+01  9.925517057534290188e+02  9.953941047753017983e+02  9.963557196892418233e+02  9.970522794045674573e+02
261 5221 6.774317e-01 2.458585e+01  9.925517057534290188e+02  9.952170369371051493e+02  9.967114717759901623e+02  9.969279192026689316e+02
262 5241 6.783702e-01 2.459215e+01  9.925517057534290188e+02  9.953017284773437723e+02  9.965083017328604456e+02  9.971562656832352332e+02
263 5261 6.783700e-01 2.459461e+01  9.925517057534290188e+02  9.962169071291062892e+02  9.966557249059239894e+02  9.971184724351780915e+02
264 5281 6.790150e-01 2.460362e+01  9.925517057534290188e+02  9.958183097103237742e+02  9.965290286964725510e+02  9.971698280136769199e+02
265 5301 6.804329e-01 2.462067e+01  9.925517057534290188e+02  9.957300000000000182e+02  9.967225611142528123e+02  9.972999999999999545e+02
266 5321 6.786239e-01 2.462692e+01  9.925517057534290188e+02  9.957791831541132979e+02  9.966715254100889751e+02  9.972555546497306977e+02
267 5341 6.810857e-01 2.463141e+01  9.925517057534290188e+02  9.953381781036229086e+02  9.965561808015542056e+02  9.971472479332977628e+02
268 5361 6.856261e-01 2.463566e+01  9.925517057534290188e+02  9.951195156737448997e+02  9.966334086022902738e+02  9.970823202875134257e+02
269 5381 6.932155e-01 2.462861e+01  9.925517057534290188e+02  9.953791004931327961e+02  9.965613845580770658e+02  9.971456418670709354e+02
270 5401 7.010613e-01 2.462935e+01  9.925517057534290188e+02  9.956072955506928110e+02  9.965625496371230838e+02  9.970471665659168821e+02
271 5421 7.053000e-01 2.463754e+01  9.925517057534290188e+02  9.959218815974146537e+02  9.964962676171448948e+02  9.972300000000000182e+02
272 5441 7.094655e-01 2.464358e+01  9.925517057534290188e+02  9.956456695737109612e+02  9.966204192326906650e+02  9.970340452648273413e+02
273 5461 7.137327e-01 2.464957e+01  9.925517057534290188e+02  9.957553419041709049e+02  9.965856166177071600e+02  9.971903386513113219e+02
274 5481 7.183981e-01 2.465176e+01  9.925517057534290188e+02  9.960875002358851589e+02  9.967039174935983965e+02  9.971472460537053166e+02
275 5501 7.219122e-01 2.468419e+01  9.925517057534290188e+02  9.959744395587928238e+02  9.964901895614066234e+02  9.971172843084855231e+02
276 5521 7.259420e-01 2.469333e+01  9.925517057534290188e+02  9.951319633525508834e+02  9.966049537654889718e+02  9.969558579580615287e+02
277 5541 7.312055e-01 2.470569e+01  9.925517057534290188e+02  9.954672927783278737e+02  9.967501198446725539e+02  9.970570117996009003e+02
278 5561 7.376310e-01 2.471598e+01  9.925517057534290188e+02  9.954876741717243931e+02  9.966144309712761924e+02  9.971699999999999591e+02
279 5581 7.448286e-01 2.474171e+01  9.925517057534290188e+02  9.956006828445113115e+02  9.965971250829375094e+02  9.972385635090111009e+02
280 5601 7.519590e-01 2.475786e+01  9.925517057534290188e+02  9.961646056670145981e+02  9.967203250526579268e+02  9.970317084222057247e+02
281 5621 7.582537e-01 2.477958e+01  9.925517057534290188e+02  9.954689197080019767e+02  9.964981657654409446e+02  9.974932431409686160e+02
282 5641 7.679003e-01 2.478163e+01  9.925517057534290188e+02  9.956699999999999591e+02  9.967249944338125260e+02  9.976797409067653462e+02
283 5661 7.774190e-01 2.479050e+01  9.925517057534290188e+02  9.942445276788116644e+02  9.966543274867719902e+02  9.971005330563723419e+02
284 5681 7.878041e-01 2.479723e+01  9.925517057534290188e+02  9.961113650779727777e+02  9.966677845210433588e+02  9.970065928097915275e+02
285 5701 7.943568e-01 2.481281e+01  9.925517057534290188e+02  9.957837924145665056e+02  9.966133861279797657e+02  9.978999999999999773e+02
286 5721 8.012954e-01 2.483557e+01  9.925517057534290188e+02  9.953001873722990922e+02  9.964858008526360891e+02  9.976303997868527631e+02
287 5741 8.044154e-01 2.483545e+01  9.925517057534290188e+02  9.945900000000000318e+02  9.966771378592272868e+02  9.976806529546818183e+02
288 5761 8.050173e-01 2.483756e+01  9.925517057534290188e+02  9.956875019557326141e+02  9.968393463750885530e+02  9.974589545491373883e+02
289 5781 8.091172e-01 2.485820e+01  9.925517057534290188e+02  9.956701571478831738e+02  9.964992954649246713e+02  9.970813555954115373e+02
290 5801 8.159965e-01 2.486639e+01  9.925517057534290188e+02  9.954705359901432757e+02  9.966799732538373746e+02  9.971567061594456618e+02
291 5821 8.192338e-01 2.486479e+01  9.925517057534290188e+02  9.944285084776936401e+02  9.966187431037695887e+02  9.970987121264427060e+02
292 5841 8.223508e-01 2.487887e+01  9.925517057534290188e+02  9.955471402259645402e+02  9.966395525767507024e+02  9.974183812808722678e+02
293 5861 8.213951e-01 2.488246e+01  9.925517057534290188e+02  9.959011473090415620e+02  9.969178100518324754e+02  9.975409630022542160e+02
294 5881 8.211330e-01 2.489798e+01  9.925517057534290188e+02  9.958884614062760647e+02  9.966762543282537763e+02  9.978006140265903241e+02
295 5901 8.230925e-01 2.490756e+01  9.925517057534290188e+02  9.962271249445886951e+02  9.968384836751544071e+02  9.972133903353621918e+02
296 5921 8.264578e-01 2.491310e+01  9.925517057534290188e+02  9.956337210963638427e+02  9.966086459914856732e+02  9.973400000000000318e+02
297 5941 8.274463e-01 2.491932e+01  9.925517057534290188e+02  9.954567751780454046e+02  9.966934517062613850e+02  9.971299999999999955e+02
298 5961 8.272712e-01 2.492638e+01  9.925517057534290188e+02  9.959453160790627635e+02  9.968491180763442117e+02  9.972662223794951615e+02
299 5981 8.214867e-01 2.492688e+01  9.925517057534290188e+02  9.957234101116598595e+02  9.966544250216854834e+02  9.973585976971849050e+02
300 6001 8.126151e-01 2.494300e+01  9.925517057534290188e+02  9.954568611342086797e+02  9.966610692421338626e+02  9.974181160775953003e+02
301 6021 8.038624e-01 2.494407e+01  9.925517057534290188e+02  9.950347419881469477e+02  9.962712630869623354e+02  9.972588724468834016e+02
302 6041 7.967930e-01 2.496729e+01  9.925517057534290188e+02  9.959032293596357022e+02  9.969101077850859838e+02  9.975275476094356009e+02
303 6061 7.905742e-01 2.497950e+01  9.925517057534290188e+02  9.956200000000000045e+02  9.966259759093220509e+02  9.973889267048225520e+02
304 6081 7.826344e-01 2.498924e+01  9.925517057534290188e+02  9.949375810708694416e+02  9.964617932047103750e+02  9.969731963182730397e+02
305 6101 7.734102e-01 2.500441e+01  9.925517057534290188e+02  9.943126448985028674e+02  9.965542528956189017e+02  9.972787060637921286e+02
306 6121 7.649690e-01 2.501185e+01  9.925517057534290188e+02  9.951594774884689514e+02  9.965256524996486860e+02  9.978533682736837136e+02
307 6141 7.579495e-01 2.501508e+01  9.925517057534290188e+02  9.947346332668004152e+02  9.965986917158259075e+02  9.972241369966943694e+02
308 6161 7.495306e-01 2.501948e+01  9.925517057534290188e+02  9.953026833558826638e+02  9.966202845021898611e+02  9.972799999999999727e+02
309 6181 7.443134e-01 2.502720e+01  9.925517057534290188e+02  9.960258518346288383e+02  9.966208821748974742e+02  9.972145302831077061e+02
310 6201 7.393301e-01 2.503239e+01  9.925517057534290188e+02  9.951735154226041686e+02  9.965613060772550398e+02  9.971182354227765927e+02
311 6221 7.366098e-01 2.502946e+01  9.925517057534290188e+02  9.956599999999999682e+02  9.966650910227324403e+02  9.971809328385442086e+02
312 6241 7.315453e-01 2.503471e+01  9.925517057534290188e+02  9.953923714213655103e+02  9.965590496144882309e+02  9.971075877979046709e+02
313 6261 7.274131e-01 2.503520e+01  9.925517057534290188e+02  9.955203502244769425e+02  9.965203379045326528e+02  9.970399999999999636e+02
314 6281 7.255881e-01 2.503865e+01  9.925517057534290188e+02  9.951816745070941579e+02  9.967406636169366720e+02  9.974658690353892325e+02
315 6301 7.220029e-01 2.503488e+01  9.925517057534290188e+02  9.958976175634551282e+02  9.967765115191373297e+02  9.974012423457775185e+02
316 6321 7.175046e-01 2.504171e+01  9.925517057534290188e+02  9.954460731050083950e+02  9.967084134560619759e+02  9.973161125032105474e+02
317 6341 7.129242e-01 2.504889e+01  9.925517057534290188e+02  9.956111029982993159e+02  9.966414269545641673e+02  9.970776705604241670e+02
318 6361 7.094177e-01 2.504686e+01  9.925517057534290188e+02  9.954191284551909575e+02  9.965688102985716341e+02  9.971917478180288299e+02
319 6381 7.114199e-01 2.505821e+01  9.925517057534290188e+02  9.962276562890759806e+02  9.966744192660814861e+02  9.969900000000000091e+02
320 6401 7.151728e-01 2.505825e+01  9.925517057534290188e+02  9.947310483937441177e+02  9.964982135486243351e+02  9.969851892025151301e+02
321 6421 7.213043e-01 2.505482e+01  9.925517057534290188e+02  9.953767344209354633e+02  9.966383689179926932e+02  9.970974449296458033e+02
322 6441 7.265255e-01 2.505832e+01  9.925517057534290188e+02  9.950037511077862291e+02  9.966676933044740281e+02  9.971365665093416055e+02
323 6461 7.336581e-01 2.506668e+01  9.925517057534290188e+02  9.951200000000000045e+02  9.964561307338265124e+02  9.972442950981744616e+02
324 6481 7.416919e-01 2.507701e+01  9.925517057534290188e+02  9.958165099518757870e+02  9.966044836807866432e+02  9.970437835437443255e+02
325 6501 7.531642e-01 2.508387e+01  9.925517057534290188e+02  9.946851170128560398e+02  9.965534161050140938e+02  9.971200000000000045e+02
326 6521 7.622414e-01 2.509468e+01  9.925517057534290188e+02  9.956638598930413764e+02  9.965665183710951851e+02  9.972818345867273138e+02
327 6541 7.694720e-01 2.511066e+01  9.925517057534290188e+02  9.960549647930225774e+02  9.967401059839507980e+02  9.971337310327522800e+02
328 6561 7.745647e-01 2.512623e+01  9.925517057534290188e+02  9.957315790376209179e+02  9.966782971175573493e+02  9.971900000000000546e+02
329 6581 7.802060e-01 2.513842e+01  9.925517057534290188e+02  9.952119510223739098e+02  9.966350406079978939e+02  9.969921027736255610e+02
330 6601 7.862542e-01 2.513994e+01  9.925517057534290188e+02  9.949705465798321029e+02  9.966970841855055596e+02  9.973011494829361254e+02
331 6621 7.924097e-01 2.514686e+01  9.925517057534290188e+02  9.952715801594431468e+02  9.967049122638903782e+02  9.970058106815805559e+02
332 6641 7.998121e-01 2.514488e+01  9.925517057534290188e+02  9.956179164418751952e+02  9.963483317756952147e+02  9.969736130135705707e+02
333 6661 8.066909e-01 2.514252e+01  9.925517057534290188e+02  9.953229472657174028e+02  9.965710088510506921e+02  9.970418295153743884e+02
334 6681 8.137745e-01 2.515661e+01  9.925517057534290188e+02  9.959171162421417876e+02  9.968029675907662295e+02  9.972883238632872462e+02
335 6701 8.191070e-01 2.515717e+01  9.925517057534290188e+02  9.950547833605122605e+02  9.965654714829724981e+02  9.973285776321654339e+02
336 6721 8.276575e-01 2.516858e+01  9.925517057534290188e+02  9.956364333582312156e+02  9.968488631210220774e+02  9.971848460367600637e+02
337 6741 8.394049e-01 2.518439e+01  9.925517057534290188e+02  9.956365692484823740e+02  9.966740534808448047e+02  9.972631031295691173e+02
338 6761 8.532364e-01 2.519152e+01  9.925517057534290188e+02  9.959533671865889346e+02  9.964401317418096369e+02  9.973019393836950712e+02
339 6781 8.640348e-01 2.521483e+01  9.925517057534290188e+02  9.961954135922054547e+02  9.966844780859711364e+02  9.972089698893269087e+02
340 6801 8.708107e-01 2.523090e+01  9.925517057534290188e+02  9.957074259897721049e+02  9.968567097681371934e+02  9.970902332631757190e+02
341 6821 8.850449e-01 2.523890e+01  9.925517057534290188e+02  9.950620077516089168e+02  9.966919776204440495e+02  9.971274432641673684e+02
342 6841 8.938713e-01 2.525309e+01  9.925517057534290188e+02  9.960606032609990734e+02  9.967449801558243507e+02  9.973371113444237608e+02
343 6861 8.996939e-01 2.525744e+01  9.925517057534290188e+02  9.951940682068491242e+02  9.965665075203419292e+02  9.970793145267591626e+02
344 6881 9.037616e-01 2.528166e+01  9.925517057534290188e+02  9.956766006446731581e+02  9.966485156561385566e+02  9.971799999999999500e+02
345 6901 9.088924e-01 2.528866e+01  9.925517057534290188e+02  9.958218915240296383e+02  9.964745634430997825e+02  9.974724198273047477e+02
346 6921 9.162015e-01 2.529825e+01  9.925517057534290188e+02  9.947549007792647444e+02  9.965003673169485410e+02  9.970423274472937010e+02
347 6941 9.219608e-01 2.530102e+01  9.925517057534290188e+02  9.955499999999999545e+02  9.966733467088956786e+02  9.970874087283798417e+02
348 6961 9.265210e-01 2.531464e+01  9.925517057534290188e+02  9.952484104328320882e+02  9.966090073538739489e+02  9.975253576330654823e+02
349 6981 9.292766e-01 2.531358e+01  9.925517057534290188e+02  9.959115319876763124e+02  9.968409733787566438e+02  9.974087981033341066e+02
350 7001 9.334505e-01 2.531685e+01  9.925517057534290188e+02  9.963200000000000500e+02  9.969509971231924510e+02  9.972427303020724594e+02
351 7021 9.332351e-01 2.532300e+01  9.925517057534290188e+02  9.949614423685903830e+02  9.967376930844932303e+02  9.971206243193242926e+02
352 7041 9.364558e-01 2.532839e+01  9.925517057534290188e+02  9.954383664943042049e+02  9.966790132214111964e+02  9.974500000000000455e+02
353 7061 9.433416e-01 2.533736e+01  9.925517057534290188e+02  9.958447175693412419e+02  9.967662858983318301e+02  9.971581744968796102e+02
354 7081 9.456425e-01 2.534762e+01  9.925517057534290188e+02  9.957451604572120232e+02  9.967512873500617161e+02  9.973806131732509357e+02
355 7101 9.458845e-01 2.536403e+01  9.925517057534290188e+02  9.957400000000000091e+02  9.966319101183250950e+02  9.974903483404718827e+02
356 7121 9.413177e-01 2.537660e+01  9.925517057534290188e+02  9.960808002129583656e+02  9.968237826158019743e+02  9.973372209054026598e+02
357 7141 9.378044e-01 2.539203e+01  9.925517057534290188e+02  9.956154236718261927e+02  9.967018079658345187e+02  9.971599999999999682e+02
358 7161 9.363500e-01 2.540981e+01  9.925517057534290188e+02  9.960016927871059806e+02  9.965729722451749240e+02  9.971690850838242568e+02
359 7181 9.355569e-01 2.542405e+01  9.925517057534290188e+02  9.959800000000000182e+02  9.967472665115351447e+02  9.974188608648227046e+02
360 7201 9.358747e-01 2.543530e+01  9.925517057534290188e+02  9.954760233135691578e+02  9.967123952478257252e+02  9.974420791027778250e+02
361 7221 9.349791e-01 2.544913e+01  9.925517057534290188e+02  9.954873957570368930e+02  9.967358339661955142e+02  9.974224276131219540e+02
362 7241 9.396198e-01 2.546005e+01  9.925517057534290188e+02  9.956904916783723820e+02  9.968251464009020992e+02  9.973049645122190441e+02
363 7261 9.422141e-01 2.547078e+01  9.925517057534290188e+02  9.962756304666517053e+02  9.967550553978277321e+02  9.973360408728349285e+02
364 7281 9.451852e-01 2.548173e+01  9.925517057534290188e+02  9.956133294478711377e+02  9.968205763633891365e+02  9.974067944412887528e+02
365 7301 9.433228e-01 2.552613e+01  9.925517057534290188e+02  9.952201371969169941e+02  9.967575970116918143e+02  9.973246081905674600e+02
366 7321 9.415206e-01 2.555008e+01  9.925517057534290188e+02  9.952759994237857200e+02  9.967746020480992684e+02  9.973426310887829231e+02
367 7341 9.402603e-01 2.558541e+01  9.925517057534290188e+02  9.956499999999999773e+02  9.967446221674765638e+02  9.974826085918188028e+02
368 7361 9.405352e-01 2.560624e+01  9.925517057534290188e+02  9.959099999999999682e+02  9.965479646128139848e+02  9.976479343463254281e+02
369 7381 9.395789e-01 2.561984e+01  9.925517057534290188e+02  9.951425036091035281e+02  9.966869291138548306e+02  9.972709175472242578e+02
370 7401 9.400951e-01 2.563570e+01  9.925517057534290188e+02  9.951963218692086457e+02  9.966181468609345302e+02  9.977525034721844577e+02
371 7421 9.412636e-01 2.564867e+01  9.925517057534290188e+02  9.959099999999999682e+02  9.968727743055417250e+02  9.971774224070950368e+02
372 7441 9.424241e-01 2.566374e+01  9.925517057534290188e+02  9.950695379900370199e+02  9.969130973652158900e+02  9.977718742823474258e+02
373 7461 9.430501e-01 2.567175e+01  9.925517057534290188e+02  9.962170496448017047e+02  9.968915561674623405e+02  9.977300000000000182e+02
374 7481 9.428196e-01 2.570372e+01  9.925517057534290188e+02  9.953405095616731160e+02  9.968952593273363618e+02  9.977829238698936933e+02
375 7501 9.392692e-01 2.573228e+01  9.925517057534290188e+02  9.963665248211644894e+02  9.969383525782773177e+02  9.976283855716444577e+02
376 7521 9.347374e-01 2.574352e+01  9.925517057534290188e+02  9.962400000000000091e+02  9.966797273345464419e+02  9.971678687729656758e+02
377 7541 9.289830e-01 2.575463e+01  9.925517057534290188e+02  9.957275421909755551e+02  9.967470741237045786e+02  9.970953020733359153e+02
378 7561 9.237507e-01 2.577105e+01  9.925517057534290188e+02  9.962654400758282236e+02  9.969438694461734940e+02  9.973821622633968218e+02
379 7581 9.178147e-01 2.577378e+01  9.925517057534290188e+02  9.959615323193852419e+02  9.968378563648673207e+02  9.972830599801624203e+02
380 7601 9.117658e-01 2.580987e+01  9.925517057534290188e+02  9.953200000000000500e+02  9.966569708339743556e+02  9.971465895579115113e+02
381 7621 9.075770e-01 2.581307e+01  9.925517057534290188e+02  9.954273457573588075e+02  9.966798016966454270e+02  9.971515750309084751e+02
382 7641 9.070853e-01 2.583374e+01  9.925517057534290188e+02  9.953099999999999454e+02  9.967885029498411313e+02  9.976760376401146004e+02
383 7661 9.085475e-01 2.583682e+01  9.925517057534290188e+02  9.945910833780881148e+02  9.966373339735287118e+02  9.971156247547784233e+02
384 7681 9.044736e-01 2.584517e+01  9.925517057534290188e+02  9.959554734999247785e+02  9.965299999999999727e+02  9.971326552173674145e+02
385 7701 8.992484e-01 2.584816e+01  9.925517057534290188e+02  9.960608260090964450e+02  9.967882336080945151e+02  9.973075849092770113e+02
386 7721 8.920377e-01 2.585832e+01  9.925517057534290188e+02  9.955482431926233176e+02  9.965122830063450010e+02  9.971593787271813198e+02
387 7741 8.831374e-01 2.586894e+01  9.925517057534290188e+02  9.954964770065021185e+02  9.967331442748175050e+02  9.971265417139245528e+02
388 7761 8.770731e-01 2.586802e+01  9.925517057534290188e+02  9.958877810262853245e+02  9.967985553069354410e+02  9.972268762030040534e+02
389 7781 8.713935e-01 2.587766e+01  9.925517057534290188e+02  9.952185532884426493e+02  9.966446914220548479e+02  9.972400000000000091e+02
390 7801 8.690677e-01 2.589894e+01  9.925517057534290188e+02  9.959249153315493004e+02  9.966359338472606169e+02  9.973028067748836065e+02
391 7821 8.670794e-01 2.590165e+01  9.925517057534290188e+02  9.956042457936847541e+02  9.965558135124310866e+02  9.970199999999999818e+02
392 7841 8.638854e-01 2.590697e+01  9.925517057534290188e+02  9.960810245855948324e+02  9.966943653673049539e+02  9.972164587069349864e+02
393 7861 8.619518e-01 2.591586e+01  9.925517057534290188e+02  9.959308878007915382e+02  9.967126127117636543e+02  9.971000000000000227e+02
394 7881 8.597580e-01 2.591993e+01  9.925517057534290188e+02  9.957033118805799177e+02  9.967014278479343830e+02  9.970937926125136528e+02
395 7901 8.577605e-01 2.592569e+01  9.925517057534290188e+02  9.954388625542909494e+02  9.965362789369271468e+02  9.969949753327089184e+02
396 7921 8.540283e-01 2.594390e+01  9.925517057534290188e+02  9.957500869328201816e+02  9.965634158908241034e+02  9.971867658483428158e+02
397 7941 8.476340e-01 2.595454e+01  9.925517057534290188e+02  9.958300000000000409e+02  9.966352629975198170e+02  9.973331501253185252e+02
398 7961 8.416052e-01 2.596027e+01  9.925517057534290188e+02  9.952037854422101191e+02  9.966451570459462346e+02  9.970376317381990248e+02
399 7981 8.338116e-01 2.598658e+01  9.925517057534290188e+02  9.958517215053539076e+02  9.965900269385183492e+02  9.970354943245262120e+02
400 8001 8.245534e-01 2.598301e+01  9.925517057534290188e+02  9.954094686681772828e+02  9.966877305871407771e+02  9.972290215825886435e+02
401 8021 8.164749e-01 2.598823e+01  9.925517057534290188e+02  9.962434171693885219e+02  9.967484004769843295e+02  9.971461037746923921e+02
402 8041 8.078967e-01 2.599362e+01  9.925517057534290188e+02  9.956430533745375442e+02  9.966682737190924399e+02  9.970216702940183495e+02
403 8061 7.989447e-01 2.599929e+01  9.925517057534290188e+02  9.950168925120798349e+02  9.966337760468638862e+02  9.972366205478572283e+02
404 8081 7.914275e-01 2.600763e+01  9.925517057534290188e+02  9.954954310330246017e+02  9.966294836327531357e+02  9.973490905639273478e+02
405 8101 7.856775e-01 2.601474e+01  9.925517057534290188e+02  9.949129334465869761e+02  9.965510442696430573e+02  9.972628256928367136e+02
406 8121 7.803606e-01 2.601988e+01  9.925517057534290188e+02  9.952494881925495065e+02  9.966405757515245796e+02  9.969972834339918109e+02
407 8141 7.740404e-01 2.602607e+01  9.925517057534290188e+02  9.958811072716824810e+02  9.965658030085584187e+02  9.973917438805854090e+02
408 8161 7.705455e-01 2.603584e+01  9.925517057534290188e+02  9.951238236916374262e+02  9.967930599878308158e+02  9.976658054054132663e+02
409 8181 7.690360e-01 2.604066e+01  9.925517057534290188e+02  9.959309987117461560e+02  9.968459919617869218e+02  9.972043920089774929e+02
410 8201 7.684841e-01 2.606135e+01  9.925517057534290188e+02  9.948250093301994639e+02  9.966747694095530505e+02  9.971640486127032545e+02
411 8221 7.666234e-01 2.608168e+01  9.925517057534290188e+02  9.948021686226599059e+02  9.966476570543384241e+02  9.971641470749171958e+02
412 8241 7.632595e-01 2.609455e+01  9.925517057534290188e+02  9.960514206022886583e+02  9.966316489880657628e+02  9.971399999999999864e+02
413 8261 7.584039e-01 2.611222e+01  9.925517057534290188e+02  9.952397882411721639e+02  9.963559931723958698e+02  9.970881623995468317e+02
414 8281 7.545608e-01 2.611359e+01  9.925517057534290188e+02  9.957425674603478001e+02  9.966186220015540584e+02  9.969900000000000091e+02
415 8301 7.501325e-01 2.612226e+01  9.925517057534290188e+02  9.964035245155828306e+02  9.967387705449270925e+02  9.971416452942398791e+02
416 8321 7.442935e-01 2.612427e+01  9.925517057534290188e+02  9.956053836736980429e+02  9.965804411180677107e+02  9.969352792622961488e+02
417 8341 7.425846e-01 2.613227e+01  9.925517057534290188e+02  9.956536236668023321e+02  9.967033090808288307e+02  9.969737131842510962e+02
418 8361 7.406742e-01 2.613869e+01  9.925517057534290188e+02  9.951883547822059199e+02  9.966934326273108127e+02  9.971520303841151645e+02
419 8381 7.406447e-01 2.614187e+01  9.925517057534290188e+02  9.952746186910752613e+02  9.964700115209622027e+02  9.971719111808376965e+02
420 8401 7.390131e-01 2.614448e+01  9.925517057534290188e+02  9.957856265175723820e+02  9.965705267341289755e+02  9.970952215656824364e+02
421 8421 7.403977e-01 2.613968e+01  9.925517057534290188e+02  9.958223782655707055e+02  9.968318130420550460e+02  9.971354523215748031e+02
422 8441 7.395795e-01 2.614688e+01  9.925517057534290188e+02  9.955065974120803958e+02  9.963830833381526872e+02  9.973452468008521237e+02
423 8461 7.347909e-01 2.615757e+01  9.925517057534290188e+02  9.958050988244973496e+02  9.966439008275985998e+02  9.971599999999999682e+02
424 8481 7.312786e-01 2.615963e+01  9.925517057534290188e+02  9.950682555266903364e+02  9.966686550417298349e+02  9.971848585969859187e+02
425 8501 7.275877e-01 2.618248e+01  9.925517057534290188e+02  9.956631579104412140e+02  9.964886218935480429e+02  9.971753958066254881e+02
426 8521 7.279646e-01 2.619381e+01  9.925517057534290188e+02  9.950213900430055673e+02  9.965493983762611379e+02  9.969581354327514191e+02
427 8541 7.293181e-01 2.620525e+01  9.925517057534290188e+02  9.953999999999999773e+02  9.964150295878577026e+02  9.971058394399855160e+02
428 8561 7.306840e-01 2.622477e+01  9.925517057534290188e+02  9.955545257716928518e+02  9.966072330283147949e+02  9.971849349231760016e+02
429 8581 7.310491e-01 2.623231e+01  9.925517057534290188e+02  9.951599999999999682e+02  9.963511575773776485e+02  9.968945243618808263e+02
430 8601 7.300771e-01 2.623571e+01  9.925517057534290188e+02  9.955833311423353962e+02  9.964848961416601014e+02  9.968258114571937085e+02
431 8621 7.292183e-01 2.623910e+01  9.925517057534290188e+02  9.947513699363762498e+02  9.965244832148325713e+02  9.968306740215635955e+02
432 8641 7.312847e-01 2.625233e+01  9.925517057534290188e+02  9.940254675567366576e+02  9.965204870318085568e+02  9.969900000000000091e+02
433 8661 7.365252e-01 2.627405e+01  9.925517057534290188e+02  9.954063369347153412e+02  9.964854980441871248e+02  9.969428579003431423e+02
434 8681 7.400187e-01 2.629092e+01  9.925517057534290188e+02  9.959900000000000091e+02  9.965356678852142522e+02  9.969122611626572734e+02
435 8701 7.406166e-01 2.629266e+01  9.925517057534290188e+02  9.962611010800327449e+02  9.966019788833320945e+02  9.971777507559309015e+02
436 8721 7.391188e-01 2.631380e+01  9.925517057534290188e+02  9.954170332761216287e+02  9.962712453067880460e+02  9.968260959556735088e+02
437 8741 7.353484e-01 2.631531e+01  9.925517057534290188e+02  9.960123948123940636e+02  9.965004231737724467e+02  9.971111124511658090e+02
438 8761 7.321849e-01 2.633091e+01  9.925517057534290188e+02  9.958981120649424383e+02  9.966431124882922177e+02  9.970984484723917376e+02
439 8781 7.303712e-01 2.634442e+01  9.925517057534290188e+02  9.958400000000000318e+02  9.964550307168356085e+02  9.967146452770243741e+02
440 8801 7.267079e-01 2.634344e+01  9.925517057534290188e+02  9.959373191184614598e+02  9.967101369996762514e+02  9.970721578120623008e+02
441 8821 7.283684e-01 2.634620e+01  9.925517057534290188e+02  9.940713612917807041e+02  9.966755053057895566e+02  9.970437337001139895e+02
442 8841 7.306776e-01 2.634999e+01  9.925517057534290188e+02  9.959201584323442376e+02  9.966249451028887734e+02  9.970786067755029762e+02
443 8861 7.314824e-01 2.636411e+01  9.925517057534290188e+02  9.962017049385639211e+02  9.965153824963786064e+02  9.970667706982952723e+02
444 8881 7.344270e-01 2.637694e+01  9.925517057534290188e+02  9.939199999999999591e+02  9.966636330863580042e+02  9.970025834424261575e+02
445 8901 7.383907e-01 2.638119e+01  9.925517057534290188e+02  9.961785101976649912e+02  9.966248145430051864e+02  9.971180422044901661e+02
446 8921 7.386227e-01 2.637560e+01  9.925517057534290188e+02  9.955592782153647704e+02  9.965545076313889012e+02  9.969847231265210894e+02
447 8941 7.366008e-01 2.637672e+01  9.925517057534290188e+02  9.952899999999999636e+02  9.965486374225654345e+02  9.971306424882363899e+02
448 8961 7.346502e-01 2.637843e+01  9.925517057534290188e+02  9.950483928163694145e+02  9.964323691444819815e+02  9.968272802776010622e+02
449 8981 7.298036e-01 2.637792e+01  9.925517057534290188e+02  9.954425295730296739e+02  9.966076019718520911e+02  9.970735966259861698e+02
450 9001 7.222587e-01 2.639771e+01  9.925517057534290188e+02  9.955463996432106342e+02  9.963808085402035886e+02  9.972125579414358754e+02
451 9021 7.149422e-01 2.641530e+01  9.925517057534290188e+02  9.949884882311857837e+02  9.965809526507047167e+02  9.969600000000000364e+02
452 9041 7.081435e-01 2.641405e+01  9.925517057534290188e+02  9.951956515294983774e+02  9.966657004234070882e+02  9.969673234647879099e+02
453 9061 7.021013e-01 2.641417e+01  9.925517057534290188e+02  9.950710651791144983e+02  9.960937177374463545e+02  9.971747005760217917e+02
454 9081 6.972329e-01 2.640660e+01  9.925517057534290188e+02  9.952187835733204793e+02  9.964193731655693682e+02  9.969356876438228028e+02
455 9101 6.941798e-01 2.641802e+01  9.925517057534290188e+02  9.952819141362496111e+02  9.965214686076672024e+02  9.970835354662555119e+02
456 9121 6.897593e-01 2.642670e+01  9.925517057534290188e+02  9.949021568518761569e+02  9.965517314716423698e+02  9.976221171525344289e+02
457 9141 6.886152e-01 2.642127e+01  9.925517057534290188e+02  9.949826998537367899e+02  9.964142417319947072e+02  9.968409058094830471e+02
458 9161 6.838428e-01 2.643697e+01  9.925517057534290188e+02  9.952102197712916904e+02  9.966010885230855365e+02  9.969389212791255659e+02
459 9181 6.790531e-01 2.645558e+01  9.925517057534290188e+02  9.957932198972466722e+02  9.966721019308606628e+02  9.971000000000000227e+02
460 9201 6.754829e-01 2.645311e+01  9.925517057534290188e+02  9.957400000000000091e+02  9.965156745816286730e+02  9.970566602836460106e+02
461 9221 6.698743e-01 2.644801e+01  9.925517057534290188e+02  9.958178869186209567e+02  9.965223961272013184e+02  9.974949570435209125e+02
462 9241 6.649573e-01 2.645311e+01  9.925517057534290188e+02  9.954500000000000455e+02  9.965653467723859649e+02  9.971299999999999955e+02
463 9261 6.611880e-01 2.645320e+01  9.925517057534290188e+02  9.954700000000000273e+02  9.967575793191379034e+02  9.976285089462820679e+02
464 9281 6.573786e-01 2.646164e+01  9.925517057534290188e+02  9.954949609506325032e+02  9.964655895480245817e+02  9.968731410042755670e+02
465 9301 6.538267e-01 2.647326e+01  9.925517057534290188e+02  9.955149032322402718e+02  9.963537374705360889e+02  9.969372707734141841e+02
466 9321 6.507868e-01 2.649175e+01  9.925517057534290188e+02  9.956764801202498347e+02  9.965559856949122377e+02  9.971243223747729871e+02
467 9341 6.461060e-01 2.649645e+01  9.925517057534290188e+02  9.955724916729220695e+02  9.962676508963219248e+02  9.969519811273108871e+02
468 9361 6.438896e-01 2.651250e+01  9.925517057534290188e+02  9.953500000000000227e+02  9.965030301772105759e+02  9.971420967044283543e+02
469 9381 6.433485e-01 2.651896e+01  9.925517057534290188e+02  9.956039856994685806e+02  9.965996081672703895e+02  9.969700000000000273e+02
470 9401 6.405008e-01 2.653539e+01  9.925517057534290188e+02  9.950037124112570837e+02  9.964922146110618542e+02  9.970299999999999727e+02
471 9421 6.383552e-01 2.654104e+01  9.925517057534290188e+02  9.955101127304076272e+02  9.966769557766319849e+02  9.972087119644493214e+02
472 9441 6.361089e-01 2.655042e+01  9.925517057534290188e+02  9.960422385139144126e+02  9.965292124167131078e+02  9.969922019239429574e+02
473 9461 6.334627e-01 2.655983e+01  9.925517057534290188e+02  9.954373913447662972e+02  9.965205330777498602e+02  9.969099999999999682e+02
474 9481 6.301058e-01 2.657198e+01  9.925517057534290188e+02  9.952858947126142084e+02  9.965014505536589695e+02  9.970277660091521739e+02
475 9501 6.302382e-01 2.658587e+01  9.925517057534290188e+02  9.955254473785164464e+02  9.964929511677432856e+02  9.970196091859381795e+02
476 9521 6.306701e-01 2.659728e+01  9.925517057534290188e+02  9.948841207047082662e+02  9.965091380095068416e+02  9.969600000000000364e+02
477 9541 6.292656e-01 2.660842e+01  9.925517057534290188e+02  9.949803588794161442e+02  9.965392442649028908e+02  9.969518401988551659e+02
478 9561 6.321566e-01 2.662755e+01  9.925517057534290188e+02  9.951704859836634114e+02  9.964548836543749530e+02  9.968321195930137719e+02
479 9581 6.306640e-01 2.663254e+01  9.925517057534290188e+02  9.950129687630598028e+02  9.964842465674232699e+02  9.969673983483008897e+02
480 9601 6.337505e-01 2.664130e+01  9.925517057534290188e+02  9.957416661928764370e+02  9.965800950654772805e+02  9.970862321461299871e+02
481 9621 6.367201e-01 2.664950e+01  9.925517057534290188e+02  9.955590252975059684e+02  9.963000528274926637e+02  9.969028340281840883e+02
482 9641 6.410650e-01 2.665325e+01  9.925517057534290188e+02  9.946200000000000045e+02  9.965750087577529257e+02  9.969900000000000091e+02
483 9661 6.437294e-01 2.665778e+01  9.925517057534290188e+02  9.952279813914059332e+02  9.965052895147788377e+02  9.969211197105443034e+02
484 9681 6.477006e-01 2.665984e+01  9.925517057534290188e+02  9.954756985638069864e+02  9.964356867635294748e+02  9.971496382791917767e+02
485 9701 6.529558e-01 2.667606e+01  9.925517057534290188e+02  9.956051552733614471e+02  9.964169902330287414e+02  9.970700000000000500e+02
486 9721 6.599702e-01 2.668463e+01  9.925517057534290188e+02  9.950641102727068983e+02  9.965143101818118794e+02  9.969900000000000091e+02
487 9741 6.643011e-01 2.669667e+01  9.925517057534290188e+02  9.956000000000000227e+02  9.966979887206314288e+02  9.970748515535846082e+02
488 9761 6.684831e-01 2.669979e+01  9.925517057534290188e+02  9.957200000000000273e+02  9.965367987928527782e+02  9.972088016105450379e+02
489 9781 6.709547e-01 2.670218e+01  9.925517057534290188e+02  9.945492889639175473e+02  9.965934170981810212e+02  9.970378401037706908e+02
490 9801 6.713082e-01 2.670968e+01  9.925517057534290188e+02  9.953335208143007549e+02  9.965522102971890490e+02  9.968999999999999773e+02
491 9821 6.720190e-01 2.673006e+01  9.925517057534290188e+02  9.952738268648048461e+02  9.964961953184729282e+02  9.969059418915471724e+02
492 9841 6.722887e-01 2.675707e+01  9.925517057534290188e+02  9.949154351602645647e+02  9.966027494985598878e+02  9.969299999999999500e+02
493 9861 6.740480e-01 2.677528e+01  9.925517057534290188e+02  9.944137036194888424e+02  9.964394883194847807e+02  9.968400000000000318e+02
494 9881 6.722347e-01 2.679170e+01  9.925517057534290188e+02  9.949845179392773389e+02  9.963784541641654187e+02  9.969389547352035379e+02
495 9901 6.713775e-01 2.680976e+01  9.925517057534290188e+02  9.956164141547646977e+02  9.964449270714574141e+02  9.971618646990515344e+02
496 9921 6.733349e-01 2.685492e+01  9.925517057534290188e+02  9.957878515877829386e+02  9.965086651156730113e+02  9.968209412013159181e+02
497 9941 6.769502e-01 2.686552e+01  9.925517057534290188e+02  9.951101152094350937e+02  9.964741293283505001e+02  9.972123253344509521e+02
498 9961 6.825888e-01 2.688606e+01  9.925517057534290188e+02  9.947013384495422770e+02  9.964962529918448126e+02  9.972472143509517082e+02
499 9981 6.861884e-01 2.689548e+01  9.925517057534290188e+02  9.949228395464425603e+02  9.965054762821372378e+02  9.969299999999999500e+02
500 10001 6.887315e-01 2.690719e+01  9.925517057534290188e+02  9.960082038962171964e+02  9.965950000000000273e+02  9.970178035147525861e+02
501 10021 6.893274e-01 2.690424e+01  9.925517057534290188e+02  9.958185428360151263e+02  9.964860906089500077e+02  9.970370642910545484e+02
502 10041 6.904118e-01 2.691752e+01  9.925517057534290188e+02  9.948546807327516035e+02  9.964849820987863041e+02  9.969397890992134990e+02
503 10061 6.910605e-01 2.692420e+01  9.925517057534290188e+02  9.960045218163074878e+02  9.967065745061124744e+02  9.968972191063843411e+02
504 10081 6.923247e-01 2.693227e+01  9.925517057534290188e+02  9.954452401453545463e+02  9.965222283367372711e+02  9.968200000000000500e+02
505 10101 6.924552e-01 2.695221e+01  9.925517057534290188e+02  9.958566812827012882e+02  9.967032258355510521e+02  9.969609492891390801e+02
506 10121 6.957921e-01 2.696929e+01  9.925517057534290188e+02  9.953320245623627898e+02  9.966743299115793207e+02  9.969064174896999475e+02
507 10141 6.941486e-01 2.699680e+01  9.925517057534290188e+02  9.951378645781317118e+02  9.966552578070534310e+02  9.970437153512195891e+02
508 10161 6.958901e-01 2.704630e+01  9.925517057534290188e+02  9.956599999999999682e+02  9.965266985258122077e+02  9.968788345621998133e+02
509 10181 6.949578e-01 2.707878e+01  9.925517057534290188e+02  9.956458636924801340e+02  9.965639096631381335e+02  9.973853717732125688e+02
510 10201 6.932834e-01 2.712598e+01  9.925517057534290188e+02  9.958899999999999864e+02  9.964990937688822896e+02  9.969845761804918993e+02
511 10221 6.904422e-01 2.714806e+01  9.925517057534290188e+02  9.957217040383820859e+02  9.966681146501878175e+02  9.971584835804269460e+02
512 10241 6.881925e-01 2.717427e+01  9.925517057534290188e+02  9.955432084087789235e+02  9.965174398365179513e+02  9.970214727397083152e+02
513 10261 6.892890e-01 2.719274e+01  9.925517057534290188e+02  9.950438139825580492e+02  9.964035433811388884e+02  9.969376592725759565e+02
514 10281 6.896254e-01 2.721150e+01  9.925517057534290188e+02  9.952525220393624750e+02  9.966392026513753990e+02  9.970284124700899611e+02
515 10301 6.897297e-01 2.723812e+01  9.925517057534290188e+02  9.957195160581878781e+02  9.966981676890300150e+02  9.970277750206585097e+02
516 10321 6.867451e-01 2.726180e+01  9.925517057534290188e+02  9.958813742045275603e+02  9.966574142928564015e+02  9.971053462526189151e+02
517 10341 6.813849e-01 2.728887e+01  9.925517057534290188e+02  9.956799999999999500e+02  9.964804690987077720e+02  9.969259637410223149e+02
518 10361 6.756194e-01 2.729523e+01  9.925517057534290188e+02  9.952845492478787719e+02  9.965802158682281515e+02  9.969777049944873397e+02
519 10381 6.687595e-01 2.731066e+01  9.925517057534290188e+02  9.949235200361564466e+02  9.965729051477190978e+02  9.969012617596915788e+02
520 10401 6.688085e-01 2.731191e+01  9.925517057534290188e+02  9.958379437768755906e+02  9.966506599564976341e+02  9.970599999999999454e+02
521 10421 6.678390e-01 2.732033e+01  9.925517057534290188e+02  9.953311244180337098e+02  9.963195997444076966e+02  9.968359182896925859e+02
522 10441 6.682750e-01 2.733246e+01  9.925517057534290188e+02  9.955877443014619530e+02  9.965500538065148248e+02  9.970473545387040986e+02
523 10461 6.667846e-01 2.735088e+01  9.925517057534290188e+02  9.959424866010882624e+02  9.965470971243712484e+02  9.971477940313868658e+02
524 10481 6.674371e-01 2.736411e+01  9.925517057534290188e+02  9.959332682032438697e+02  9.964254184167400581e+02  9.967837307962732893e+02
525 10501 6.706843e-01 2.739283e+01  9.925517057534290188e+02  9.953690682105831229e+02  9.965595691924539778e+02  9.971920308380113056e+02
526 10521 6.731365e-01 2.741679e+01  9.925517057534290188e+02  9.957994917609803451e+02  9.966470104279476345e+02  9.969504250617086427e+02
527 10541 6.758332e-01 2.742688e+01  9.925517057534290188e+02  9.949872327765742739e+02  9.965263120319268637e+02  9.970738034510128500e+02
528 10561 6.771853e-01 2.743106e+01  9.925517057534290188e+02  9.950152154839844343e+02  9.965810880487229042e+02  9.969683388201116259e+02
529 10581 6.791763e-01 2.744707e+01  9.925517057534290188e+02  9.945508576390790267e+02  9.965187200556313201e+02  9.971282518637705152e+02
530 10601 6.805459e-01 2.746213e+01  9.925517057534290188e+02  9.958925909720552454e+02  9.964606270107228738e+02  9.968263731502244127e+02
531 10621 6.808705e-01 2.746426e+01  9.925517057534290188e+02  9.943672278911847116e+02  9.965862575117735105e+02  9.969900000000000091e+02
532 10641 6.821580e-01 2.747255e+01  9.925517057534290188e+02  9.958792548874457680e+02  9.967037978924565778e+02  9.970562506310370736e+02
533 10661 6.825915e-01 2.746195e+01  9.925517057534290188e+02  9.957455225031833379e+02  9.966416767765333589e+02  9.970520295492028708e+02
534 10681 6.836981e-01 2.745592e+01  9.925517057534290188e+02  9.953236028911911717e+02  9.966121914630145966e+02  9.969477435015387528e+02
535 10701 6.854793e-01 2.746047e+01  9.925517057534290188e+02  9.953588611643342574e+02  9.964844398401435228e+02  9.968113361638909282e+02
536 10721 6.838176e-01 2.746800e+01  9.925517057534290188e+02  9.960061168987607516e+02  9.965710526063160160e+02  9.971119115472288286e+02
537 10741 6.825164e-01 2.748115e+01  9.925517057534290188e+02  9.952533435738301932e+02  9.965959823213953541e+02  9.970745448450653612e+02
538 10761 6.796729e-01 2.748688e+01  9.925517057534290188e+02  9.958668542430865500e+02  9.964808936444467236e+02  9.969634816993868753e+02
539 10781 6.760520e-01 2.750040e+01  9.925517057534290188e+02  9.961027335600405195e+02  9.966454104711096988e+02  9.969337091852003141e+02
540 10801 6.701109e-01 2.751354e+01  9.925517057534290188e+02  9.952041423938630942e+02  9.965733284385387378e+02  9.969594733730730240e+02
541 10821 6.644947e-01 2.753290e+01  9.925517057534290188e+02  9.957212322867135299e+02  9.965066785673268441e+02  9.970047279181536624e+02
542 10841 6.596349e-01 2.754867e+01  9.925517057534290188e+02  9.953560832226137336e+02  9.965649170128976948e+02  9.969958344622646109e+02
543 10861 6.566329e-01 2.755329e+01  9.925517057534290188e+02  9.955715301984115513e+02  9.964424456087367616e+02  9.970063421579704936e+02
544 10881 6.532882e-01 2.756898e+01  9.925517057534290188e+02  9.956007580841832123e+02  9.965935123361427941e+02  9.971000000000000227e+02
545 10901 6.506226e-01 2.757731e+01  9.925517057534290188e+02  9.960276439190895417e+02  9.965848865198781823e+02  9.970713538146497967e+02
546 10921 6.478650e-01 2.758580e+01  9.925517057534290188e+02  9.959150724911285124e+02  9.965181886084180860e+02  9.971278391947460022e+02
547 10941 6.479361e-01 2.759812e+01  9.925517057534290188e+02  9.948677073395656407e+02  9.963956946497925173e+02  9.968605534330920364e+02
548 10961 6.460390e-01 2.761509e+01  9.925517057534290188e+02  9.957926637044625977e+02  9.964868503137422522e+02  9.971727571913706925e+02
549 10981 6.467392e-01 2.763003e+01  9.925517057534290188e+02  9.949150956529955465e+02  9.962225195946427903e+02  9.968123233074904874e+02
550 11001 6.453234e-01 2.763555e+01  9.925517057534290188e+02  9.950714262001986299e+02  9.964462491985851784e+02  9.969913121716688238e+02
551 11021 6.456861e-01 2.766371e+01  9.925517057534290188e+02  9.956129459577761054e+02  9.966862252494861423e+02  9.970224239333579135e+02
552 11041 6.439054e-01 2.767404e+01  9.925517057534290188e+02  9.948053623958307981e+02  9.964741913772446651e+02  9.971258718451099412e+02
553 11061 6.404302e-01 2.769816e+01  9.925517057534290188e+02  9.945644567810072658e+02  9.963820389043582963e+02  9.967338143190294204e+02
554 11081 6.353055e-01 2.772884e+01  9.925517057534290188e+02  9.951088721752255424e+02  9.965398839402894282e+02  9.968700000000000045e+02
555 11101 6.292765e-01 2.776830e+01  9.925517057534290188e+02  9.953743009026330810e+02  9.967038711523932761e+02  9.971438812199676249e+02
556 11121 6.228032e-01 2.778916e+01  9.925517057534290188e+02  9.950744697624716082e+02  9.965283696205005981e+02  9.968921954997882722e+02
557 11141 6.200282e-01 2.779514e+01  9.925517057534290188e+02  9.951537253108143659e+02  9.963351795164189753e+02  9.969824587189137901e+02
558 11161 6.187921e-01 2.780526e+01  9.925517057534290188e+02  9.946395482132153347e+02  9.963796707843251852e+02  9.967924632350667480e+02
559 11181 6.200130e-01 2.782054e+01  9.925517057534290188e+02  9.953861871847593648e+02  9.963968390711627308e+02  9.970291905980898264e+02
560 11201 6.197377e-01 2.783400e+01  9.925517057534290188e+02  9.954765178843319973e+02  9.964404754899182990e+02  9.969704087366405929e+02
561 11221 6.221742e-01 2.784360e+01  9.925517057534290188e+02  9.960313052796790316e+02  9.966049773552442730e+02  9.969871996226549982e+02
562 11241 6.239649e-01 2.784568e+01  9.925517057534290188e+02  9.952538453810839201e+02  9.965542572028956556e+02  9.970852386915863690e+02
563 11261 6.260136e-01 2.785169e+01  9.925517057534290188e+02  9.957057422975740337e+02  9.965371651880620902e+02  9.969022245336393553e+02
564 11281 6.257869e-01 2.785385e+01  9.925517057534290188e+02  9.955538733267954967e+02  9.964095674743100517e+02  9.970490810646351747e+02
565 11301 6.258286e-01 2.787362e+01  9.925517057534290188e+02  9.956483815221095028e+02  9.965825085389064952e+02  9.970058923883469788e+02
566 11321 6.245468e-01 2.787519e+01  9.925517057534290188e+02  9.953403757774722180e+02  9.962063610442446588e+02  9.968743932118903786e+02
567 11341 6.242141e-01 2.788211e+01  9.925517057534290188e+02  9.951333317935399236e+02  9.964463878464789559e+02  9.969726394898339095e+02
568 11361 6.273770e-01 2.788834e+01  9.925517057534290188e+02  9.953929505902025312e+02  9.965836592248089119e+02  9.969412370607218463e+02
569 11381 6.290904e-01 2.788949e+01  9.925517057534290188e+02  9.951907073400075205e+02  9.965781325624034253e+02  9.970499999999999545e+02
570 11401 6.281368e-01 2.788890e+01  9.925517057534290188e+02  9.954800000000000182e+02  9.965853995531374494e+02  9.969802420527039430e+02
571 11421 6.271830e-01 2.788787e+01  9.925517057534290188e+02  9.957363694625179278e+02  9.965180923267544131e+02  9.970144671849407132e+02
572 11441 6.325370e-01 2.789579e+01  9.925517057534290188e+02  9.956816401659701796e+02  9.966267336467764153e+02  9.969947521725164279e+02
573 11461 6.376962e-01 2.789683e+01  9.925517057534290188e+02  9.949615840997321357e+02  9.963596290694215440e+02  9.970700000000000500e+02
574 11481 6.441182e-01 2.790712e+01  9.925517057534290188e+02  9.946444137629545139e+02  9.964176457107366787e+02  9.970996185975659500e+02
575 11501 6.496841e-01 2.791663e+01  9.925517057534290188e+02  9.948164276883367165e+02  9.965675771701098711e+02  9.969500000000000455e+02
576 11521 6.552052e-01 2.795775e+01  9.925517057534290188e+02  9.960061655089526766e+02  9.965078180963281511e+02  9.968824563868597579e+02
577 11541 6.622350e-01 2.799862e+01  9.925517057534290188e+02  9.956726071178903794e+02  9.965806458880858827e+02  9.970279498578154289e+02
578 11561 6.685085e-01 2.801657e+01  9.925517057534290188e+02  9.955060899939110186e+02  9.964192904468959568e+02  9.969900000000000091e+02
579 11581 6.713070e-01 2.806097e+01  9.925517057534290188e+02  9.954612956663430623e+02  9.966034903100674001e+02  9.969756926504945795e+02
580 11601 6.706723e-01 2.807410e+01  9.925517057534290188e+02  9.956966347179059085e+02  9.964556290598480928e+02  9.968411541965048173e+02
581 11621 6.696757e-01 2.809282e+01  9.925517057534290188e+02  9.953099999999999454e+02  9.965356190238655927e+02  9.971481769650739579e+02
582 11641 6.699547e-01 2.813065e+01  9.925517057534290188e+02  9.956816473795753382e+02  9.964811673502795202e+02  9.968379272577193433e+02
583 11661 6.697316e-01 2.815369e+01  9.925517057534290188e+02  9.955499999999999545e+02  9.965348044385625599e+02  9.969900000000000091e+02
584 11681 6.664406e-01 2.817614e+01  9.925517057534290188e+02  9.958357220417817643e+02  9.965060354060012742e+02  9.968616223420450524e+02
585 11701 6.629814e-01 2.819173e+01  9.925517057534290188e+02  9.957851652986699946e+02  9.963894540481521744e+02  9.969510738859318053e+02
586 11721 6.653274e-01 2.824520e+01  9.925517057534290188e+02  9.956379434837556346e+02  9.964136240524703680e+02  9.969432283921048565e+02
587 11741 6.714561e-01 2.828905e+01  9.925517057534290188e+02  9.953540929476937436e+02  9.964764239192802506e+02  9.969433196264809567e+02
588 11761 6.762841e-01 2.832697e+01  9.925517057534290188e+02  9.954212762806226920e+02  9.965177766608246657e+02  9.971464369289544720e+02
589 11781 6.821416e-01 2.835202e+01  9.925517057534290188e+02  9.958059000019806035e+02  9.964778449269213070e+02  9.970333023448345102e+02
590 11801 6.834254e-01 2.837613e+01  9.925517057534290188e+02  9.954824413577393898e+02  9.966120983211289968e+02  9.970806788285382254e+02
591 11821 6.819026e-01 2.839423e+01  9.925517057534290188e+02  9.955586598734990957e+02  9.964996812467987866e+02  9.969646699151504663e+02
592 11841 6.761396e-01 2.841172e+01  9.925517057534290188e+02  9.956472597155013773e+02  9.964588101662459394e+02  9.982696530066137939e+02
593 11861 6.712865e-01 2.842613e+01  9.925517057534290188e+02  9.954807042623094731e+02  9.965942713086457161e+02  9.967910154585963483e+02
594 11881 6.654157e-01 2.843500e+01  9.925517057534290188e+02  9.954090788023959249e+02  9.965558760042069935e+02  9.969344297673929987e+02
595 11901 6.605770e-01 2.844169e+01  9.925517057534290188e+02  9.956000000000000227e+02  9.961240993206051826e+02  9.968345659410281314e+02
596 11921 6.566412e-01 2.845366e+01  9.925517057534290188e+02  9.952707617224900787e+02  9.964570889035866230e+02  9.968125981320253004e+02
597 11941 6.557929e-01 2.846204e+01  9.925517057534290188e+02  9.954945062129792177e+02  9.965224153468402619e+02  9.969465641047911504e+02
598 11961 6.554686e-01 2.848272e+01  9.925517057534290188e+02  9.956981631129685866e+02  9.963602995214307612e+02  9.969336655221781029e+02
599 11981 6.542699e-01 2.848282e+01  9.925517057534290188e+02  9.955055752268791593e+02  9.963729979451885583e+02  9.970929268488617936e+02
600 12001 6.535044e-01 2.849165e+01  9.925517057534290188e+02  9.952652713827071693e+02  9.962527689042983639e+02  9.969994290033326934e+02
