%  columns="iteration, evaluation, sigma, axis ratio, bestever, best, median, worst fitness function value, further objective values of best" (startseed=210367, 2017/08/2 16:22:38.68)
1 21 1.603254e+00 3.361911e+01  1.744927475186636157e+00  2.149825125852604657e+00  2.686195070845811994e+00  4.544456493121977303e+00
2 41 1.541045e+00 3.362931e+01  1.744927475186636157e+00  2.077115982115918857e+00  2.769749886012724538e+00  4.176797082281765938e+00
3 61 1.491526e+00 3.365642e+01  1.744927475186636157e+00  1.980021972369018668e+00  2.614145061361084821e+00  3.380357108779661335e+00
4 81 1.451339e+00 3.364899e+01  1.744927475186636157e+00  2.217532200994185576e+00  2.794215998690278369e+00  4.687159643494537065e+00
5 101 1.416079e+00 3.365168e+01  1.744927475186636157e+00  2.187519236590534266e+00  2.826051482739794452e+00  4.485202664697512276e+00
6 121 1.382448e+00 3.367724e+01  1.744927475186636157e+00  2.322102845031911222e+00  2.655362527639263170e+00  3.203168878507335560e+00
7 141 1.350948e+00 3.367451e+01  1.744927475186636157e+00  2.136917206544723058e+00  2.482063792367440680e+00  3.362236224952892982e+00
8 161 1.325275e+00 3.366791e+01  1.744927475186636157e+00  2.056591077304857684e+00  2.504416789477089011e+00  4.053595622792041553e+00
9 181 1.304455e+00 3.366314e+01  1.744927475186636157e+00  2.007278010434488280e+00  2.458755590215859321e+00  3.621727452149222426e+00
10 201 1.285006e+00 3.366394e+01  1.744927475186636157e+00  2.098809549607725256e+00  2.437610715397505512e+00  3.109425604892551487e+00
11 221 1.267962e+00 3.367524e+01  1.744927475186636157e+00  2.011375678751923246e+00  2.422359570687666164e+00  3.375296442726427149e+00
12 241 1.252180e+00 3.367373e+01  1.744927475186636157e+00  1.898081891082983752e+00  2.453240351153911369e+00  3.168472164486083820e+00
13 261 1.239154e+00 3.366657e+01  1.744927475186636157e+00  2.195272057695623502e+00  2.402220308685465877e+00  2.802616930504945536e+00
14 281 1.227049e+00 3.366412e+01  1.744927475186636157e+00  2.107234002906763326e+00  2.492421899389866802e+00  3.445400131294303669e+00
15 301 1.214288e+00 3.366049e+01  1.744927475186636157e+00  1.988194155052414036e+00  2.394633499949592625e+00  2.771956465691265414e+00
16 321 1.201901e+00 3.365210e+01  1.744927475186636157e+00  1.990639891527113736e+00  2.334835641072282808e+00  3.468934675648503774e+00
17 341 1.188754e+00 3.367236e+01  1.744927475186636157e+00  1.990874616737575709e+00  2.382271799572452053e+00  2.666100683316513287e+00
18 361 1.181379e+00 3.366956e+01  1.744927475186636157e+00  1.986500034111940316e+00  2.419993086830154017e+00  3.001984611435241312e+00
19 381 1.180980e+00 3.367598e+01  1.744927475186636157e+00  2.139912993610177949e+00  2.350531054144308740e+00  3.152340936041924557e+00
20 401 1.180139e+00 3.367936e+01  1.744927475186636157e+00  1.987629124730344587e+00  2.312217829445251560e+00  3.009509233978168830e+00
21 421 1.180754e+00 3.366753e+01  1.744927475186636157e+00  2.148079963690228134e+00  2.426651912065658667e+00  4.153495987614255647e+00
22 441 1.179549e+00 3.367360e+01  1.744927475186636157e+00  1.990190182062033575e+00  2.444798409719372678e+00  2.964610787066432884e+00
23 461 1.174514e+00 3.368526e+01  1.744927475186636157e+00  2.153560752017620761e+00  2.544774707812283765e+00  3.090305975054183030e+00
24 481 1.170215e+00 3.369556e+01  1.744927475186636157e+00  2.094115882345390034e+00  2.425903448272723750e+00  2.930889471521290979e+00
25 501 1.166895e+00 3.369014e+01  1.744927475186636157e+00  2.123604637751141055e+00  2.367963457984006759e+00  3.602875115179113408e+00
26 521 1.156174e+00 3.366802e+01  1.744927475186636157e+00  2.073146521183310664e+00  2.476716623844921195e+00  3.679810877787497159e+00
27 541 1.144744e+00 3.367033e+01  1.744927475186636157e+00  1.967278068148500925e+00  2.379783478240150352e+00  2.910775940224254565e+00
28 561 1.129723e+00 3.366911e+01  1.744927475186636157e+00  2.028294770885683107e+00  2.391299023621023867e+00  2.887448959914732605e+00
29 581 1.117645e+00 3.365229e+01  1.744927475186636157e+00  2.040048035019872419e+00  2.382364370907130713e+00  2.958906789967025830e+00
30 601 1.105534e+00 3.362856e+01  1.744927475186636157e+00  2.086823435927180004e+00  2.282384857618757312e+00  3.343589313453504186e+00
31 621 1.091747e+00 3.363583e+01  1.744927475186636157e+00  1.996633150778839960e+00  2.383694974089390239e+00  2.859450082061667064e+00
32 641 1.078513e+00 3.363755e+01  1.744927475186636157e+00  1.983630281472239520e+00  2.183891716367420521e+00  2.699020988331255477e+00
33 661 1.066165e+00 3.365559e+01  1.744927475186636157e+00  2.023915035876425073e+00  2.333244875729278078e+00  4.975279293337321995e+00
34 681 1.053122e+00 3.365546e+01  1.744927475186636157e+00  1.995956099278439311e+00  2.470577029702131000e+00  3.392487426450386589e+00
35 701 1.035411e+00 3.366324e+01  1.744927475186636157e+00  1.981532841334877615e+00  2.242127607806517542e+00  2.771875553988439655e+00
36 721 1.018112e+00 3.362922e+01  1.744927475186636157e+00  2.040970316174079091e+00  2.380137159948854553e+00  5.566092729524744875e+00
37 741 1.002860e+00 3.361521e+01  1.744927475186636157e+00  2.051588095502934639e+00  2.304218638950120912e+00  2.926591661027644342e+00
38 761 9.864882e-01 3.361039e+01  1.744927475186636157e+00  2.023615620336190357e+00  2.337589086837553065e+00  2.959259767310267186e+00
39 781 9.737450e-01 3.361689e+01  1.744927475186636157e+00  2.117516956808299433e+00  2.363436616738444851e+00  2.962882181653993197e+00
40 801 9.570394e-01 3.361058e+01  1.744927475186636157e+00  2.006664558012367205e+00  2.238006731904673252e+00  3.342213865973060916e+00
41 821 9.420614e-01 3.359954e+01  1.744927475186636157e+00  2.012601166075519643e+00  2.264848737839299186e+00  3.584802532987564128e+00
42 841 9.290585e-01 3.360029e+01  1.744927475186636157e+00  2.003041619865578937e+00  2.280545341151455574e+00  2.632611765779313995e+00
43 861 9.176939e-01 3.361239e+01  1.744927475186636157e+00  1.933611307195903795e+00  2.185118945029398851e+00  2.627165940199633454e+00
44 881 9.063039e-01 3.359261e+01  1.744927475186636157e+00  1.968855694485258878e+00  2.204117714692328089e+00  2.788307971077810699e+00
45 901 8.966123e-01 3.358682e+01  1.744927475186636157e+00  1.988906968210182535e+00  2.289931653079034568e+00  2.569280997767815045e+00
46 921 8.866440e-01 3.358446e+01  1.744927475186636157e+00  1.991687483699838612e+00  2.139509895641491966e+00  2.894248380175142188e+00
47 941 8.726230e-01 3.358090e+01  1.744927475186636157e+00  1.956063467332359807e+00  2.207132389103775516e+00  2.767704566430578605e+00
48 961 8.601663e-01 3.358333e+01  1.744927475186636157e+00  1.949074883218000487e+00  2.148282791637115885e+00  2.491791396202923004e+00
49 981 8.473678e-01 3.360255e+01  1.744927475186636157e+00  1.931469849796986660e+00  2.122690906449562043e+00  2.333396371367939093e+00
50 1001 8.331112e-01 3.359831e+01  1.744927475186636157e+00  1.942482861822991680e+00  2.165689273782504642e+00  2.523199290671338524e+00
51 1021 8.230211e-01 3.361634e+01  1.744927475186636157e+00  1.953315180961189501e+00  2.108889653993912816e+00  2.671853732297286843e+00
52 1041 8.160019e-01 3.361777e+01  1.744927475186636157e+00  1.884788818596358606e+00  2.112723710201429128e+00  2.556538967127817585e+00
53 1061 8.094943e-01 3.363330e+01  1.744927475186636157e+00  1.964891484497842011e+00  2.137452071034744883e+00  2.400313805728397920e+00
54 1081 8.017029e-01 3.364262e+01  1.744927475186636157e+00  1.924517426500822026e+00  2.134391822222115209e+00  2.386356083164842712e+00
55 1101 7.952995e-01 3.364631e+01  1.744927475186636157e+00  1.946335013387941126e+00  2.130546586401294462e+00  2.386653686220211235e+00
56 1121 7.902621e-01 3.364492e+01  1.744927475186636157e+00  2.000609747093814228e+00  2.142173046015347193e+00  2.383732399506569788e+00
57 1141 7.831802e-01 3.366331e+01  1.744927475186636157e+00  2.015085182734553282e+00  2.163197301110352910e+00  2.741579629180211253e+00
58 1161 7.741537e-01 3.370546e+01  1.744927475186636157e+00  1.970078866308206500e+00  2.126117373684571099e+00  2.276889717126540980e+00
59 1181 7.639986e-01 3.370809e+01  1.744927475186636157e+00  1.888419794097033089e+00  2.118076662199578575e+00  2.544802284960543837e+00
60 1201 7.527905e-01 3.372673e+01  1.744927475186636157e+00  1.901557039958638784e+00  2.083717353600442301e+00  7.214435191733089781e+00
61 1221 7.435424e-01 3.372930e+01  1.744927475186636157e+00  1.935846459205818215e+00  2.172233717829152866e+00  2.357042156728842208e+00
62 1241 7.350109e-01 3.373706e+01  1.744927475186636157e+00  1.908607449625795205e+00  2.094328842694449300e+00  2.241524907409612410e+00
63 1261 7.286509e-01 3.373437e+01  1.744927475186636157e+00  1.898156625060433811e+00  2.106839534655379431e+00  2.344732895228792025e+00
64 1281 7.206512e-01 3.374841e+01  1.744927475186636157e+00  1.908624786325603839e+00  2.129512715538624867e+00  2.969071214710711004e+00
65 1301 7.120588e-01 3.374934e+01  1.744927475186636157e+00  1.922865835843779125e+00  2.109636322068465297e+00  3.409422259273300782e+00
66 1321 7.045518e-01 3.375338e+01  1.744927475186636157e+00  1.913997441072559980e+00  2.133356209214889443e+00  2.539661167037000400e+00
67 1341 6.966818e-01 3.374210e+01  1.744927475186636157e+00  1.901793995187017972e+00  2.068361142959358911e+00  2.315818084035985436e+00
68 1361 6.893194e-01 3.372354e+01  1.744927475186636157e+00  1.928486132566224809e+00  2.042067931437124173e+00  2.344196910821193303e+00
69 1381 6.825157e-01 3.371547e+01  1.744927475186636157e+00  1.913754316348673434e+00  2.055753397995841780e+00  2.597378115024263856e+00
70 1401 6.782178e-01 3.370863e+01  1.744927475186636157e+00  1.897919358943782608e+00  2.003147562895335909e+00  2.385254471295051193e+00
71 1421 6.733926e-01 3.372092e+01  1.744927475186636157e+00  1.907436074561116746e+00  2.076760898370576314e+00  2.294705905158961112e+00
72 1441 6.716394e-01 3.372425e+01  1.744927475186636157e+00  1.852415651975851674e+00  2.070743081102366379e+00  7.431732254876824761e+00
73 1461 6.704035e-01 3.373305e+01  1.744927475186636157e+00  1.898203651630819611e+00  2.039120562736474795e+00  2.399641333796453502e+00
74 1481 6.692702e-01 3.375273e+01  1.744927475186636157e+00  1.891443285830296084e+00  2.026827067311876451e+00  2.373756415486324212e+00
75 1501 6.719825e-01 3.376154e+01  1.744927475186636157e+00  1.898530039965099503e+00  2.062126623761201927e+00  2.409117695054181496e+00
76 1521 6.748458e-01 3.375858e+01  1.744927475186636157e+00  1.892623095570419522e+00  2.023777094297007473e+00  2.235712345204772689e+00
77 1541 6.783477e-01 3.375318e+01  1.744927475186636157e+00  1.896402230729978378e+00  2.082704906341725781e+00  2.249129212123281985e+00
78 1561 6.788423e-01 3.377642e+01  1.744927475186636157e+00  1.906274813433007198e+00  2.055183172991608131e+00  2.341153312786192764e+00
79 1581 6.802015e-01 3.378957e+01  1.744927475186636157e+00  1.865297336436872122e+00  2.101672568327563440e+00  2.284070019438664279e+00
80 1601 6.805549e-01 3.378786e+01  1.744927475186636157e+00  1.899722187654800942e+00  2.079642201935055112e+00  2.638364375960846164e+00
81 1621 6.792877e-01 3.379612e+01  1.744927475186636157e+00  1.905775342198235078e+00  2.077721258963156181e+00  2.298304303982309893e+00
82 1641 6.761870e-01 3.381261e+01  1.744927475186636157e+00  1.860927872673561856e+00  2.003323453080191552e+00  2.203876942424678465e+00
83 1661 6.714326e-01 3.381505e+01  1.744927475186636157e+00  1.895798648318506086e+00  2.070304694950061197e+00  2.208799328725743916e+00
84 1681 6.680307e-01 3.381100e+01  1.744927475186636157e+00  1.877109966339245428e+00  2.045130449114886950e+00  2.299925632981234536e+00
85 1701 6.663297e-01 3.381927e+01  1.744927475186636157e+00  1.886142764768955926e+00  2.018098440247687364e+00  2.222155031340060649e+00
86 1721 6.601291e-01 3.381515e+01  1.744927475186636157e+00  1.864147653028149110e+00  2.071442873593355216e+00  2.290255171185717309e+00
87 1741 6.626875e-01 3.381872e+01  1.744927475186636157e+00  1.981727109399268327e+00  2.060025299585463987e+00  2.511963610439195804e+00
88 1761 6.665603e-01 3.380356e+01  1.744927475186636157e+00  1.803644480794679650e+00  1.995476018290781584e+00  2.142695086947790095e+00
89 1781 6.697010e-01 3.381690e+01  1.744927475186636157e+00  1.873250059306170501e+00  1.993536222539315617e+00  2.221246259585162530e+00
90 1801 6.715124e-01 3.384142e+01  1.744927475186636157e+00  1.886798796699581615e+00  2.018872849971301786e+00  2.340657049802354450e+00
91 1821 6.760255e-01 3.386995e+01  1.744927475186636157e+00  1.874773754565610018e+00  2.009084140009527175e+00  2.412021930657874069e+00
92 1841 6.774102e-01 3.388922e+01  1.744927475186636157e+00  1.896757856025262257e+00  1.970130190216612398e+00  2.443392043801065672e+00
93 1861 6.766530e-01 3.390858e+01  1.744927475186636157e+00  1.856215046659800638e+00  2.064590140255673223e+00  2.595461508794965955e+00
94 1881 6.726672e-01 3.392820e+01  1.744927475186636157e+00  1.843281649511094411e+00  2.034758114177718458e+00  2.230543930165553856e+00
95 1901 6.715014e-01 3.394624e+01  1.744927475186636157e+00  1.930528169637768521e+00  2.081353676923467511e+00  2.319950947253247353e+00
96 1921 6.683810e-01 3.398627e+01  1.744927475186636157e+00  1.847065745884116428e+00  1.995770858329239061e+00  2.298091561066789357e+00
97 1941 6.634307e-01 3.404407e+01  1.744927475186636157e+00  1.892239937084654766e+00  2.079233044420127463e+00  2.437549302769055792e+00
98 1961 6.591950e-01 3.408912e+01  1.744927475186636157e+00  1.893010197721763266e+00  2.035074182721064773e+00  2.527870490270051729e+00
99 1981 6.564495e-01 3.411743e+01  1.744927475186636157e+00  1.910594719703091915e+00  2.007532581143009143e+00  2.366384882927307309e+00
100 2001 6.559543e-01 3.415025e+01  1.744927475186636157e+00  1.850401373698398633e+00  2.107829189062310871e+00  2.706927237065929859e+00
101 2021 6.526842e-01 3.417206e+01  1.744927475186636157e+00  1.848393564187577720e+00  1.977059723556990001e+00  2.280244917270191518e+00
102 2041 6.504204e-01 3.419481e+01  1.744927475186636157e+00  1.900436947025764267e+00  2.068340124130553903e+00  2.418550182134876714e+00
103 2061 6.481095e-01 3.423824e+01  1.744927475186636157e+00  1.866868085024451007e+00  2.039743102310000999e+00  2.401976661317873241e+00
104 2081 6.468183e-01 3.425574e+01  1.744927475186636157e+00  1.881148381119269741e+00  2.031211406825576660e+00  4.979636598050867669e+00
105 2101 6.442772e-01 3.431668e+01  1.744927475186636157e+00  1.866152874526542327e+00  1.996064713387897260e+00  2.411203651217302735e+00
106 2121 6.395125e-01 3.436525e+01  1.744927475186636157e+00  1.849494602945618738e+00  1.999039776169490690e+00  2.279878986324702872e+00
107 2141 6.370330e-01 3.440053e+01  1.744927475186636157e+00  1.890211900015918989e+00  2.007161429619428006e+00  2.136202329717311610e+00
108 2161 6.349451e-01 3.445642e+01  1.744927475186636157e+00  1.843370930413638531e+00  2.002435162433815474e+00  2.405606565636270400e+00
109 2181 6.352190e-01 3.450993e+01  1.744927475186636157e+00  1.915064031049927618e+00  2.026211540660075361e+00  2.186761629664698781e+00
110 2201 6.334185e-01 3.454684e+01  1.744927475186636157e+00  1.863575991946620825e+00  1.983086930849745855e+00  2.256348782133969610e+00
111 2221 6.356354e-01 3.463506e+01  1.744927475186636157e+00  1.870519786827013142e+00  2.031248178781286828e+00  2.200546171861207156e+00
112 2241 6.384310e-01 3.471820e+01  1.744927475186636157e+00  1.901268848236950859e+00  1.970295095939635921e+00  2.530317213855638236e+00
113 2261 6.394192e-01 3.479414e+01  1.744927475186636157e+00  1.851990663379655011e+00  1.957630610850126684e+00  2.519078503064702268e+00
114 2281 6.388221e-01 3.484698e+01  1.744927475186636157e+00  1.858478199311097701e+00  2.015687395365919343e+00  2.475786114253800463e+00
115 2301 6.373509e-01 3.488393e+01  1.744927475186636157e+00  1.940631726454115302e+00  2.075835835344140623e+00  3.246429434589085172e+00
116 2321 6.373694e-01 3.493487e+01  1.744927475186636157e+00  1.885899183803825929e+00  2.036276063600507058e+00  4.659689460038290321e+00
117 2341 6.425730e-01 3.497073e+01  1.744927475186636157e+00  1.869814136853884534e+00  2.008957078526447226e+00  2.316580818557978816e+00
118 2361 6.458278e-01 3.500851e+01  1.744927475186636157e+00  1.892549041166373902e+00  2.039878965639357222e+00  2.317892414640750687e+00
119 2381 6.461010e-01 3.502244e+01  1.744927475186636157e+00  1.902523234556236176e+00  2.070617107088582820e+00  2.282131367574842251e+00
120 2401 6.439290e-01 3.504806e+01  1.744927475186636157e+00  1.899453986396763661e+00  2.062920662719754716e+00  2.577826052484004649e+00
121 2421 6.404440e-01 3.504894e+01  1.744927475186636157e+00  1.860441984413606420e+00  2.032358899922401818e+00  2.236069549111192600e+00
122 2441 6.383850e-01 3.508784e+01  1.744927475186636157e+00  1.861875331848191761e+00  2.009300724945461525e+00  2.292002362095265422e+00
123 2461 6.364216e-01 3.510799e+01  1.744927475186636157e+00  1.883763092900570424e+00  2.066598978188308067e+00  2.488889141474970312e+00
124 2481 6.341812e-01 3.511433e+01  1.744927475186636157e+00  1.850266333673268981e+00  2.030183162707764666e+00  2.197041231603619416e+00
125 2501 6.328108e-01 3.512927e+01  1.744927475186636157e+00  1.864538617787547370e+00  2.010749084103623296e+00  2.299715722273994345e+00
126 2521 6.319559e-01 3.515820e+01  1.744927475186636157e+00  1.920620684948635803e+00  2.030518683964122939e+00  4.733188655384699572e+00
127 2541 6.332081e-01 3.516910e+01  1.744927475186636157e+00  1.908712245425032705e+00  2.086454756286286294e+00  2.393555708324621278e+00
128 2561 6.330404e-01 3.519116e+01  1.744927475186636157e+00  1.885998048698586338e+00  2.022794593467125424e+00  2.175124165673122612e+00
129 2581 6.293806e-01 3.520523e+01  1.744927475186636157e+00  1.869501541121893817e+00  1.979648124254319352e+00  2.297963817514868889e+00
130 2601 6.260646e-01 3.522904e+01  1.744927475186636157e+00  1.885332292059884285e+00  2.052586103067222112e+00  2.680636002065907242e+00
131 2621 6.207626e-01 3.524572e+01  1.744927475186636157e+00  1.845918543367170983e+00  1.991856121011182701e+00  2.459589691847258841e+00
132 2641 6.153731e-01 3.523783e+01  1.744927475186636157e+00  1.862107803012535090e+00  2.021734863172591989e+00  7.631708808505399233e+00
133 2661 6.112920e-01 3.525688e+01  1.744927475186636157e+00  1.863734650151043670e+00  2.039575734362340853e+00  2.220363454392144664e+00
134 2681 6.081026e-01 3.526900e+01  1.744927475186636157e+00  1.872788188400326348e+00  2.013671461797217788e+00  2.226891653108836966e+00
135 2701 6.035314e-01 3.526863e+01  1.744927475186636157e+00  1.856691863863488834e+00  1.999170128775032751e+00  2.265381300717762336e+00
136 2721 6.000963e-01 3.527527e+01  1.744927475186636157e+00  1.878748950017842922e+00  2.009661190339890879e+00  2.287232530277131026e+00
137 2741 5.957076e-01 3.528560e+01  1.744927475186636157e+00  1.904647871064240938e+00  2.003756620323827953e+00  2.425648357158896484e+00
138 2761 5.899256e-01 3.528754e+01  1.744927475186636157e+00  1.849117550809040056e+00  2.009629580526302917e+00  2.206526596442543120e+00
139 2781 5.823035e-01 3.528999e+01  1.744927475186636157e+00  1.847465250989107632e+00  2.006479400949177538e+00  2.241597929862277017e+00
140 2801 5.759556e-01 3.528357e+01  1.744927475186636157e+00  1.836866965834515586e+00  1.953130808704068411e+00  2.310594546620509337e+00
141 2821 5.686618e-01 3.525778e+01  1.744927475186636157e+00  1.849228165280998759e+00  1.957978704500377143e+00  2.102483673672582043e+00
142 2841 5.600554e-01 3.524284e+01  1.744927475186636157e+00  1.875672350372971531e+00  1.962580583111283250e+00  2.243819064836495514e+00
143 2861 5.511417e-01 3.528246e+01  1.744927475186636157e+00  1.861755682573021042e+00  2.051021618807742364e+00  2.167157273921303862e+00
144 2881 5.448821e-01 3.528856e+01  1.744927475186636157e+00  1.881579655085423353e+00  1.979720064617681796e+00  2.151370803999852477e+00
145 2901 5.381142e-01 3.530325e+01  1.744927475186636157e+00  1.902853610193407929e+00  1.974254040958416390e+00  2.160780589124046358e+00
146 2921 5.329419e-01 3.530655e+01  1.744927475186636157e+00  1.879635016735567321e+00  1.993830125587445767e+00  2.213609725937161876e+00
147 2941 5.268730e-01 3.530914e+01  1.744927475186636157e+00  1.832530870014227320e+00  1.966204867615394036e+00  7.824737668822930203e+00
148 2961 5.229601e-01 3.530315e+01  1.744927475186636157e+00  1.855561942245817608e+00  1.953343597605185167e+00  2.343725705900575829e+00
149 2981 5.186983e-01 3.530956e+01  1.744927475186636157e+00  1.862670146939551907e+00  1.973248216428118651e+00  2.427453576648105571e+00
150 3001 5.140833e-01 3.531968e+01  1.744927475186636157e+00  1.847327671354084266e+00  1.982101706350805959e+00  2.172178969481827426e+00
151 3021 5.092719e-01 3.532109e+01  1.744927475186636157e+00  1.875655529093468887e+00  1.955003500124105731e+00  2.156628424938288990e+00
152 3041 5.061720e-01 3.534698e+01  1.744927475186636157e+00  1.835358073649814736e+00  1.979167873765740104e+00  2.296126228868272001e+00
153 3061 5.060500e-01 3.535695e+01  1.744927475186636157e+00  1.818529376118338758e+00  1.956051032393124389e+00  2.200887496124523501e+00
154 3081 5.070901e-01 3.535534e+01  1.744927475186636157e+00  1.842206627218815562e+00  1.933158060191255245e+00  2.164746211147395627e+00
155 3101 5.080695e-01 3.535932e+01  1.744927475186636157e+00  1.832300071417732434e+00  1.954044178020416300e+00  3.400135538157047499e+00
156 3121 5.061279e-01 3.534901e+01  1.744927475186636157e+00  1.833265691103173056e+00  1.948074547255889133e+00  2.216186773118522524e+00
157 3141 5.015928e-01 3.536733e+01  1.744927475186636157e+00  1.830548840737121985e+00  1.926726241255100058e+00  2.197918112637595733e+00
158 3161 4.983975e-01 3.536089e+01  1.744927475186636157e+00  1.846195594513764027e+00  1.951197204004332608e+00  2.087094354755411274e+00
159 3181 4.952022e-01 3.536815e+01  1.744927475186636157e+00  1.855143847276661040e+00  1.954136658849895625e+00  2.144964270609327261e+00
160 3201 4.944426e-01 3.535455e+01  1.744927475186636157e+00  1.834126007577690620e+00  1.931462982008331553e+00  2.042877000330091786e+00
161 3221 4.926667e-01 3.537533e+01  1.744927475186636157e+00  1.835852752855885672e+00  1.907452648546798635e+00  2.083544708393920697e+00
162 3241 4.912787e-01 3.537167e+01  1.744927475186636157e+00  1.870494270031824113e+00  1.916029630437210418e+00  2.135660277345467151e+00
163 3261 4.906839e-01 3.538570e+01  1.744927475186636157e+00  1.834266969344625409e+00  1.981468550140915053e+00  2.159745982387183627e+00
164 3281 4.874517e-01 3.535672e+01  1.744927475186636157e+00  1.822202584214056786e+00  1.919385881538261174e+00  2.036864961096038318e+00
165 3301 4.853208e-01 3.533257e+01  1.744927475186636157e+00  1.815238760762613035e+00  1.892917699042738544e+00  2.232770462504226838e+00
166 3321 4.811691e-01 3.535639e+01  1.744927475186636157e+00  1.843805427563901089e+00  1.910775710350359979e+00  3.236729157725225736e+00
167 3341 4.770423e-01 3.533790e+01  1.744927475186636157e+00  1.840302686268083354e+00  1.936693847515328581e+00  2.085569615621907236e+00
168 3361 4.707797e-01 3.535223e+01  1.744927475186636157e+00  1.831442962094092630e+00  1.911325972512292637e+00  2.101315867241524415e+00
169 3381 4.645566e-01 3.534843e+01  1.744927475186636157e+00  1.844890541253372040e+00  1.912729919602953466e+00  2.071022798982547819e+00
170 3401 4.583128e-01 3.531221e+01  1.744927475186636157e+00  1.804768629837846472e+00  1.910088539710659283e+00  2.089784160371998656e+00
171 3421 4.520364e-01 3.528870e+01  1.744927475186636157e+00  1.823446886118234245e+00  1.905973493634303129e+00  2.042019198107197120e+00
172 3441 4.451793e-01 3.529790e+01  1.744927475186636157e+00  1.812132034464498664e+00  1.910559580761577170e+00  2.133494738619309050e+00
173 3461 4.376286e-01 3.529976e+01  1.744927475186636157e+00  1.822748303333859177e+00  1.905339855157817563e+00  2.028679326287817108e+00
174 3481 4.309128e-01 3.529333e+01  1.744927475186636157e+00  1.849860351764978317e+00  1.906745437331297977e+00  3.206233431738831907e+00
175 3501 4.230718e-01 3.531671e+01  1.744927475186636157e+00  1.819766922632965134e+00  1.919398882352553848e+00  2.015890441275562051e+00
176 3521 4.151579e-01 3.531258e+01  1.744927475186636157e+00  1.849275162308016363e+00  1.904766688840654698e+00  2.226117302718609636e+00
177 3541 4.092974e-01 3.530562e+01  1.744927475186636157e+00  1.843272187544789498e+00  1.879386045097149793e+00  1.997051696121403097e+00
178 3561 4.028315e-01 3.534711e+01  1.744927475186636157e+00  1.841037569149627240e+00  1.913268949311353495e+00  4.787638656959461336e+00
179 3581 3.977481e-01 3.533315e+01  1.744927475186636157e+00  1.825918138017774472e+00  1.869994811147262403e+00  2.002327798771675660e+00
180 3601 3.941179e-01 3.531924e+01  1.744927475186636157e+00  1.810333215646304339e+00  1.882954593310719016e+00  2.110439788313302589e+00
181 3621 3.913553e-01 3.533157e+01  1.744927475186636157e+00  1.834439168845426460e+00  1.917300815053062824e+00  2.012025006538764149e+00
182 3641 3.895436e-01 3.533065e+01  1.744927475186636157e+00  1.809530948666940420e+00  1.875218320056533106e+00  3.215290007761640645e+00
183 3661 3.881279e-01 3.532658e+01  1.744927475186636157e+00  1.803204086045632204e+00  1.881062959617827879e+00  2.036477059913730958e+00
184 3681 3.857737e-01 3.533492e+01  1.744927475186636157e+00  1.820628696089745535e+00  1.884187808975276823e+00  2.055076897830244498e+00
185 3701 3.841226e-01 3.533622e+01  1.744927475186636157e+00  1.807396486530638446e+00  1.889033788851137707e+00  2.039596489726826167e+00
186 3721 3.815334e-01 3.534247e+01  1.744927475186636157e+00  1.806606557740132679e+00  1.855682363189825379e+00  1.986348377670094534e+00
187 3741 3.787352e-01 3.534782e+01  1.744927475186636157e+00  1.806739656722027743e+00  1.853895877004606119e+00  7.747916279591431810e+00
188 3761 3.771867e-01 3.533583e+01  1.744927475186636157e+00  1.800907209785342467e+00  1.883205363329338855e+00  2.039452303654300191e+00
189 3781 3.755250e-01 3.536607e+01  1.744927475186636157e+00  1.793675354878137895e+00  1.837331565498805608e+00  2.163128461903670363e+00
190 3801 3.735644e-01 3.537300e+01  1.744927475186636157e+00  1.797440876488672901e+00  1.837983602685019591e+00  3.189043110841233375e+00
191 3821 3.724947e-01 3.538532e+01  1.744927475186636157e+00  1.805518181704014236e+00  1.839348521523376467e+00  1.967956554238001088e+00
192 3841 3.715887e-01 3.538501e+01  1.744927475186636157e+00  1.794700584077492334e+00  1.858492977106108057e+00  1.933522058708341262e+00
193 3861 3.691819e-01 3.539662e+01  1.744927475186636157e+00  1.815036234940601068e+00  1.871137770044180915e+00  2.043566933394610707e+00
194 3881 3.661695e-01 3.538976e+01  1.744927475186636157e+00  1.803683889751473091e+00  1.843027776777341753e+00  1.949269140323011795e+00
195 3901 3.626304e-01 3.538780e+01  1.744927475186636157e+00  1.802426644484671270e+00  1.853880442106648818e+00  1.937517614979337166e+00
196 3921 3.616360e-01 3.539432e+01  1.744927475186636157e+00  1.804897586339140103e+00  1.866752995699950013e+00  1.927941869463605018e+00
197 3941 3.595757e-01 3.537370e+01  1.744927475186636157e+00  1.803733923531213312e+00  1.857285046719706845e+00  1.946307846690545018e+00
198 3961 3.559806e-01 3.537839e+01  1.744927475186636157e+00  1.800794632452502597e+00  1.833354353089081901e+00  1.922721997289375206e+00
199 3981 3.508634e-01 3.537713e+01  1.744927475186636157e+00  1.786937432100228040e+00  1.836696624510132825e+00  1.919384670021802464e+00
200 4001 3.448420e-01 3.538066e+01  1.744927475186636157e+00  1.783429279126292677e+00  1.835866998660451443e+00  4.782579243082694553e+00
201 4021 3.393199e-01 3.540630e+01  1.744927475186636157e+00  1.791303554768013173e+00  1.847761944883013818e+00  1.912586757272986215e+00
202 4041 3.353256e-01 3.541156e+01  1.744927475186636157e+00  1.775769248935406219e+00  1.823675247258566667e+00  1.970788401207699714e+00
203 4061 3.311090e-01 3.535787e+01  1.744927475186636157e+00  1.794371868525296732e+00  1.820596933526399619e+00  1.908308471562143227e+00
204 4081 3.275089e-01 3.535833e+01  1.744927475186636157e+00  1.788106113911248851e+00  1.824837626513518440e+00  1.957597141168270660e+00
205 4101 3.245501e-01 3.537815e+01  1.744927475186636157e+00  1.796526833095379194e+00  1.839058541315086392e+00  1.991204545217466482e+00
206 4121 3.207721e-01 3.537809e+01  1.744927475186636157e+00  1.778059893550096193e+00  1.814143783105522267e+00  1.936923219202231428e+00
207 4141 3.163417e-01 3.539027e+01  1.744927475186636157e+00  1.785272046842911742e+00  1.827737360283495427e+00  4.679549917124075975e+00
208 4161 3.122809e-01 3.541604e+01  1.744927475186636157e+00  1.771911641675852467e+00  1.827141807176465349e+00  1.917691865683711416e+00
209 4181 3.093926e-01 3.541540e+01  1.744927475186636157e+00  1.759132633514827182e+00  1.824681572074602354e+00  1.994418299892138258e+00
210 4201 3.069816e-01 3.543263e+01  1.744927475186636157e+00  1.775084349480121393e+00  1.806331303740400074e+00  1.890758294047820698e+00
211 4221 3.034948e-01 3.543748e+01  1.744927475186636157e+00  1.776799903770036826e+00  1.806368262341357056e+00  1.937554244387875046e+00
212 4241 3.009181e-01 3.544076e+01  1.744927475186636157e+00  1.776969153487963915e+00  1.811894038258214490e+00  4.634996306717627412e+00
213 4261 2.987165e-01 3.541476e+01  1.744927475186636157e+00  1.766884639192697337e+00  1.813150458318273595e+00  1.965583052070063896e+00
214 4281 2.972222e-01 3.540006e+01  1.744927475186636157e+00  1.775573901496984464e+00  1.804592514069125020e+00  1.899576862880377748e+00
215 4301 2.958870e-01 3.540686e+01  1.744927475186636157e+00  1.774885761501443060e+00  1.824508410506821443e+00  1.981671510158722338e+00
216 4321 2.944318e-01 3.539630e+01  1.744927475186636157e+00  1.768566449120392958e+00  1.809071583428684127e+00  1.932221863905225101e+00
217 4341 2.937188e-01 3.538700e+01  1.744927475186636157e+00  1.775060181257398506e+00  1.807106354527743042e+00  1.895571930942670402e+00
218 4361 2.929074e-01 3.540414e+01  1.744927475186636157e+00  1.761646856303842323e+00  1.820680957697966562e+00  2.045344537586253342e+00
219 4381 2.919391e-01 3.541548e+01  1.744927475186636157e+00  1.776872955718365787e+00  1.819779314888762656e+00  1.898801739029195579e+00
220 4401 2.917702e-01 3.543457e+01  1.744927475186636157e+00  1.772104096133518603e+00  1.827009541491892985e+00  1.905432792052769608e+00
221 4421 2.924079e-01 3.543467e+01  1.744927475186636157e+00  1.770081056270593090e+00  1.826330319000854630e+00  1.968903867440713995e+00
222 4441 2.938445e-01 3.544402e+01  1.744927475186636157e+00  1.773024038305510253e+00  1.799370575641459302e+00  1.887859338116905983e+00
223 4461 2.940005e-01 3.544690e+01  1.744927475186636157e+00  1.777483748856486301e+00  1.799948868004095592e+00  1.902742453456267580e+00
224 4481 2.931026e-01 3.544246e+01  1.744927475186636157e+00  1.769587875817079103e+00  1.818632567266904587e+00  1.897745697480428984e+00
225 4501 2.923922e-01 3.544861e+01  1.744927475186636157e+00  1.765157220899932211e+00  1.809692161728406745e+00  1.866108432650677162e+00
226 4521 2.912477e-01 3.544680e+01  1.744927475186636157e+00  1.758688626855991588e+00  1.812992889789169837e+00  1.944520480878757507e+00
227 4541 2.908801e-01 3.544046e+01  1.744927475186636157e+00  1.753732076141553575e+00  1.803219181748340727e+00  1.929287401524775625e+00
228 4561 2.909543e-01 3.545883e+01  1.744927475186636157e+00  1.765234116238652895e+00  1.794361324035460337e+00  1.907730595539977481e+00
229 4581 2.902274e-01 3.546681e+01  1.744927475186636157e+00  1.771484280013853052e+00  1.796091802893525990e+00  3.235287580572345778e+00
230 4601 2.895322e-01 3.546648e+01  1.744927475186636157e+00  1.756801858225960133e+00  1.791620315524190987e+00  1.880801696837978376e+00
231 4621 2.883031e-01 3.546345e+01  1.744927475186636157e+00  1.750644017184921797e+00  1.778852006239605377e+00  3.146452753269990410e+00
232 4641 2.867745e-01 3.547512e+01  1.740502151025164590e+00  1.740502151025164590e+00  1.799379818236827022e+00  1.913707794952281604e+00
233 4661 2.863873e-01 3.550012e+01  1.740502151025164590e+00  1.749384116211161855e+00  1.796697830950532815e+00  1.943886276025046378e+00
234 4681 2.862190e-01 3.552296e+01  1.735132286109961397e+00  1.735132286109961397e+00  1.795992083242007542e+00  1.877024833798175640e+00
235 4701 2.855933e-01 3.553312e+01  1.735132286109961397e+00  1.741990841251975120e+00  1.799671476204885323e+00  1.892811501643090200e+00
236 4721 2.855747e-01 3.555686e+01  1.735132286109961397e+00  1.763197056678766028e+00  1.803458309162007556e+00  1.912371108955117860e+00
237 4741 2.848043e-01 3.558133e+01  1.735132286109961397e+00  1.752253146778934623e+00  1.785809264619005576e+00  1.862478464829961045e+00
238 4761 2.832410e-01 3.559005e+01  1.735132286109961397e+00  1.747089926213191147e+00  1.794594556033436206e+00  1.848881989646146806e+00
239 4781 2.818286e-01 3.560937e+01  1.735132286109961397e+00  1.739200609885589444e+00  1.798483379999527010e+00  1.911706802500245272e+00
240 4801 2.819010e-01 3.561237e+01  1.735132286109961397e+00  1.746184116578316070e+00  1.795467056195723554e+00  1.906963949421813576e+00
241 4821 2.826082e-01 3.562815e+01  1.735132286109961397e+00  1.743782550896343597e+00  1.780999011305007373e+00  1.974143425401002405e+00
242 4841 2.836782e-01 3.564194e+01  1.735132286109961397e+00  1.742854592791526658e+00  1.782368333170838204e+00  1.928297129738496318e+00
243 4861 2.838436e-01 3.563930e+01  1.735132286109961397e+00  1.739536560272839205e+00  1.782855819836949296e+00  1.906929439411804594e+00
244 4881 2.831594e-01 3.565801e+01  1.732790131100780728e+00  1.732790131100780728e+00  1.795399558448206090e+00  1.857247872205548989e+00
245 4901 2.817689e-01 3.566258e+01  1.732790131100780728e+00  1.735133258653536847e+00  1.784492943670843657e+00  1.873179491782993589e+00
246 4921 2.791464e-01 3.569496e+01  1.732790131100780728e+00  1.744937364021861059e+00  1.791565305715676626e+00  1.888547919602479919e+00
247 4941 2.766324e-01 3.570362e+01  1.732790131100780728e+00  1.748154529122872614e+00  1.791749042301015837e+00  1.913015969326897547e+00
248 4961 2.747900e-01 3.571755e+01  1.732790131100780728e+00  1.743533112332574131e+00  1.781151201299468800e+00  1.869369701135556561e+00
249 4981 2.725623e-01 3.571581e+01  1.732790131100780728e+00  1.734752580722670912e+00  1.771809821930213635e+00  1.935868730009434380e+00
250 5001 2.702934e-01 3.573341e+01  1.732790131100780728e+00  1.744261728796993927e+00  1.777243519602550004e+00  1.987916833970778674e+00
251 5021 2.692767e-01 3.572203e+01  1.732790131100780728e+00  1.737103301673945221e+00  1.770683017450964236e+00  1.859477064331876317e+00
252 5041 2.687137e-01 3.572658e+01  1.732790131100780728e+00  1.738249933067805619e+00  1.776104935568334930e+00  1.971178888956857556e+00
253 5061 2.690556e-01 3.571954e+01  1.732790131100780728e+00  1.752756135313362940e+00  1.790542438999139785e+00  3.110360106171685235e+00
254 5081 2.692712e-01 3.572018e+01  1.732790131100780728e+00  1.739734642459001446e+00  1.804943855806690145e+00  1.884947967831200888e+00
255 5101 2.696489e-01 3.571550e+01  1.732790131100780728e+00  1.761229856332636068e+00  1.792702792974751658e+00  2.718348075385306650e+00
256 5121 2.693238e-01 3.572964e+01  1.732790131100780728e+00  1.752479259802632638e+00  1.796383822341629077e+00  1.885707165068952529e+00
257 5141 2.685936e-01 3.575011e+01  1.732790131100780728e+00  1.748434167453055466e+00  1.778957353033032707e+00  1.874876759717906349e+00
258 5161 2.683405e-01 3.578617e+01  1.732790131100780728e+00  1.762988173670682945e+00  1.786409421855208013e+00  1.855147491267484572e+00
259 5181 2.686332e-01 3.584856e+01  1.732790131100780728e+00  1.751109456591683600e+00  1.795868216981624688e+00  1.895484448541353562e+00
260 5201 2.687697e-01 3.586941e+01  1.732790131100780728e+00  1.735570274105255217e+00  1.787120957732892812e+00  1.841535406773642913e+00
261 5221 2.702321e-01 3.588100e+01  1.732790131100780728e+00  1.743047064139496394e+00  1.786285545414675102e+00  3.069102376174004831e+00
262 5241 2.713571e-01 3.589154e+01  1.732790131100780728e+00  1.745540746801117926e+00  1.784063620154739294e+00  1.912004506682583260e+00
263 5261 2.708471e-01 3.590031e+01  1.732790131100780728e+00  1.742574800811384161e+00  1.782316107648423742e+00  2.030533137710955671e+00
264 5281 2.715830e-01 3.591294e+01  1.732790131100780728e+00  1.744530519739529550e+00  1.775902990793982283e+00  3.071656161945638175e+00
265 5301 2.707583e-01 3.592436e+01  1.732790131100780728e+00  1.737838428558212689e+00  1.772266719670268387e+00  1.929199457218211178e+00
266 5321 2.701504e-01 3.593334e+01  1.732790131100780728e+00  1.738282955661081930e+00  1.776295276683283131e+00  1.837410118718448615e+00
267 5341 2.696766e-01 3.593760e+01  1.732790131100780728e+00  1.740889847843518190e+00  1.777317124692138872e+00  1.863085264937827334e+00
268 5361 2.688745e-01 3.594423e+01  1.732790131100780728e+00  1.737272637682889531e+00  1.771093250100625571e+00  1.893052250115575763e+00
269 5381 2.688953e-01 3.594682e+01  1.730777109697115179e+00  1.730777109697115179e+00  1.773559776580982739e+00  1.854201115466657779e+00
270 5401 2.691713e-01 3.594000e+01  1.730777109697115179e+00  1.754198926959901428e+00  1.788273588968908090e+00  1.836336617947095240e+00
271 5421 2.690017e-01 3.590250e+01  1.730777109697115179e+00  1.741768470389979173e+00  1.794903784304938243e+00  1.838099852140311574e+00
272 5441 2.684778e-01 3.590043e+01  1.730777109697115179e+00  1.747827445172777105e+00  1.780814152740210377e+00  1.950847128274143749e+00
273 5461 2.672730e-01 3.590357e+01  1.729229992364415214e+00  1.729229992364415214e+00  1.774821618242356402e+00  1.966440185031171239e+00
274 5481 2.657817e-01 3.590628e+01  1.729229992364415214e+00  1.739461683607510523e+00  1.787805573144581661e+00  1.921923814379207895e+00
275 5501 2.632625e-01 3.592899e+01  1.729229992364415214e+00  1.750878371604739137e+00  1.791851036847888601e+00  2.000390050623522598e+00
276 5521 2.613911e-01 3.595170e+01  1.729229992364415214e+00  1.761501476179974324e+00  1.794193480388837525e+00  1.858411919018712277e+00
277 5541 2.593797e-01 3.595744e+01  1.729229992364415214e+00  1.746219035752786253e+00  1.771557378474138744e+00  1.857966244335623296e+00
278 5561 2.584557e-01 3.596094e+01  1.729229992364415214e+00  1.750841796975988185e+00  1.781903578036433622e+00  1.906537271029043579e+00
279 5581 2.571501e-01 3.593883e+01  1.729229992364415214e+00  1.752246605418927183e+00  1.776797174020665837e+00  1.893677320290947153e+00
280 5601 2.568316e-01 3.594740e+01  1.729229992364415214e+00  1.748599561696796645e+00  1.781923388294381017e+00  1.846846024350716764e+00
281 5621 2.563992e-01 3.596261e+01  1.729229992364415214e+00  1.731459553662128892e+00  1.786236721460721988e+00  1.874860870651004374e+00
282 5641 2.573599e-01 3.595586e+01  1.729229992364415214e+00  1.744595354737517701e+00  1.779737142020071605e+00  1.882599085926437876e+00
283 5661 2.581158e-01 3.596878e+01  1.729229992364415214e+00  1.740447706806817818e+00  1.794587262461933008e+00  1.845342324401791245e+00
284 5681 2.586684e-01 3.595667e+01  1.729229992364415214e+00  1.740144733166308244e+00  1.787805125876134049e+00  1.926318603512348515e+00
285 5701 2.602100e-01 3.595695e+01  1.729229992364415214e+00  1.745859748044158222e+00  1.782903427975985000e+00  1.883320126607682221e+00
286 5721 2.606662e-01 3.597346e+01  1.729229992364415214e+00  1.731253831046424274e+00  1.775718943430959484e+00  1.911725119178810273e+00
287 5741 2.614813e-01 3.596443e+01  1.729229992364415214e+00  1.749840265174345877e+00  1.778529751388324698e+00  1.867219768522340617e+00
288 5761 2.615866e-01 3.597354e+01  1.729229992364415214e+00  1.740684132574906506e+00  1.770829552341121493e+00  1.878665209548164183e+00
289 5781 2.622536e-01 3.598643e+01  1.729229992364415214e+00  1.739998863545013874e+00  1.772282359913987637e+00  1.889060811647620852e+00
290 5801 2.619953e-01 3.598484e+01  1.729229992364415214e+00  1.746577749020527426e+00  1.785827690075656893e+00  1.871394909993617350e+00
291 5821 2.610340e-01 3.598587e+01  1.729229992364415214e+00  1.741645729473060289e+00  1.785112451255104205e+00  2.089867601031761168e+00
292 5841 2.596822e-01 3.599150e+01  1.729229992364415214e+00  1.742805620177011683e+00  1.788455402470274347e+00  1.905248147106643142e+00
293 5861 2.578660e-01 3.598513e+01  1.729229992364415214e+00  1.730264235003721396e+00  1.778228366391146897e+00  1.834143249610800330e+00
294 5881 2.553403e-01 3.595258e+01  1.728589979012212563e+00  1.728589979012212563e+00  1.777604606326761427e+00  1.938354512244616412e+00
295 5901 2.526888e-01 3.597109e+01  1.727261977836874962e+00  1.727261977836874962e+00  1.757089489139446403e+00  1.807993549246976084e+00
296 5921 2.498461e-01 3.598729e+01  1.727261977836874962e+00  1.732898002618263433e+00  1.766292433138391349e+00  1.849371653267457782e+00
297 5941 2.459637e-01 3.600187e+01  1.727261977836874962e+00  1.737617134064211921e+00  1.776643248434590650e+00  1.930066482588197463e+00
298 5961 2.436319e-01 3.599877e+01  1.727261977836874962e+00  1.730301841762644122e+00  1.774959542962252002e+00  1.811852575817822775e+00
299 5981 2.413039e-01 3.602860e+01  1.727261977836874962e+00  1.741717772058835711e+00  1.768037935680941475e+00  1.931370417987249510e+00
300 6001 2.385840e-01 3.603190e+01  1.727261977836874962e+00  1.732752199623885714e+00  1.760789147819537437e+00  1.818064233654338002e+00
