%  columns="iteration, evaluation, sigma, axis ratio, bestever, best, median, worst fitness function value, further objective values of best" (startseed=214099, 2017/10/11 13:55:35.00)
1 21 1.072411e+00 2.240642e+01  9.922657909439487867e+02  9.955147590725222244e+02  9.966611460329863803e+02  9.972461283242505488e+02
2 41 1.039006e+00 2.242153e+01  9.922657909439487867e+02  9.957272433255147916e+02  9.964291888478355759e+02  9.970388168453705475e+02
3 61 1.011567e+00 2.243882e+01  9.922657909439487867e+02  9.949676861967967625e+02  9.964035950635359313e+02  9.969320221729865352e+02
4 81 9.893249e-01 2.244413e+01  9.922657909439487867e+02  9.948991185602513951e+02  9.963219495563712371e+02  9.970442780672968865e+02
5 101 9.695444e-01 2.244919e+01  9.922657909439487867e+02  9.955976367591995313e+02  9.965430964996650118e+02  9.973312732083320498e+02
6 121 9.539815e-01 2.246052e+01  9.922657909439487867e+02  9.947400000000000091e+02  9.965880308967578003e+02  9.969015572054390759e+02
7 141 9.390009e-01 2.247920e+01  9.922657909439487867e+02  9.952376043286166123e+02  9.964883431413670678e+02  9.971850549817966112e+02
8 161 9.308585e-01 2.248452e+01  9.922657909439487867e+02  9.958704271049512045e+02  9.965131245318953006e+02  9.973440677009854198e+02
9 181 9.263265e-01 2.249663e+01  9.922657909439487867e+02  9.949099999999999682e+02  9.965525010277956426e+02  9.973935833464666985e+02
10 201 9.215489e-01 2.251612e+01  9.922657909439487867e+02  9.957629789565197598e+02  9.965998047305211003e+02  9.973138996305477804e+02
11 221 9.202233e-01 2.251898e+01  9.922657909439487867e+02  9.959332805639969592e+02  9.965735490498420859e+02  9.970539651777768313e+02
12 241 9.187728e-01 2.252420e+01  9.922657909439487867e+02  9.955646169520224475e+02  9.962761250288940573e+02  9.973281617027533912e+02
13 261 9.201768e-01 2.252959e+01  9.922657909439487867e+02  9.956000000000000227e+02  9.965754173841154397e+02  9.969263270590746515e+02
14 281 9.201645e-01 2.253549e+01  9.922657909439487867e+02  9.957889768296805642e+02  9.966680313169051715e+02  9.974723050544068883e+02
15 301 9.225027e-01 2.254136e+01  9.922657909439487867e+02  9.952500000000000000e+02  9.964739064582481660e+02  9.974203763471938373e+02
16 321 9.243872e-01 2.254586e+01  9.922657909439487867e+02  9.953958330277800997e+02  9.965612633016501150e+02  9.974686843598472024e+02
17 341 9.284567e-01 2.254827e+01  9.922657909439487867e+02  9.956470966474353190e+02  9.963950512099261232e+02  9.974434990945378559e+02
18 361 9.410122e-01 2.254973e+01  9.922657909439487867e+02  9.957222007501715098e+02  9.966732874340325452e+02  9.974690279653410698e+02
19 381 9.498564e-01 2.254996e+01  9.922657909439487867e+02  9.952487114866505635e+02  9.965227936957253405e+02  9.975784707331426944e+02
20 401 9.545301e-01 2.256363e+01  9.922657909439487867e+02  9.944291002331964364e+02  9.963295911510497262e+02  9.973600000000000136e+02
21 421 9.593576e-01 2.257394e+01  9.922657909439487867e+02  9.955631903211426561e+02  9.966074703155968564e+02  9.973316643471666794e+02
22 441 9.663892e-01 2.258031e+01  9.922657909439487867e+02  9.953613675625960013e+02  9.964818128790568608e+02  9.973745033235378514e+02
23 461 9.664507e-01 2.259054e+01  9.922657909439487867e+02  9.954367466844885257e+02  9.966225738590901528e+02  9.971699999999999591e+02
24 481 9.649985e-01 2.258955e+01  9.922657909439487867e+02  9.957637088132028111e+02  9.965777734947462250e+02  9.968968318443570524e+02
25 501 9.636600e-01 2.259708e+01  9.922657909439487867e+02  9.954299999999999500e+02  9.965869815501748690e+02  9.972246991111705938e+02
26 521 9.653652e-01 2.259821e+01  9.922657909439487867e+02  9.958527784956197593e+02  9.964128154418067425e+02  9.973005745534472908e+02
27 541 9.661030e-01 2.260550e+01  9.922657909439487867e+02  9.957420335282835140e+02  9.965627941765118294e+02  9.972673632642189432e+02
28 561 9.665866e-01 2.260978e+01  9.922657909439487867e+02  9.954948283430702531e+02  9.965355210094345466e+02  9.973799999999999955e+02
29 581 9.671487e-01 2.260381e+01  9.922657909439487867e+02  9.957843746665367917e+02  9.965308640388868753e+02  9.973203445799913425e+02
30 601 9.652871e-01 2.260527e+01  9.922657909439487867e+02  9.950427898525740602e+02  9.963769764666665196e+02  9.971399999999999864e+02
31 621 9.684666e-01 2.261375e+01  9.922657909439487867e+02  9.958677229153372537e+02  9.967198712466845336e+02  9.973107791398066411e+02
32 641 9.767705e-01 2.262792e+01  9.922657909439487867e+02  9.949849241634976806e+02  9.965917640564949807e+02  9.973860269126738558e+02
33 661 9.884183e-01 2.263914e+01  9.922657909439487867e+02  9.958285883948771016e+02  9.965941121760537271e+02  9.972400000000000091e+02
34 681 9.995265e-01 2.265847e+01  9.922657909439487867e+02  9.957643820580181000e+02  9.965981267221450253e+02  9.973243314658975578e+02
35 701 1.009662e+00 2.266200e+01  9.922657909439487867e+02  9.957235407327888197e+02  9.965493331267645090e+02  9.971038763646884036e+02
36 721 1.013029e+00 2.266208e+01  9.922657909439487867e+02  9.938724168292425247e+02  9.965295074041226826e+02  9.972300000000000182e+02
37 741 1.015526e+00 2.266448e+01  9.922657909439487867e+02  9.955729693768364541e+02  9.966425961516342795e+02  9.971681845989858175e+02
38 761 1.013403e+00 2.266530e+01  9.922657909439487867e+02  9.956972416944410043e+02  9.966899914499706483e+02  9.972751315595593269e+02
39 781 1.009818e+00 2.267633e+01  9.922657909439487867e+02  9.957136665412152752e+02  9.966671381796113565e+02  9.972593023252815101e+02
40 801 1.001649e+00 2.267976e+01  9.922657909439487867e+02  9.953167876861044761e+02  9.965472058775130790e+02  9.971000000000000227e+02
41 821 9.969254e-01 2.269419e+01  9.922657909439487867e+02  9.952072755374271082e+02  9.965553109476575173e+02  9.972000000000000455e+02
42 841 9.954189e-01 2.270414e+01  9.922657909439487867e+02  9.960000000000000000e+02  9.967004823689068189e+02  9.971890089053288193e+02
43 861 9.946944e-01 2.271834e+01  9.922657909439487867e+02  9.952810641832916190e+02  9.966452100639457967e+02  9.973342506109163423e+02
44 881 9.950745e-01 2.272071e+01  9.922657909439487867e+02  9.952155626069982191e+02  9.965108792182918478e+02  9.970217959237207879e+02
45 901 9.973127e-01 2.272486e+01  9.922657909439487867e+02  9.949440469836825969e+02  9.964708303658635486e+02  9.973500000000000227e+02
46 921 9.958918e-01 2.273397e+01  9.922657909439487867e+02  9.957300000000000182e+02  9.966271069326298857e+02  9.973999999999999773e+02
47 941 9.933473e-01 2.274119e+01  9.922657909439487867e+02  9.960091147530814624e+02  9.965017748806137661e+02  9.973614739955522737e+02
48 961 9.882806e-01 2.274606e+01  9.922657909439487867e+02  9.956209654069548378e+02  9.965586346791504866e+02  9.974800000000000182e+02
49 981 9.840147e-01 2.275288e+01  9.922657909439487867e+02  9.960295241146783383e+02  9.967824699806658373e+02  9.972400000000000091e+02
50 1001 9.747060e-01 2.276995e+01  9.922657909439487867e+02  9.956441177320247107e+02  9.964502074071992865e+02  9.972000000000000455e+02
51 1021 9.668703e-01 2.279293e+01  9.922657909439487867e+02  9.950700000000000500e+02  9.966298277371392942e+02  9.973400000000000318e+02
52 1041 9.634421e-01 2.278663e+01  9.922657909439487867e+02  9.957350991956349162e+02  9.967274398075501267e+02  9.974395191755319274e+02
53 1061 9.648321e-01 2.280123e+01  9.922657909439487867e+02  9.942492651082071689e+02  9.965917458015844659e+02  9.971130331426256816e+02
54 1081 9.652238e-01 2.282571e+01  9.922657909439487867e+02  9.959133887460990309e+02  9.966083620996195123e+02  9.973011544199952141e+02
55 1101 9.702821e-01 2.283332e+01  9.922657909439487867e+02  9.952252096080691217e+02  9.967080373269559459e+02  9.971827258526160449e+02
56 1121 9.754723e-01 2.283286e+01  9.922657909439487867e+02  9.959001923200752344e+02  9.965555773793143999e+02  9.974134620885134836e+02
57 1141 9.779162e-01 2.283582e+01  9.922657909439487867e+02  9.957325589471797684e+02  9.966129495620353964e+02  9.973700000000000045e+02
58 1161 9.807993e-01 2.283843e+01  9.922657909439487867e+02  9.955832294907784217e+02  9.964061641152343327e+02  9.969318412515985983e+02
59 1181 9.867907e-01 2.283500e+01  9.922657909439487867e+02  9.949209663831724129e+02  9.964774790210816491e+02  9.973677707249993318e+02
60 1201 9.946373e-01 2.284066e+01  9.922657909439487867e+02  9.954326120520061068e+02  9.964146792970871047e+02  9.971824800006121450e+02
61 1221 1.001275e+00 2.284213e+01  9.922657909439487867e+02  9.957641826788145636e+02  9.963658433844261708e+02  9.974870211620749387e+02
62 1241 1.009148e+00 2.284291e+01  9.922657909439487867e+02  9.953747169275750366e+02  9.962994318089533863e+02  9.971499999999999773e+02
63 1261 1.013188e+00 2.283918e+01  9.922657909439487867e+02  9.962628377301382443e+02  9.966693047904271907e+02  9.974974771948541274e+02
64 1281 1.016044e+00 2.284202e+01  9.922657909439487867e+02  9.953210125021441854e+02  9.966120582433079562e+02  9.972723422814138985e+02
65 1301 1.014226e+00 2.283041e+01  9.922657909439487867e+02  9.953020537195608313e+02  9.963504451827511730e+02  9.970900000000000318e+02
66 1321 1.012275e+00 2.282878e+01  9.922657909439487867e+02  9.953500000000000227e+02  9.964682073067822330e+02  9.968745602018842646e+02
67 1341 1.007789e+00 2.282929e+01  9.922657909439487867e+02  9.953076129566755981e+02  9.966100628706014959e+02  9.971183761383596220e+02
68 1361 1.002593e+00 2.282258e+01  9.922657909439487867e+02  9.944172910798610019e+02  9.963892586622446288e+02  9.973069443327224235e+02
69 1381 9.981083e-01 2.283140e+01  9.922657909439487867e+02  9.950978162942114977e+02  9.964839506637229078e+02  9.973842988021779092e+02
70 1401 9.899436e-01 2.283004e+01  9.922657909439487867e+02  9.948486312217871728e+02  9.963685731767641300e+02  9.971663507463686074e+02
71 1421 9.838976e-01 2.283286e+01  9.922657909439487867e+02  9.952753461550400971e+02  9.965274372406333896e+02  9.971399999999999864e+02
72 1441 9.823547e-01 2.283564e+01  9.922657909439487867e+02  9.945464699291333091e+02  9.964863704484098434e+02  9.972736042007073820e+02
73 1461 9.815403e-01 2.284247e+01  9.922657909439487867e+02  9.953873775737758933e+02  9.964613055239549340e+02  9.973150908301987556e+02
74 1481 9.772537e-01 2.286044e+01  9.922657909439487867e+02  9.955399999999999636e+02  9.962868772311203429e+02  9.972154582967020815e+02
75 1501 9.761593e-01 2.287030e+01  9.922657909439487867e+02  9.957818748753633145e+02  9.964732484081889652e+02  9.973949824959975103e+02
76 1521 9.726705e-01 2.287119e+01  9.922657909439487867e+02  9.954529242870733015e+02  9.964118808035386792e+02  9.969554796388219984e+02
77 1541 9.676940e-01 2.288000e+01  9.922657909439487867e+02  9.949800000000000182e+02  9.963788391272242961e+02  9.972548057736903502e+02
78 1561 9.585869e-01 2.287825e+01  9.922657909439487867e+02  9.958839190052490267e+02  9.965875008480968518e+02  9.971000000000000227e+02
79 1581 9.527283e-01 2.287734e+01  9.922657909439487867e+02  9.942004511945378908e+02  9.963198948347921942e+02  9.974725460334626632e+02
80 1601 9.507893e-01 2.289827e+01  9.922657909439487867e+02  9.949279466708970858e+02  9.966499999999999773e+02  9.974570111103065528e+02
81 1621 9.503114e-01 2.291533e+01  9.922657909439487867e+02  9.952248080700866240e+02  9.963727387124213237e+02  9.968899999999999864e+02
82 1641 9.507522e-01 2.292325e+01  9.922657909439487867e+02  9.947667962868417817e+02  9.964410324873031186e+02  9.971245483536680467e+02
83 1661 9.573675e-01 2.293329e+01  9.922657909439487867e+02  9.953476837956964118e+02  9.963695866904258764e+02  9.972847708783037888e+02
84 1681 9.579746e-01 2.292932e+01  9.922657909439487867e+02  9.949939326916280606e+02  9.964152099616424039e+02  9.969441874560479846e+02
85 1701 9.596819e-01 2.293930e+01  9.922657909439487867e+02  9.957565331483421005e+02  9.966635050706286165e+02  9.975000000000000000e+02
86 1721 9.580031e-01 2.293603e+01  9.922657909439487867e+02  9.952955788542170694e+02  9.965721351485656214e+02  9.973433467244917665e+02
87 1741 9.547797e-01 2.296255e+01  9.922657909439487867e+02  9.948039411962241729e+02  9.964598837082248792e+02  9.971254949394608502e+02
88 1761 9.560003e-01 2.295924e+01  9.922657909439487867e+02  9.959834799357190604e+02  9.964036334784746032e+02  9.970709978414479338e+02
89 1781 9.593821e-01 2.296650e+01  9.922657909439487867e+02  9.940112735530997270e+02  9.962624826684564141e+02  9.971699999999999591e+02
90 1801 9.628227e-01 2.298271e+01  9.922657909439487867e+02  9.954734254815967915e+02  9.964000354572224296e+02  9.974478085720089666e+02
91 1821 9.654523e-01 2.299807e+01  9.922657909439487867e+02  9.952073591437807636e+02  9.964938965812277729e+02  9.970355775687996811e+02
92 1841 9.671551e-01 2.301554e+01  9.922657909439487867e+02  9.945700000000000500e+02  9.963579933370571098e+02  9.969348430564922410e+02
93 1861 9.675705e-01 2.301859e+01  9.922657909439487867e+02  9.960031292562604222e+02  9.964817291438125721e+02  9.970850058319949767e+02
94 1881 9.712966e-01 2.302471e+01  9.922657909439487867e+02  9.953351316103618274e+02  9.965051682971832179e+02  9.970399999999999636e+02
95 1901 9.721710e-01 2.303643e+01  9.922657909439487867e+02  9.943433727446684998e+02  9.963011234163268455e+02  9.974772817046006139e+02
96 1921 9.724604e-01 2.304095e+01  9.922657909439487867e+02  9.954430900975600025e+02  9.965151052086564505e+02  9.972504440754862571e+02
97 1941 9.753261e-01 2.306126e+01  9.922657909439487867e+02  9.948999999999999773e+02  9.965030051971630201e+02  9.969790636275322413e+02
98 1961 9.778166e-01 2.305377e+01  9.922657909439487867e+02  9.944453489645425179e+02  9.965018604894135024e+02  9.972999999999999545e+02
99 1981 9.830859e-01 2.305963e+01  9.922657909439487867e+02  9.952766346334069567e+02  9.964002213519053157e+02  9.971799999999999500e+02
100 2001 9.850837e-01 2.306171e+01  9.922657909439487867e+02  9.957548597661965459e+02  9.963340553025479949e+02  9.971012694061000730e+02
101 2021 9.865636e-01 2.305617e+01  9.922657909439487867e+02  9.943715523965668126e+02  9.965086678240595575e+02  9.971939558009758002e+02
102 2041 9.847788e-01 2.305751e+01  9.922657909439487867e+02  9.950941296173368755e+02  9.965940355599303757e+02  9.971974798407359231e+02
103 2061 9.866978e-01 2.305335e+01  9.922657909439487867e+02  9.954614428238359096e+02  9.964737554105312256e+02  9.971595320830693936e+02
104 2081 9.878045e-01 2.304950e+01  9.922657909439487867e+02  9.953433085844852712e+02  9.963979400047094259e+02  9.970900000000000318e+02
105 2101 9.844343e-01 2.306880e+01  9.922657909439487867e+02  9.956900000000000546e+02  9.965605617345233895e+02  9.974467763657795558e+02
106 2121 9.773173e-01 2.307171e+01  9.922657909439487867e+02  9.958066689854404103e+02  9.965391741260434628e+02  9.972940672807860665e+02
107 2141 9.762239e-01 2.307370e+01  9.922657909439487867e+02  9.955603694043973064e+02  9.966534080737469594e+02  9.971224524477645446e+02
108 2161 9.716551e-01 2.308550e+01  9.922657909439487867e+02  9.953231216286797007e+02  9.966721397111205079e+02  9.972089268909292059e+02
109 2181 9.690874e-01 2.309352e+01  9.922657909439487867e+02  9.950568509926980596e+02  9.962920566382497327e+02  9.971645760251172987e+02
110 2201 9.669224e-01 2.309360e+01  9.922657909439487867e+02  9.944746855410943454e+02  9.964014977541218059e+02  9.969199999999999591e+02
111 2221 9.642146e-01 2.309430e+01  9.922657909439487867e+02  9.948127357734034604e+02  9.965363463196883913e+02  9.972339704686486357e+02
112 2241 9.622079e-01 2.309690e+01  9.922657909439487867e+02  9.956653242189471484e+02  9.963877752745781891e+02  9.999949535577718507e+02
113 2261 9.611598e-01 2.308877e+01  9.922657909439487867e+02  9.958032809411788548e+02  9.965286992086162172e+02  9.974517535558909458e+02
114 2281 9.672558e-01 2.310853e+01  9.922657909439487867e+02  9.951375589066126395e+02  9.963940434569356057e+02  9.968663549637116148e+02
115 2301 9.787353e-01 2.311236e+01  9.922657909439487867e+02  9.957127364994317986e+02  9.966229738568003995e+02  9.969900000000000091e+02
116 2321 9.898545e-01 2.312013e+01  9.922657909439487867e+02  9.958404714369019075e+02  9.965789515990261407e+02  9.975071280759162846e+02
117 2341 9.952828e-01 2.312402e+01  9.922657909439487867e+02  9.956124771864949707e+02  9.964954360683320829e+02  9.972157855389474435e+02
118 2361 1.002169e+00 2.312407e+01  9.922657909439487867e+02  9.961419548154616450e+02  9.966113072922239553e+02  9.971200000000000045e+02
119 2381 1.005235e+00 2.312243e+01  9.922657909439487867e+02  9.951954994547571687e+02  9.966537887015527986e+02  9.970499999999999545e+02
120 2401 1.005373e+00 2.313205e+01  9.922657909439487867e+02  9.951566478177102226e+02  9.962002712219961040e+02  9.971743811751712201e+02
121 2421 1.007478e+00 2.313558e+01  9.922657909439487867e+02  9.948164130162640504e+02  9.964948833163624613e+02  9.971406674237275638e+02
122 2441 1.010249e+00 2.314069e+01  9.922657909439487867e+02  9.956853262707127215e+02  9.966083227979247567e+02  9.973448828641437558e+02
123 2461 1.014363e+00 2.313773e+01  9.922657909439487867e+02  9.951296734150262182e+02  9.966072753452544930e+02  9.973609756914224818e+02
124 2481 1.016631e+00 2.314904e+01  9.922657909439487867e+02  9.943555088904715831e+02  9.963587508445926915e+02  9.970551418747691059e+02
125 2501 1.016887e+00 2.316176e+01  9.922657909439487867e+02  9.950056006294979625e+02  9.964214449655114549e+02  9.972465441403797968e+02
126 2521 1.018191e+00 2.317742e+01  9.922657909439487867e+02  9.948352112705566697e+02  9.965672656085358767e+02  9.970981697268173320e+02
127 2541 1.020942e+00 2.318272e+01  9.922657909439487867e+02  9.957064725628646329e+02  9.964113108815790838e+02  9.971699999999999591e+02
128 2561 1.020302e+00 2.318265e+01  9.922657909439487867e+02  9.957966524111124045e+02  9.966407954602420887e+02  9.974272408436638671e+02
129 2581 1.016912e+00 2.318927e+01  9.922657909439487867e+02  9.957518622299646722e+02  9.964233038153379312e+02  9.972300000000000182e+02
130 2601 1.020057e+00 2.320615e+01  9.922657909439487867e+02  9.949456167821394956e+02  9.965422567109401371e+02  9.971599999999999682e+02
131 2621 1.024016e+00 2.321879e+01  9.922657909439487867e+02  9.956286193616990658e+02  9.963877083537643102e+02  9.969719172377169798e+02
132 2641 1.029603e+00 2.322178e+01  9.922657909439487867e+02  9.955905736061125708e+02  9.964679292056281383e+02  9.972540713447178859e+02
133 2661 1.031359e+00 2.325238e+01  9.922657909439487867e+02  9.951784854981294757e+02  9.964253103056921645e+02  9.972318800241449708e+02
134 2681 1.037094e+00 2.326136e+01  9.922657909439487867e+02  9.957237896113957731e+02  9.966301048744082891e+02  9.970399999999999636e+02
135 2701 1.038239e+00 2.327831e+01  9.922657909439487867e+02  9.959118070377290906e+02  9.966261026276102939e+02  9.969120377462581928e+02
136 2721 1.045718e+00 2.328191e+01  9.922657909439487867e+02  9.959589116972348393e+02  9.965155203564970634e+02  9.971161158688653359e+02
137 2741 1.055028e+00 2.328734e+01  9.922657909439487867e+02  9.950052772813976389e+02  9.965420552366856555e+02  9.999867434827411898e+02
138 2761 1.069482e+00 2.330353e+01  9.922657909439487867e+02  9.956900000000000546e+02  9.966183021796471166e+02  9.970785462576685632e+02
139 2781 1.077583e+00 2.330791e+01  9.922657909439487867e+02  9.951178353419904852e+02  9.965546563758837237e+02  9.971478684003259332e+02
140 2801 1.084875e+00 2.331489e+01  9.922657909439487867e+02  9.953700000000000045e+02  9.965931317957507645e+02  9.972615284390905117e+02
141 2821 1.091723e+00 2.331351e+01  9.922657909439487867e+02  9.953385324908309713e+02  9.965889685316828945e+02  9.999926537476301291e+02
142 2841 1.100282e+00 2.331805e+01  9.922657909439487867e+02  9.957911034714220477e+02  9.966894791207605522e+02  9.975000000000000000e+02
143 2861 1.110536e+00 2.331489e+01  9.922657909439487867e+02  9.960852865748785234e+02  9.966720910638512123e+02  9.972500000000000000e+02
144 2881 1.121011e+00 2.331543e+01  9.922657909439487867e+02  9.957738973135190008e+02  9.964897601075863349e+02  9.974260458676754979e+02
145 2901 1.126321e+00 2.332652e+01  9.922657909439487867e+02  9.953029767528601042e+02  9.965094415358694278e+02  9.971805216613515768e+02
146 2921 1.131788e+00 2.333129e+01  9.922657909439487867e+02  9.958899999999999864e+02  9.965951860999723522e+02  9.970110412388569330e+02
147 2941 1.139650e+00 2.332771e+01  9.922657909439487867e+02  9.950430537120182635e+02  9.964893070406881179e+02  9.972661573709473259e+02
148 2961 1.146680e+00 2.332581e+01  9.922657909439487867e+02  9.956984774408145995e+02  9.965815557631158299e+02  9.970094049660567634e+02
149 2981 1.152463e+00 2.331776e+01  9.922657909439487867e+02  9.954554040152703465e+02  9.966485894446143448e+02  9.974330607217095803e+02
150 3001 1.157306e+00 2.331740e+01  9.922657909439487867e+02  9.959020785014654393e+02  9.966395015568325562e+02  9.973385035810764521e+02
151 3021 1.162864e+00 2.334775e+01  9.922657909439487867e+02  9.960000000000000000e+02  9.963435583260361454e+02  9.978717971640695623e+02
152 3041 1.163895e+00 2.336101e+01  9.922657909439487867e+02  9.949099999999999682e+02  9.963820741060139881e+02  9.972135617749667063e+02
153 3061 1.171162e+00 2.337188e+01  9.922657909439487867e+02  9.951683061610025334e+02  9.965722906852381584e+02  9.999904621935886553e+02
154 3081 1.175506e+00 2.337034e+01  9.922657909439487867e+02  9.947899999999999636e+02  9.964122506827287680e+02  9.971127267799553238e+02
155 3101 1.181813e+00 2.336738e+01  9.922657909439487867e+02  9.951200000000000045e+02  9.964960050687210469e+02  9.974026945629709644e+02
156 3121 1.185419e+00 2.337620e+01  9.922657909439487867e+02  9.944361415671597797e+02  9.965202778456399528e+02  9.971162047827730248e+02
157 3141 1.189208e+00 2.338400e+01  9.922657909439487867e+02  9.949741741010984697e+02  9.964491544974466706e+02  9.971396493618781278e+02
158 3161 1.191985e+00 2.338920e+01  9.922657909439487867e+02  9.958220850895110061e+02  9.966178433710521176e+02  9.999914798714836479e+02
159 3181 1.197768e+00 2.338837e+01  9.922657909439487867e+02  9.952295357025582234e+02  9.964311875071605300e+02  9.973957133026090105e+02
160 3201 1.204822e+00 2.339126e+01  9.922657909439487867e+02  9.953400000000000318e+02  9.965392460761779603e+02  9.972343163912019008e+02
161 3221 1.206116e+00 2.339294e+01  9.922657909439487867e+02  9.958334609977226819e+02  9.965632760685150515e+02  9.973096379699577483e+02
162 3241 1.211298e+00 2.339668e+01  9.922657909439487867e+02  9.955641600697366584e+02  9.964620282198275163e+02  9.969173038514622931e+02
163 3261 1.215127e+00 2.339838e+01  9.922657909439487867e+02  9.952400000000000091e+02  9.966917542902037894e+02  9.979104281723191434e+02
164 3281 1.221019e+00 2.339309e+01  9.922657909439487867e+02  9.951708902739384257e+02  9.965487993819622261e+02  9.981830566619660203e+02
165 3301 1.228915e+00 2.338282e+01  9.922657909439487867e+02  9.958429338429347126e+02  9.965953895048628510e+02  9.972011889697871538e+02
166 3321 1.235995e+00 2.340853e+01  9.922657909439487867e+02  9.957364327798294426e+02  9.965085174230805478e+02  9.999885227437511048e+02
167 3341 1.238619e+00 2.340757e+01  9.922657909439487867e+02  9.944905412602091701e+02  9.964563006382510366e+02  9.971186225563940297e+02
168 3361 1.241948e+00 2.341117e+01  9.922657909439487867e+02  9.956640363369911029e+02  9.965943311346921973e+02  9.976589236965659211e+02
169 3381 1.246036e+00 2.341318e+01  9.922657909439487867e+02  9.959354716670558219e+02  9.965654157038242147e+02  9.973615944655352905e+02
170 3401 1.246812e+00 2.343613e+01  9.922657909439487867e+02  9.950594997533805781e+02  9.964500686673436576e+02  9.974578899576218873e+02
171 3421 1.245461e+00 2.344932e+01  9.922657909439487867e+02  9.953145533742116413e+02  9.966827497118097199e+02  9.972644088276952061e+02
172 3441 1.243492e+00 2.346265e+01  9.922657909439487867e+02  9.952249839752940943e+02  9.966105530593995354e+02  9.974123553805617348e+02
173 3461 1.244466e+00 2.346529e+01  9.922657909439487867e+02  9.956799999999999500e+02  9.965772528476115895e+02  9.974600000000000364e+02
174 3481 1.243857e+00 2.346865e+01  9.922657909439487867e+02  9.958813423080085840e+02  9.967022996477016932e+02  9.971918805736999047e+02
175 3501 1.237832e+00 2.347456e+01  9.922657909439487867e+02  9.959650524673234031e+02  9.964666689785456128e+02  9.973909759343239330e+02
176 3521 1.231393e+00 2.347566e+01  9.922657909439487867e+02  9.951571467876966608e+02  9.965970589323476361e+02  9.973565045411813799e+02
177 3541 1.224197e+00 2.347409e+01  9.922657909439487867e+02  9.954862451750370838e+02  9.964676742159585956e+02  9.973241186829911840e+02
178 3561 1.221161e+00 2.348285e+01  9.922657909439487867e+02  9.955892664035714006e+02  9.966042507826890642e+02  9.970948647480687441e+02
179 3581 1.219785e+00 2.348111e+01  9.922657909439487867e+02  9.957612145795578726e+02  9.967068469525072487e+02  9.970026755890972936e+02
180 3601 1.216633e+00 2.347567e+01  9.922657909439487867e+02  9.954299999999999500e+02  9.964146377254503477e+02  9.969418023887034224e+02
181 3621 1.212653e+00 2.347185e+01  9.922657909439487867e+02  9.953292283960577151e+02  9.962924278955638329e+02  9.972440526941882126e+02
182 3641 1.202966e+00 2.347555e+01  9.922657909439487867e+02  9.954461488174828219e+02  9.964264828067244935e+02  9.968461052568172818e+02
183 3661 1.194362e+00 2.348080e+01  9.922657909439487867e+02  9.957275701870464673e+02  9.966590419827700771e+02  9.970642390815459066e+02
184 3681 1.190426e+00 2.349404e+01  9.922657909439487867e+02  9.959400344168259380e+02  9.963752001193373644e+02  9.971022897450184246e+02
185 3701 1.187054e+00 2.349696e+01  9.922657909439487867e+02  9.952449474336455069e+02  9.962118380757465275e+02  9.999878672917247968e+02
186 3721 1.180453e+00 2.350009e+01  9.922657909439487867e+02  9.954004103172640043e+02  9.966106955646014285e+02  9.968842112976043381e+02
187 3741 1.183044e+00 2.349975e+01  9.922657909439487867e+02  9.954871826703639499e+02  9.966100401446263959e+02  9.972123083897317883e+02
188 3761 1.184901e+00 2.350457e+01  9.922657909439487867e+02  9.954363396059065963e+02  9.964819243551785348e+02  9.971323445354927344e+02
189 3781 1.187570e+00 2.350636e+01  9.922657909439487867e+02  9.947907665755355993e+02  9.966658199579997017e+02  9.975091072121292655e+02
190 3801 1.191441e+00 2.350218e+01  9.922657909439487867e+02  9.955726203650991692e+02  9.963962009259616934e+02  9.975446740376036132e+02
191 3821 1.198635e+00 2.350573e+01  9.922657909439487867e+02  9.950391175120871594e+02  9.965805514180624414e+02  9.972577655620123096e+02
192 3841 1.208154e+00 2.351703e+01  9.922657909439487867e+02  9.955399999999999636e+02  9.965079710126863120e+02  9.973099999999999454e+02
193 3861 1.213884e+00 2.351491e+01  9.922657909439487867e+02  9.955437535379921883e+02  9.965997372674787584e+02  9.972400000000000091e+02
194 3881 1.218071e+00 2.350644e+01  9.922657909439487867e+02  9.950019475252028087e+02  9.964157901930484513e+02  9.972041377730756722e+02
195 3901 1.226134e+00 2.350854e+01  9.922657909439487867e+02  9.951589321401061170e+02  9.966107990273700352e+02  9.972000000000000455e+02
196 3921 1.235568e+00 2.352209e+01  9.922657909439487867e+02  9.951063005077426169e+02  9.962233868147317253e+02  9.968219855057074028e+02
197 3941 1.245003e+00 2.352557e+01  9.922657909439487867e+02  9.952152104474071166e+02  9.965091914425092909e+02  9.972300000000000182e+02
198 3961 1.252011e+00 2.352058e+01  9.922657909439487867e+02  9.951399999999999864e+02  9.966260978157033605e+02  9.971531337426731625e+02
199 3981 1.260798e+00 2.352614e+01  9.922657909439487867e+02  9.947892363203575314e+02  9.964735727472515237e+02  9.970800000000000409e+02
200 4001 1.271682e+00 2.353202e+01  9.922657909439487867e+02  9.952593231755977286e+02  9.965506857157123477e+02  9.970738188488491005e+02
201 4021 1.280087e+00 2.354042e+01  9.922657909439487867e+02  9.940785138719630822e+02  9.964819681004984204e+02  9.972607182840071118e+02
202 4041 1.285034e+00 2.354439e+01  9.922657909439487867e+02  9.948432382895364299e+02  9.965299570931969129e+02  9.969755209934613731e+02
203 4061 1.285260e+00 2.355952e+01  9.922657909439487867e+02  9.957175870979551746e+02  9.967913803254039067e+02  9.972073292588548838e+02
204 4081 1.290758e+00 2.358160e+01  9.922657909439487867e+02  9.957610738910215105e+02  9.964801206955842190e+02  9.969335161349958980e+02
205 4101 1.303374e+00 2.360978e+01  9.922657909439487867e+02  9.956010074311520839e+02  9.964975118055356234e+02  9.971424837515212403e+02
206 4121 1.313947e+00 2.363012e+01  9.922657909439487867e+02  9.953848508623350426e+02  9.965328894937649693e+02  9.972352544013729130e+02
207 4141 1.325524e+00 2.364652e+01  9.922657909439487867e+02  9.939338182349223416e+02  9.965403606293516532e+02  9.974230268441235694e+02
208 4161 1.331920e+00 2.367496e+01  9.922657909439487867e+02  9.959781871447545427e+02  9.967643229731763768e+02  9.973005008970176277e+02
209 4181 1.337881e+00 2.369287e+01  9.922657909439487867e+02  9.957215007327789635e+02  9.964151657870088457e+02  9.973531235672095363e+02
210 4201 1.340779e+00 2.371459e+01  9.922657909439487867e+02  9.956774376794240879e+02  9.966891368938790947e+02  9.972605632323114833e+02
211 4221 1.340125e+00 2.373593e+01  9.922657909439487867e+02  9.954082534821678792e+02  9.966960104261343076e+02  9.972629690846624726e+02
212 4241 1.335523e+00 2.374272e+01  9.922657909439487867e+02  9.957081644158222389e+02  9.968365444333039704e+02  9.972108925648072955e+02
213 4261 1.332110e+00 2.374143e+01  9.922657909439487867e+02  9.948591938271722483e+02  9.964187181263671391e+02  9.970111059374503384e+02
214 4281 1.320816e+00 2.374168e+01  9.922657909439487867e+02  9.959197767562726540e+02  9.966168604645890809e+02  9.972859570950108719e+02
215 4301 1.312070e+00 2.373786e+01  9.922657909439487867e+02  9.958284398655002860e+02  9.965737036133855327e+02  9.973178493387028993e+02
216 4321 1.305749e+00 2.374046e+01  9.922657909439487867e+02  9.958799999999999955e+02  9.965783807367552072e+02  9.972748228380196451e+02
217 4341 1.301620e+00 2.374248e+01  9.922657909439487867e+02  9.959229236314110949e+02  9.965656111545461044e+02  9.971479326652209920e+02
218 4361 1.294388e+00 2.373889e+01  9.922657909439487867e+02  9.953163602906990945e+02  9.963912844097378638e+02  9.971264398707759256e+02
219 4381 1.287021e+00 2.373265e+01  9.922657909439487867e+02  9.959386352054887084e+02  9.965897288961260756e+02  9.970462852004355909e+02
220 4401 1.282795e+00 2.373898e+01  9.922657909439487867e+02  9.951040231869453692e+02  9.964894817495760435e+02  9.968106294888890488e+02
221 4421 1.280875e+00 2.372079e+01  9.922657909439487867e+02  9.943424300672045320e+02  9.966968609218305346e+02  9.971050727955154116e+02
222 4441 1.282552e+00 2.371240e+01  9.922657909439487867e+02  9.946393396479010107e+02  9.965230644767945023e+02  9.969509124987062023e+02
223 4461 1.283653e+00 2.371212e+01  9.922657909439487867e+02  9.960129803700959883e+02  9.964672026006569467e+02  9.971834245028451278e+02
224 4481 1.285229e+00 2.370077e+01  9.922657909439487867e+02  9.957335549949145843e+02  9.965641875759171171e+02  9.969521350068969241e+02
225 4501 1.289574e+00 2.369774e+01  9.922657909439487867e+02  9.957595961998249550e+02  9.965309709366620154e+02  9.973329002003299593e+02
226 4521 1.295975e+00 2.370637e+01  9.922657909439487867e+02  9.955666618136083343e+02  9.965894743318976907e+02  9.967720882701726168e+02
227 4541 1.298832e+00 2.369194e+01  9.922657909439487867e+02  9.955180403343030093e+02  9.964606944464771914e+02  9.972033865662715471e+02
228 4561 1.298975e+00 2.368098e+01  9.922657909439487867e+02  9.954421049047143697e+02  9.961784272351037544e+02  9.972282762670356533e+02
229 4581 1.296125e+00 2.368716e+01  9.922657909439487867e+02  9.956442635593764408e+02  9.965474290338528363e+02  9.970337436331834624e+02
230 4601 1.293498e+00 2.368360e+01  9.922657909439487867e+02  9.957052687497218812e+02  9.963358878028486743e+02  9.974203315253996607e+02
231 4621 1.290616e+00 2.368415e+01  9.922657909439487867e+02  9.959571550642006059e+02  9.964222369724523105e+02  9.971554400443079658e+02
232 4641 1.283572e+00 2.368927e+01  9.922657909439487867e+02  9.955825859997660245e+02  9.965036266435743073e+02  9.968899999999999864e+02
233 4661 1.281907e+00 2.368428e+01  9.922657909439487867e+02  9.950911293457888860e+02  9.964896917182342122e+02  9.971628111688987701e+02
234 4681 1.286209e+00 2.368600e+01  9.922657909439487867e+02  9.954404593046131140e+02  9.964598798643387454e+02  9.967492855348806415e+02
235 4701 1.292370e+00 2.369438e+01  9.922657909439487867e+02  9.950721979530394492e+02  9.964546958726657522e+02  9.971135436276091468e+02
236 4721 1.302956e+00 2.369426e+01  9.922657909439487867e+02  9.951090075909343113e+02  9.962856858693835420e+02  9.967875051655767038e+02
237 4741 1.312524e+00 2.369158e+01  9.922657909439487867e+02  9.955254696059478192e+02  9.964368913085666009e+02  9.968805981624640253e+02
238 4761 1.322624e+00 2.370142e+01  9.922657909439487867e+02  9.959700000000000273e+02  9.965845677027039073e+02  9.970624769989238985e+02
239 4781 1.328849e+00 2.370473e+01  9.922657909439487867e+02  9.954965338159714747e+02  9.965961953477670932e+02  9.972446786966683021e+02
240 4801 1.337915e+00 2.370144e+01  9.922657909439487867e+02  9.947484422903308996e+02  9.966524861143539056e+02  9.968876473129278111e+02
241 4821 1.347305e+00 2.370907e+01  9.922657909439487867e+02  9.958818899454793154e+02  9.964739674800756575e+02  9.970323416097572817e+02
242 4841 1.355765e+00 2.369367e+01  9.922657909439487867e+02  9.958899999999999864e+02  9.965072433155135059e+02  9.969561193599934086e+02
243 4861 1.366929e+00 2.368653e+01  9.922657909439487867e+02  9.956101877397871931e+02  9.964995479449246432e+02  9.970802460004816794e+02
244 4881 1.380646e+00 2.368366e+01  9.922657909439487867e+02  9.940602736120567897e+02  9.964150444770423292e+02  9.972921823641135006e+02
245 4901 1.397334e+00 2.368077e+01  9.922657909439487867e+02  9.953644415266128362e+02  9.965143918827241123e+02  9.967939541528126028e+02
246 4921 1.420970e+00 2.369476e+01  9.922657909439487867e+02  9.955337642048261841e+02  9.965805188538861330e+02  9.972127624251642146e+02
247 4941 1.440890e+00 2.369287e+01  9.922657909439487867e+02  9.953644916185039619e+02  9.964916733362932746e+02  9.971147142844561131e+02
248 4961 1.466934e+00 2.370722e+01  9.922657909439487867e+02  9.956862611105435690e+02  9.965718845764813523e+02  9.972007317123773191e+02
249 4981 1.493356e+00 2.370190e+01  9.922657909439487867e+02  9.959301772982145167e+02  9.964774057784386514e+02  9.969158915223468966e+02
250 5001 1.517236e+00 2.371050e+01  9.922657909439487867e+02  9.951801374300916905e+02  9.964459432100973117e+02  9.977555757741855587e+02
251 5021 1.533129e+00 2.372289e+01  9.922657909439487867e+02  9.959750440786980334e+02  9.965925005617409624e+02  9.969720372308802325e+02
252 5041 1.544484e+00 2.375087e+01  9.922657909439487867e+02  9.959561151186403549e+02  9.965820172718962340e+02  9.999898658090532990e+02
253 5061 1.550281e+00 2.376255e+01  9.922657909439487867e+02  9.957829191688084620e+02  9.965433294395363646e+02  9.968850162973469651e+02
254 5081 1.558339e+00 2.376271e+01  9.922657909439487867e+02  9.952131173063791039e+02  9.965979238921935348e+02  9.999907386763226214e+02
255 5101 1.573756e+00 2.377152e+01  9.922657909439487867e+02  9.952221867628247765e+02  9.965566968270984489e+02  9.973649354227213735e+02
256 5121 1.585377e+00 2.376746e+01  9.922657909439487867e+02  9.960158247180221451e+02  9.964769326278998278e+02  9.973380816844602350e+02
257 5141 1.592614e+00 2.376939e+01  9.922657909439487867e+02  9.958355832469810593e+02  9.965779716587626353e+02  9.973320816264470068e+02
258 5161 1.595451e+00 2.377394e+01  9.922657909439487867e+02  9.961411614559428926e+02  9.966101313314406980e+02  9.972331309567268818e+02
259 5181 1.594764e+00 2.378226e+01  9.922657909439487867e+02  9.956609073347480034e+02  9.964843589167464870e+02  9.973084835521875675e+02
260 5201 1.601945e+00 2.377672e+01  9.922657909439487867e+02  9.957762863226337231e+02  9.965618733585088194e+02  9.978784275334733138e+02
261 5221 1.606379e+00 2.378019e+01  9.922657909439487867e+02  9.955394702453335185e+02  9.967475177264279864e+02  9.972244218044131685e+02
262 5241 1.607422e+00 2.378362e+01  9.922657909439487867e+02  9.955771501219368247e+02  9.965297297839092607e+02  9.969670990305968417e+02
263 5261 1.607833e+00 2.378109e+01  9.922657909439487867e+02  9.952668947769361694e+02  9.965117704539414945e+02  9.969369871658608417e+02
264 5281 1.598299e+00 2.378759e+01  9.922657909439487867e+02  9.960292801749114915e+02  9.966332135091131477e+02  9.972834536571056105e+02
265 5301 1.587862e+00 2.379976e+01  9.922657909439487867e+02  9.956299999999999955e+02  9.965266057605754213e+02  9.971816249909068119e+02
266 5321 1.581590e+00 2.381035e+01  9.922657909439487867e+02  9.957151928309205005e+02  9.968258948480583967e+02  9.971145075989828683e+02
267 5341 1.578458e+00 2.379954e+01  9.922657909439487867e+02  9.957476353744877997e+02  9.966527248517891167e+02  9.973623866297808718e+02
268 5361 1.578979e+00 2.380470e+01  9.922657909439487867e+02  9.959327989790958782e+02  9.966959314409406261e+02  9.968713689895331527e+02
269 5381 1.575233e+00 2.380165e+01  9.922657909439487867e+02  9.947100000000000364e+02  9.964922612250240945e+02  9.970499999999999545e+02
270 5401 1.568531e+00 2.380628e+01  9.922657909439487867e+02  9.950725934382769537e+02  9.965690865564771457e+02  9.971137586697017241e+02
271 5421 1.563628e+00 2.379788e+01  9.922657909439487867e+02  9.960262982628551072e+02  9.965322884980402023e+02  9.970629590298186713e+02
272 5441 1.562966e+00 2.379130e+01  9.922657909439487867e+02  9.951879073883703768e+02  9.964898337724459907e+02  9.972576782117289440e+02
273 5461 1.564315e+00 2.379258e+01  9.922657909439487867e+02  9.959207257481231181e+02  9.966382030851615355e+02  9.972833205629380018e+02
274 5481 1.568300e+00 2.379455e+01  9.922657909439487867e+02  9.938463474775351187e+02  9.967009344681036964e+02  9.980065442460365830e+02
275 5501 1.572837e+00 2.379413e+01  9.922657909439487867e+02  9.952201883118685828e+02  9.964167602116471016e+02  9.972133819413618312e+02
276 5521 1.580627e+00 2.378799e+01  9.922657909439487867e+02  9.950111514257527006e+02  9.966964911860034135e+02  9.972602254427368962e+02
277 5541 1.589251e+00 2.380247e+01  9.922657909439487867e+02  9.956249504076354242e+02  9.965072263278302671e+02  9.972769915536787266e+02
278 5561 1.606565e+00 2.381256e+01  9.922657909439487867e+02  9.948449770990448542e+02  9.964257929142320336e+02  9.970071524542294128e+02
279 5581 1.621911e+00 2.381687e+01  9.922657909439487867e+02  9.945440918792789944e+02  9.967404263783528222e+02  9.971724915703986198e+02
280 5601 1.630562e+00 2.380978e+01  9.922657909439487867e+02  9.961665240632440828e+02  9.968088619696409296e+02  9.970759300832029339e+02
281 5621 1.641469e+00 2.380801e+01  9.922657909439487867e+02  9.958559462455748417e+02  9.968252570052586634e+02  9.973099999999999454e+02
282 5641 1.654289e+00 2.380672e+01  9.922657909439487867e+02  9.958085711838688212e+02  9.966747210648281907e+02  9.999967596551866791e+02
283 5661 1.661677e+00 2.380695e+01  9.922657909439487867e+02  9.939535750823623630e+02  9.968267706598180666e+02  9.972987251801316688e+02
284 5681 1.662865e+00 2.381482e+01  9.922657909439487867e+02  9.952623220277769178e+02  9.967215850747692230e+02  9.999886213747139436e+02
285 5701 1.662400e+00 2.381775e+01  9.922657909439487867e+02  9.960703827364560539e+02  9.967031027756315780e+02  9.970831631589883273e+02
286 5721 1.663574e+00 2.381416e+01  9.922657909439487867e+02  9.955328261105678394e+02  9.966136795498721312e+02  9.969492210913293775e+02
287 5741 1.655992e+00 2.380547e+01  9.922657909439487867e+02  9.958400000000000318e+02  9.967791836131689251e+02  9.972290554881559501e+02
288 5761 1.653833e+00 2.380668e+01  9.922657909439487867e+02  9.957101949707305266e+02  9.967073178288743520e+02  9.970614252031759861e+02
289 5781 1.654169e+00 2.380908e+01  9.922657909439487867e+02  9.951371152535319879e+02  9.966487487886686267e+02  9.969669918106782234e+02
290 5801 1.651123e+00 2.381358e+01  9.922657909439487867e+02  9.962119230004650490e+02  9.968432181910927738e+02  9.972389783758234216e+02
291 5821 1.651704e+00 2.383123e+01  9.922657909439487867e+02  9.957218112183437597e+02  9.965552892174874842e+02  9.969028693086504518e+02
292 5841 1.664881e+00 2.385113e+01  9.922657909439487867e+02  9.956611597010704600e+02  9.966643649649502095e+02  9.971646324366071212e+02
293 5861 1.674002e+00 2.384785e+01  9.922657909439487867e+02  9.958300000000000409e+02  9.965833208421238396e+02  9.970530598925399772e+02
294 5881 1.689037e+00 2.384502e+01  9.922657909439487867e+02  9.954031188679903153e+02  9.965963904752929921e+02  9.972074683796201953e+02
295 5901 1.697666e+00 2.385041e+01  9.922657909439487867e+02  9.955614322973647177e+02  9.966465351320613308e+02  9.972419508188852433e+02
296 5921 1.698423e+00 2.386081e+01  9.922657909439487867e+02  9.954223935565711372e+02  9.966893005380261457e+02  9.972984278144227801e+02
297 5941 1.699894e+00 2.385326e+01  9.922657909439487867e+02  9.947058284059219204e+02  9.963723644204237644e+02  9.971240704809154067e+02
298 5961 1.703228e+00 2.385392e+01  9.922657909439487867e+02  9.953507793103186714e+02  9.965732701745573650e+02  9.970275955949695117e+02
299 5981 1.688793e+00 2.385313e+01  9.922657909439487867e+02  9.946501736243376399e+02  9.965642857349246242e+02  9.972214261356683664e+02
300 6001 1.671564e+00 2.385022e+01  9.922657909439487867e+02  9.954725523165012646e+02  9.965666065843306569e+02  9.970936573392746141e+02
301 6021 1.659734e+00 2.384330e+01  9.922657909439487867e+02  9.960409628378912430e+02  9.968152219332764616e+02  9.970065570520454230e+02
302 6041 1.651653e+00 2.384160e+01  9.922657909439487867e+02  9.956524125675572350e+02  9.966391443728224431e+02  9.971335657501581409e+02
303 6061 1.638334e+00 2.382731e+01  9.922657909439487867e+02  9.957610818901370067e+02  9.967304174375681214e+02  9.972678520882840303e+02
304 6081 1.625345e+00 2.383770e+01  9.922657909439487867e+02  9.955377852513532844e+02  9.965865413684921350e+02  9.971056284242384891e+02
305 6101 1.610965e+00 2.385778e+01  9.922657909439487867e+02  9.956887088420999135e+02  9.965790633963092660e+02  9.971713080841217334e+02
306 6121 1.605309e+00 2.385700e+01  9.922657909439487867e+02  9.957103672964240104e+02  9.965102230733820079e+02  9.970134642850443925e+02
307 6141 1.593442e+00 2.386519e+01  9.922657909439487867e+02  9.953333808283294957e+02  9.966890155236665123e+02  9.970495464063204736e+02
308 6161 1.588311e+00 2.387051e+01  9.922657909439487867e+02  9.949637941094742928e+02  9.966169830672099579e+02  9.971048307199843066e+02
309 6181 1.577422e+00 2.386542e+01  9.922657909439487867e+02  9.957472744527290160e+02  9.966286270296714065e+02  9.970992695013169396e+02
310 6201 1.568271e+00 2.388277e+01  9.922657909439487867e+02  9.959081732555231383e+02  9.964614386152341012e+02  9.969538785696876175e+02
311 6221 1.565708e+00 2.388971e+01  9.922657909439487867e+02  9.949041771547143753e+02  9.966420044748083455e+02  9.970785621690571361e+02
312 6241 1.563216e+00 2.390141e+01  9.922657909439487867e+02  9.959250538857727406e+02  9.966925783184210559e+02  9.972300000000000182e+02
313 6261 1.555357e+00 2.390146e+01  9.922657909439487867e+02  9.959400000000000546e+02  9.967833989026219115e+02  9.976499999999999773e+02
314 6281 1.546365e+00 2.391032e+01  9.922657909439487867e+02  9.952907983392919959e+02  9.967675610814119409e+02  9.972447244175272090e+02
315 6301 1.540039e+00 2.390489e+01  9.922657909439487867e+02  9.960284838525598161e+02  9.965918447144576930e+02  9.970552121498528777e+02
316 6321 1.528715e+00 2.390793e+01  9.922657909439487867e+02  9.959704891489886904e+02  9.965068305855073731e+02  9.970333022507212490e+02
317 6341 1.523839e+00 2.389882e+01  9.922657909439487867e+02  9.957357155742188297e+02  9.965434055646726392e+02  9.972884789285628813e+02
318 6361 1.522894e+00 2.389647e+01  9.922657909439487867e+02  9.956924269795040345e+02  9.966877685290830868e+02  9.970068208831559105e+02
319 6381 1.526139e+00 2.389032e+01  9.922657909439487867e+02  9.953174983731540806e+02  9.964886552367099739e+02  9.969508976342593769e+02
320 6401 1.526033e+00 2.388540e+01  9.922657909439487867e+02  9.956566253371361199e+02  9.965782595759328615e+02  9.970817829989277925e+02
321 6421 1.529968e+00 2.388874e+01  9.922657909439487867e+02  9.953960838499766623e+02  9.966301048804904212e+02  9.969194625627050073e+02
322 6441 1.532138e+00 2.388526e+01  9.922657909439487867e+02  9.955196880949578144e+02  9.964666450284350958e+02  9.968518026833343129e+02
323 6461 1.524414e+00 2.390143e+01  9.922657909439487867e+02  9.957004962340610064e+02  9.963651749817493055e+02  9.971482578558002388e+02
324 6481 1.517118e+00 2.390105e+01  9.922657909439487867e+02  9.953288385353523609e+02  9.965320737178046784e+02  9.971616336591308709e+02
325 6501 1.505581e+00 2.389919e+01  9.922657909439487867e+02  9.958196240137624500e+02  9.966226078257093377e+02  9.971847881240217930e+02
326 6521 1.491251e+00 2.392019e+01  9.922657909439487867e+02  9.946075111106565600e+02  9.966524693305037772e+02  9.970729137514711056e+02
327 6541 1.489133e+00 2.394047e+01  9.922657909439487867e+02  9.948584347880801033e+02  9.965991480069355930e+02  9.971367990087929911e+02
328 6561 1.492274e+00 2.395625e+01  9.922657909439487867e+02  9.954689618611373589e+02  9.964690547426068861e+02  9.973335515117865953e+02
329 6581 1.494170e+00 2.395283e+01  9.922657909439487867e+02  9.961595399494285630e+02  9.965103703405754914e+02  9.969523354739349088e+02
330 6601 1.497293e+00 2.394886e+01  9.922657909439487867e+02  9.946095916777034063e+02  9.965434613076290589e+02  9.970405800798562268e+02
331 6621 1.498896e+00 2.394693e+01  9.922657909439487867e+02  9.955343879819474751e+02  9.966704720652011247e+02  9.969442049496861955e+02
332 6641 1.502280e+00 2.396762e+01  9.922657909439487867e+02  9.958491574070581009e+02  9.965740957053543525e+02  9.970145641588832177e+02
333 6661 1.502042e+00 2.397128e+01  9.922657909439487867e+02  9.948702155945022696e+02  9.966397361427259511e+02  9.968794493419724176e+02
334 6681 1.494826e+00 2.396647e+01  9.922657909439487867e+02  9.956549080247382335e+02  9.965657025021909021e+02  9.971570908648313889e+02
335 6701 1.492632e+00 2.394806e+01  9.922657909439487867e+02  9.960517478915218135e+02  9.964713852525414950e+02  9.968681635640156173e+02
336 6721 1.489372e+00 2.394786e+01  9.922657909439487867e+02  9.954968806021188357e+02  9.965288726283606593e+02  9.968298998187500501e+02
337 6741 1.488667e+00 2.394926e+01  9.922657909439487867e+02  9.949550768187240237e+02  9.965619739404658048e+02  9.970071836998984054e+02
338 6761 1.489510e+00 2.396045e+01  9.922657909439487867e+02  9.952773866588449891e+02  9.964582106141626809e+02  9.967264136465811362e+02
339 6781 1.494147e+00 2.396702e+01  9.922657909439487867e+02  9.955421353738438484e+02  9.964893983593854045e+02  9.970384359310762648e+02
340 6801 1.499565e+00 2.396743e+01  9.922657909439487867e+02  9.954578873371143573e+02  9.965649215492657049e+02  9.970951382422304050e+02
341 6821 1.508014e+00 2.395931e+01  9.922657909439487867e+02  9.955867161168798702e+02  9.965415251163516359e+02  9.970854723456847069e+02
342 6841 1.514713e+00 2.396887e+01  9.922657909439487867e+02  9.952113808242286268e+02  9.965196687273280531e+02  9.968503802623916954e+02
343 6861 1.521885e+00 2.396246e+01  9.922657909439487867e+02  9.945692739497018238e+02  9.965111157952289886e+02  9.969199999999999591e+02
344 6881 1.532780e+00 2.395978e+01  9.922657909439487867e+02  9.953356839831807292e+02  9.964642885696744088e+02  9.969824543624995385e+02
345 6901 1.543114e+00 2.395269e+01  9.922657909439487867e+02  9.954794830953588871e+02  9.964004157341539667e+02  9.971613993704619361e+02
346 6921 1.553115e+00 2.395859e+01  9.922657909439487867e+02  9.942902324144221211e+02  9.965718167372820062e+02  9.971378568027877236e+02
347 6941 1.559893e+00 2.395886e+01  9.922657909439487867e+02  9.955509134084741163e+02  9.964934513628925288e+02  9.969658992602451235e+02
348 6961 1.576041e+00 2.396513e+01  9.922657909439487867e+02  9.958553740723743886e+02  9.966462456847727935e+02  9.969757936022105014e+02
349 6981 1.590420e+00 2.397583e+01  9.922657909439487867e+02  9.956448773501557525e+02  9.967445738184735546e+02  9.970370325887691934e+02
350 7001 1.598589e+00 2.398434e+01  9.922657909439487867e+02  9.952395067527222636e+02  9.965573358390938665e+02  9.968671319853436898e+02
351 7021 1.603610e+00 2.399148e+01  9.922657909439487867e+02  9.960509761160685684e+02  9.966447600054801796e+02  9.971122860328107436e+02
352 7041 1.609835e+00 2.400487e+01  9.922657909439487867e+02  9.951949465379873345e+02  9.964856615701984310e+02  9.970251117468742450e+02
353 7061 1.614070e+00 2.401231e+01  9.922657909439487867e+02  9.953633972241875654e+02  9.965736681400189809e+02  9.969043056931863021e+02
354 7081 1.611744e+00 2.401808e+01  9.922657909439487867e+02  9.951738156952651480e+02  9.964633358806511296e+02  9.968621548514819324e+02
355 7101 1.605516e+00 2.402882e+01  9.922657909439487867e+02  9.955887525834875760e+02  9.966902525016824939e+02  9.970982643073048166e+02
356 7121 1.603498e+00 2.402444e+01  9.922657909439487867e+02  9.957822042577412276e+02  9.964016902802563891e+02  9.968772050067798318e+02
357 7141 1.604631e+00 2.402758e+01  9.922657909439487867e+02  9.953194185824451097e+02  9.964509521098636924e+02  9.969135124061842816e+02
358 7161 1.605135e+00 2.402435e+01  9.922657909439487867e+02  9.943631419217430221e+02  9.964903641397887668e+02  9.968894719103859643e+02
359 7181 1.610063e+00 2.402503e+01  9.922657909439487867e+02  9.947043186953866325e+02  9.964151157700918020e+02  9.971055292469026199e+02
360 7201 1.615430e+00 2.402765e+01  9.922657909439487867e+02  9.958307698387612845e+02  9.965007686862536502e+02  9.970456000255903746e+02
361 7221 1.617206e+00 2.402411e+01  9.922657909439487867e+02  9.946302013907779838e+02  9.963502720641098449e+02  9.970332828607869260e+02
362 7241 1.617574e+00 2.402823e+01  9.922657909439487867e+02  9.953584943849842830e+02  9.964938985713814645e+02  9.970396484788785756e+02
363 7261 1.617337e+00 2.403317e+01  9.922657909439487867e+02  9.958678625520933565e+02  9.965798708599268139e+02  9.971438486710625284e+02
364 7281 1.623372e+00 2.403206e+01  9.922657909439487867e+02  9.962147967511040179e+02  9.966771219707275122e+02  9.970589035770670989e+02
365 7301 1.633674e+00 2.405506e+01  9.922657909439487867e+02  9.957712099375398793e+02  9.965255477881585193e+02  9.969004647707704407e+02
366 7321 1.645128e+00 2.405059e+01  9.922657909439487867e+02  9.959061067101433764e+02  9.965123170199336755e+02  9.969267213835560142e+02
367 7341 1.647640e+00 2.405299e+01  9.922657909439487867e+02  9.960488905426817610e+02  9.965385189080093369e+02  9.970708629686026825e+02
368 7361 1.652379e+00 2.404669e+01  9.922657909439487867e+02  9.956028300055913860e+02  9.964423558178868916e+02  9.971422039402641531e+02
369 7381 1.657660e+00 2.406066e+01  9.922657909439487867e+02  9.953099999999999454e+02  9.964650820399060649e+02  9.970213023613245014e+02
370 7401 1.658565e+00 2.407201e+01  9.922657909439487867e+02  9.951662941056299587e+02  9.965004214374166622e+02  9.970001070646367225e+02
371 7421 1.653787e+00 2.406157e+01  9.922657909439487867e+02  9.947803232972154319e+02  9.965424698234996868e+02  9.970235885354734364e+02
372 7441 1.652181e+00 2.407284e+01  9.922657909439487867e+02  9.961348039614416621e+02  9.966749220252698933e+02  9.971281736395759481e+02
373 7461 1.649752e+00 2.407012e+01  9.922657909439487867e+02  9.942500000000000000e+02  9.964648906806207833e+02  9.971604090326171672e+02
374 7481 1.654959e+00 2.408119e+01  9.922657909439487867e+02  9.949183424046216260e+02  9.964357194312992760e+02  9.971478572837883121e+02
375 7501 1.655782e+00 2.408398e+01  9.922657909439487867e+02  9.954901079000853770e+02  9.964393858012972487e+02  9.970548505411240967e+02
376 7521 1.656677e+00 2.408893e+01  9.922657909439487867e+02  9.950431209422612255e+02  9.964741397356981452e+02  9.968803952853573946e+02
377 7541 1.656500e+00 2.409311e+01  9.922657909439487867e+02  9.958305635330780206e+02  9.966232022472345307e+02  9.970081318963658532e+02
378 7561 1.646944e+00 2.409046e+01  9.922657909439487867e+02  9.949133982633069309e+02  9.965416042935557925e+02  9.969779912378337485e+02
379 7581 1.643164e+00 2.408827e+01  9.922657909439487867e+02  9.955352885747472556e+02  9.965151573053994980e+02  9.968823267762767273e+02
380 7601 1.628957e+00 2.409185e+01  9.922657909439487867e+02  9.957812745651154955e+02  9.965871337400192260e+02  9.969974908214317111e+02
381 7621 1.622961e+00 2.411076e+01  9.922657909439487867e+02  9.953700000000000045e+02  9.966109779262330903e+02  9.970306599641307912e+02
382 7641 1.621141e+00 2.414508e+01  9.922657909439487867e+02  9.955217151147713821e+02  9.966433374254376076e+02  9.969594274877426869e+02
383 7661 1.617515e+00 2.414759e+01  9.922657909439487867e+02  9.946283722904875049e+02  9.965561504187182891e+02  9.970894675735365809e+02
384 7681 1.614736e+00 2.415156e+01  9.922657909439487867e+02  9.958567523763389318e+02  9.966213503482608758e+02  9.969727052948786650e+02
385 7701 1.618739e+00 2.417033e+01  9.922657909439487867e+02  9.938497236760656506e+02  9.963467364028463180e+02  9.971428482192807223e+02
386 7721 1.625292e+00 2.419792e+01  9.922657909439487867e+02  9.948235299479240439e+02  9.966127793276414195e+02  9.969832089342643258e+02
387 7741 1.632861e+00 2.420737e+01  9.922657909439487867e+02  9.958710332431965071e+02  9.967632164079041104e+02  9.973063405559687453e+02
388 7761 1.638811e+00 2.423013e+01  9.922657909439487867e+02  9.953710719976874088e+02  9.967277795135394172e+02  9.970138130687970488e+02
389 7781 1.637653e+00 2.424113e+01  9.922657909439487867e+02  9.957626697249710332e+02  9.965912597738854402e+02  9.971322598026066544e+02
390 7801 1.643216e+00 2.426070e+01  9.922657909439487867e+02  9.956044540386392327e+02  9.964968915419046880e+02  9.971007218510253551e+02
391 7821 1.647055e+00 2.430076e+01  9.922657909439487867e+02  9.951511371260774013e+02  9.965137303949111356e+02  9.971749446631381488e+02
392 7841 1.647169e+00 2.431817e+01  9.922657909439487867e+02  9.957951530000829052e+02  9.966105957958203589e+02  9.971323581242568252e+02
393 7861 1.644484e+00 2.433463e+01  9.922657909439487867e+02  9.958566673144998731e+02  9.967148203905981063e+02  9.971613090285518410e+02
394 7881 1.645084e+00 2.433604e+01  9.922657909439487867e+02  9.952261270435514007e+02  9.967194811791306392e+02  9.973125884764202738e+02
395 7901 1.643346e+00 2.434160e+01  9.922657909439487867e+02  9.958738023363224556e+02  9.964877991254809331e+02  9.972095278956244329e+02
396 7921 1.638741e+00 2.434649e+01  9.922657909439487867e+02  9.956536509486702471e+02  9.967336422777168536e+02  9.971488196200143648e+02
397 7941 1.635001e+00 2.435646e+01  9.922657909439487867e+02  9.955834612386775007e+02  9.964560757621666198e+02  9.971530574081783698e+02
398 7961 1.631297e+00 2.435617e+01  9.922657909439487867e+02  9.947136364357291995e+02  9.965185856170958232e+02  9.971242606762564264e+02
399 7981 1.635146e+00 2.433083e+01  9.922657909439487867e+02  9.957135409724838837e+02  9.963686661727136880e+02  9.971669583347744492e+02
400 8001 1.636765e+00 2.431799e+01  9.922657909439487867e+02  9.951154542230764264e+02  9.965578517814699353e+02  9.970429250660143907e+02
401 8021 1.642034e+00 2.432344e+01  9.922657909439487867e+02  9.949632269414942130e+02  9.966398113618782872e+02  9.970199999999999818e+02
402 8041 1.639680e+00 2.433624e+01  9.922657909439487867e+02  9.961377887957445409e+02  9.966262106330598272e+02  9.970959715471101390e+02
403 8061 1.632910e+00 2.433264e+01  9.922657909439487867e+02  9.951013231910359309e+02  9.965415561900256307e+02  9.969170067094063370e+02
404 8081 1.623984e+00 2.431840e+01  9.922657909439487867e+02  9.955181739796710190e+02  9.965148600487893873e+02  9.972010342314401896e+02
405 8101 1.619929e+00 2.433932e+01  9.922657909439487867e+02  9.955218319986439610e+02  9.965145731783935616e+02  9.971448488860187354e+02
406 8121 1.616595e+00 2.433441e+01  9.922657909439487867e+02  9.951786314932836603e+02  9.966828205866785311e+02  9.971006909692553108e+02
407 8141 1.616370e+00 2.433841e+01  9.922657909439487867e+02  9.951475467979980749e+02  9.968133370524068368e+02  9.973600000000000136e+02
408 8161 1.619064e+00 2.433113e+01  9.922657909439487867e+02  9.959823391615325363e+02  9.966177603690421165e+02  9.969890065319148107e+02
409 8181 1.620053e+00 2.433194e+01  9.922657909439487867e+02  9.956881816525119575e+02  9.966462307324620724e+02  9.970690467497738609e+02
410 8201 1.617523e+00 2.433999e+01  9.922657909439487867e+02  9.958200000000000500e+02  9.965015022935928073e+02  9.968893463104124066e+02
411 8221 1.617765e+00 2.434375e+01  9.922657909439487867e+02  9.958043893787302068e+02  9.966569360660743087e+02  9.970447361040291980e+02
412 8241 1.614093e+00 2.435127e+01  9.922657909439487867e+02  9.956433953023864660e+02  9.965139369432981766e+02  9.969784968958646232e+02
413 8261 1.604365e+00 2.434401e+01  9.922657909439487867e+02  9.961507777033517641e+02  9.965752471083463888e+02  9.972012521812858949e+02
414 8281 1.592440e+00 2.434724e+01  9.922657909439487867e+02  9.957445813889892179e+02  9.965836671544437877e+02  9.969989928843067446e+02
415 8301 1.582807e+00 2.435264e+01  9.922657909439487867e+02  9.954923432310019962e+02  9.965323425021849744e+02  9.969932001188211643e+02
416 8321 1.566854e+00 2.435395e+01  9.922657909439487867e+02  9.961769792821253304e+02  9.965999790314497204e+02  9.971868767757486012e+02
417 8341 1.556848e+00 2.435486e+01  9.922657909439487867e+02  9.956255033224491626e+02  9.965084463290920667e+02  9.970900000000000318e+02
418 8361 1.548513e+00 2.434053e+01  9.922657909439487867e+02  9.958528895906191565e+02  9.967206904623096761e+02  9.971190422718466380e+02
419 8381 1.543444e+00 2.433387e+01  9.922657909439487867e+02  9.948531941780998977e+02  9.963865384660909967e+02  9.969797394021503578e+02
420 8401 1.540278e+00 2.434389e+01  9.922657909439487867e+02  9.936994073828519731e+02  9.965807382000762118e+02  9.969587889258965561e+02
421 8421 1.533964e+00 2.434046e+01  9.922657909439487867e+02  9.949399787818946379e+02  9.967003305120236973e+02  9.973751502521299699e+02
422 8441 1.528013e+00 2.435069e+01  9.922657909439487867e+02  9.958829938697512034e+02  9.967152307857560345e+02  9.974862170319128154e+02
423 8461 1.522133e+00 2.434407e+01  9.922657909439487867e+02  9.949823333723105634e+02  9.966719357436907103e+02  9.974099999999999682e+02
424 8481 1.522318e+00 2.433964e+01  9.922657909439487867e+02  9.956699999999999591e+02  9.962385319660429559e+02  9.976553194747925772e+02
425 8501 1.517760e+00 2.433737e+01  9.922657909439487867e+02  9.952471749547213449e+02  9.965972064392046832e+02  9.975337861567855953e+02
426 8521 1.508729e+00 2.434206e+01  9.922657909439487867e+02  9.956360730465062261e+02  9.965359659935356831e+02  9.971575851749896628e+02
427 8541 1.499886e+00 2.433627e+01  9.922657909439487867e+02  9.949444064766757947e+02  9.965935400543989999e+02  9.972452358872989180e+02
428 8561 1.490803e+00 2.434415e+01  9.922657909439487867e+02  9.951638252061220555e+02  9.966984139515091101e+02  9.974316119532533094e+02
429 8581 1.487588e+00 2.434990e+01  9.922657909439487867e+02  9.954115661500493388e+02  9.964892934125616648e+02  9.969695558256072445e+02
430 8601 1.483610e+00 2.436178e+01  9.922657909439487867e+02  9.956705895341747237e+02  9.966419156094407299e+02  9.975155172999608340e+02
431 8621 1.484967e+00 2.435476e+01  9.922657909439487867e+02  9.954834746394366221e+02  9.966130993947638217e+02  9.972113352848773502e+02
432 8641 1.487769e+00 2.435090e+01  9.922657909439487867e+02  9.948600000000000136e+02  9.966026842328099065e+02  9.970418126629426752e+02
433 8661 1.485485e+00 2.435809e+01  9.922657909439487867e+02  9.955634352010197290e+02  9.965978021307357722e+02  9.972941836884731401e+02
434 8681 1.483652e+00 2.437004e+01  9.922657909439487867e+02  9.952548347281651786e+02  9.966153800863096421e+02  9.970078100206944782e+02
435 8701 1.485290e+00 2.436046e+01  9.922657909439487867e+02  9.953849939929153834e+02  9.965893941795800401e+02  9.970345374849167683e+02
436 8721 1.478707e+00 2.436718e+01  9.922657909439487867e+02  9.955000000000000000e+02  9.963918579231597050e+02  9.968906521180198297e+02
437 8741 1.475415e+00 2.436886e+01  9.922657909439487867e+02  9.945035536102526521e+02  9.967024876171692540e+02  9.972079260505975071e+02
438 8761 1.461136e+00 2.435410e+01  9.922657909439487867e+02  9.960821134288133862e+02  9.965302832640022643e+02  9.971951187556609284e+02
439 8781 1.451055e+00 2.435939e+01  9.922657909439487867e+02  9.961036629914815421e+02  9.967151647484936348e+02  9.971690107455340240e+02
440 8801 1.438781e+00 2.435281e+01  9.922657909439487867e+02  9.959664418977484956e+02  9.966489308364537010e+02  9.971142666751021579e+02
441 8821 1.433775e+00 2.434349e+01  9.922657909439487867e+02  9.956347805055256686e+02  9.965536649864775427e+02  9.969991350119730669e+02
442 8841 1.424260e+00 2.434353e+01  9.922657909439487867e+02  9.952369175022738546e+02  9.966409130923029807e+02  9.969578195530989433e+02
443 8861 1.405409e+00 2.434195e+01  9.922657909439487867e+02  9.958044330741344083e+02  9.965716284747620648e+02  9.969718555122068437e+02
444 8881 1.393951e+00 2.434267e+01  9.922657909439487867e+02  9.958805936877696467e+02  9.965049634331332982e+02  9.970135273119467456e+02
445 8901 1.394305e+00 2.434709e+01  9.922657909439487867e+02  9.948976928178279877e+02  9.965930940613644680e+02  9.971883947445107879e+02
446 8921 1.397932e+00 2.435119e+01  9.922657909439487867e+02  9.938571070855240350e+02  9.966149215096527314e+02  9.971119742584694450e+02
447 8941 1.404059e+00 2.434290e+01  9.922657909439487867e+02  9.956081739071142920e+02  9.967551840597684532e+02  9.970491373026354722e+02
448 8961 1.407067e+00 2.434349e+01  9.922657909439487867e+02  9.955134877876887458e+02  9.965658454746018151e+02  9.971415961537113617e+02
449 8981 1.412589e+00 2.434156e+01  9.922657909439487867e+02  9.950760165606883447e+02  9.965352473553366508e+02  9.969632476503039697e+02
450 9001 1.412696e+00 2.434323e+01  9.922657909439487867e+02  9.956539358726162163e+02  9.965934478014034994e+02  9.975087834161253113e+02
451 9021 1.412305e+00 2.434284e+01  9.922657909439487867e+02  9.962175504060276126e+02  9.966730021356252109e+02  9.970106348528477156e+02
452 9041 1.412698e+00 2.434272e+01  9.922657909439487867e+02  9.939557803010959560e+02  9.965535731614320412e+02  9.969939971345196454e+02
453 9061 1.409064e+00 2.434050e+01  9.922657909439487867e+02  9.962287731818589691e+02  9.967283073140006309e+02  9.971602390398691114e+02
454 9081 1.411718e+00 2.434814e+01  9.922657909439487867e+02  9.953750029059934832e+02  9.963474534541389858e+02  9.970026429559330836e+02
455 9101 1.410287e+00 2.434601e+01  9.922657909439487867e+02  9.951147217793464961e+02  9.963776602201257901e+02  9.969980796866046830e+02
456 9121 1.409516e+00 2.434924e+01  9.922657909439487867e+02  9.954163058882320456e+02  9.965365534955951716e+02  9.970796423597419107e+02
457 9141 1.410043e+00 2.435009e+01  9.922657909439487867e+02  9.954378490071098895e+02  9.966623633351515537e+02  9.970067980471361579e+02
458 9161 1.411171e+00 2.434367e+01  9.922657909439487867e+02  9.957250528625164634e+02  9.964882765450200850e+02  9.975068511714624719e+02
459 9181 1.409773e+00 2.434225e+01  9.922657909439487867e+02  9.937649363883384694e+02  9.965465031623787127e+02  9.972401527091311664e+02
460 9201 1.411472e+00 2.433665e+01  9.922657909439487867e+02  9.960534619718138174e+02  9.965704763866568783e+02  9.969032431727749781e+02
461 9221 1.410653e+00 2.433956e+01  9.922657909439487867e+02  9.950809438701455747e+02  9.964826616667461394e+02  9.970949013990956473e+02
462 9241 1.412732e+00 2.434158e+01  9.922657909439487867e+02  9.955661174172070105e+02  9.966341201203038054e+02  9.970774362992397073e+02
463 9261 1.419363e+00 2.435441e+01  9.922657909439487867e+02  9.952342701313284579e+02  9.965681218474167054e+02  9.969994390811422136e+02
464 9281 1.421512e+00 2.436275e+01  9.922657909439487867e+02  9.952580896239157937e+02  9.966540879274614326e+02  9.971086905479843381e+02
465 9301 1.425655e+00 2.438044e+01  9.922657909439487867e+02  9.956094555507470432e+02  9.965802006050022328e+02  9.972289673816441109e+02
466 9321 1.434172e+00 2.436613e+01  9.922657909439487867e+02  9.956593307752754072e+02  9.965972466338222375e+02  9.970990664389717040e+02
467 9341 1.437317e+00 2.437677e+01  9.922657909439487867e+02  9.959693865671339381e+02  9.965418999509840887e+02  9.969906392399608421e+02
468 9361 1.436854e+00 2.438104e+01  9.922657909439487867e+02  9.953722306099324442e+02  9.966419658379486464e+02  9.974496612158948210e+02
469 9381 1.436927e+00 2.438144e+01  9.922657909439487867e+02  9.955313764405962047e+02  9.966416936179782624e+02  9.970466913444149668e+02
470 9401 1.440619e+00 2.438134e+01  9.922657909439487867e+02  9.956559339016114336e+02  9.965814522550242600e+02  9.970605223049867618e+02
471 9421 1.444665e+00 2.438428e+01  9.922657909439487867e+02  9.960403953735697087e+02  9.966950858552556838e+02  9.971831826092017081e+02
472 9441 1.449092e+00 2.438892e+01  9.922657909439487867e+02  9.954576471740455190e+02  9.966482906114946445e+02  9.999913111251046303e+02
473 9461 1.451182e+00 2.439063e+01  9.922657909439487867e+02  9.948404090579853118e+02  9.967722943655016934e+02  9.971053018237955712e+02
474 9481 1.447393e+00 2.439992e+01  9.922657909439487867e+02  9.957329898162264499e+02  9.966471587234675553e+02  9.970299999999999727e+02
475 9501 1.446633e+00 2.440421e+01  9.922657909439487867e+02  9.951943325036347687e+02  9.963861565657460915e+02  9.971491306927904361e+02
476 9521 1.440033e+00 2.441750e+01  9.922657909439487867e+02  9.956744774324997707e+02  9.964982019228892796e+02  9.970708077214704872e+02
477 9541 1.439781e+00 2.440842e+01  9.922657909439487867e+02  9.943717661670076495e+02  9.965538464081964776e+02  9.972419908181975643e+02
478 9561 1.444044e+00 2.441057e+01  9.922657909439487867e+02  9.953960459861035588e+02  9.965456815790174687e+02  9.972132769608974741e+02
479 9581 1.459900e+00 2.442212e+01  9.922657909439487867e+02  9.954203072743725897e+02  9.966730918235718946e+02  9.971123685993956087e+02
480 9601 1.474422e+00 2.442524e+01  9.922657909439487867e+02  9.953610780244679290e+02  9.965757619932272746e+02  9.970089604392155707e+02
481 9621 1.489167e+00 2.442183e+01  9.922657909439487867e+02  9.962367610699831175e+02  9.967480155982045744e+02  9.970482035187319525e+02
482 9641 1.495272e+00 2.441526e+01  9.922657909439487867e+02  9.958996189075041912e+02  9.966629871013415141e+02  9.970099999999999909e+02
483 9661 1.496432e+00 2.441176e+01  9.922657909439487867e+02  9.952292620253170981e+02  9.966450512261917538e+02  9.968570543289456509e+02
484 9681 1.491491e+00 2.440619e+01  9.922657909439487867e+02  9.953649715541023397e+02  9.965067617312707853e+02  9.973255189948146153e+02
485 9701 1.492795e+00 2.441117e+01  9.922657909439487867e+02  9.944194952407124219e+02  9.966118294734067149e+02  9.971873188519713267e+02
486 9721 1.489237e+00 2.441223e+01  9.922657909439487867e+02  9.934855762362393534e+02  9.966373791343949051e+02  9.968799999999999955e+02
487 9741 1.488373e+00 2.441035e+01  9.922657909439487867e+02  9.961035562650714610e+02  9.967077965332750864e+02  9.971845085169156846e+02
488 9761 1.484239e+00 2.440120e+01  9.922657909439487867e+02  9.957789844838008548e+02  9.965822995251189695e+02  9.970429616941910353e+02
489 9781 1.480500e+00 2.440155e+01  9.922657909439487867e+02  9.961599318023349952e+02  9.967092125571191445e+02  9.970349234414768489e+02
490 9801 1.481125e+00 2.439562e+01  9.922657909439487867e+02  9.957436202597754118e+02  9.966868667149402654e+02  9.971558451503854030e+02
491 9821 1.485455e+00 2.438670e+01  9.922657909439487867e+02  9.956615048680956761e+02  9.966845686492969207e+02  9.970838747391533161e+02
492 9841 1.490517e+00 2.439258e+01  9.922657909439487867e+02  9.955401296010144279e+02  9.968063803658849338e+02  9.971472424673881960e+02
493 9861 1.497507e+00 2.439870e+01  9.922657909439487867e+02  9.950380797085338145e+02  9.966042648739938841e+02  9.971835484084037944e+02
494 9881 1.506141e+00 2.439473e+01  9.922657909439487867e+02  9.956970136258851198e+02  9.968403803679536850e+02  9.972060384043445538e+02
495 9901 1.510001e+00 2.441449e+01  9.922657909439487867e+02  9.958453416976700510e+02  9.966377187018313180e+02  9.972536133962082658e+02
496 9921 1.512091e+00 2.443380e+01  9.922657909439487867e+02  9.956367147244967555e+02  9.967092175280176889e+02  9.971345345470384700e+02
497 9941 1.511411e+00 2.445366e+01  9.922657909439487867e+02  9.958932684408679279e+02  9.966898454601475805e+02  9.972307727881443498e+02
498 9961 1.509643e+00 2.447372e+01  9.922657909439487867e+02  9.953638079413781270e+02  9.966768843942219291e+02  9.972600531094980170e+02
499 9981 1.515468e+00 2.448021e+01  9.922657909439487867e+02  9.955182807688122466e+02  9.966888077243763746e+02  9.971366311290610156e+02
500 10001 1.517618e+00 2.449711e+01  9.922657909439487867e+02  9.957256250603290937e+02  9.965683942501382262e+02  9.969954540109011987e+02
501 10021 1.518089e+00 2.450425e+01  9.922657909439487867e+02  9.953977734259491399e+02  9.964794086645899824e+02  9.972383240968250675e+02
502 10041 1.520128e+00 2.449741e+01  9.922657909439487867e+02  9.951762658375620276e+02  9.964501229012557815e+02  9.970635692629715550e+02
503 10061 1.521913e+00 2.449862e+01  9.922657909439487867e+02  9.957813851729845283e+02  9.966949326271526388e+02  9.971013973935421291e+02
504 10081 1.514187e+00 2.449447e+01  9.922657909439487867e+02  9.950649839167127766e+02  9.964169780232863332e+02  9.973173105181427900e+02
505 10101 1.506540e+00 2.449190e+01  9.922657909439487867e+02  9.953488059755181894e+02  9.965894057564617015e+02  9.971200000000000045e+02
506 10121 1.497426e+00 2.450268e+01  9.922657909439487867e+02  9.954285633817770531e+02  9.965131610530759190e+02  9.972263801096544285e+02
507 10141 1.477155e+00 2.450272e+01  9.922657909439487867e+02  9.953552319293986557e+02  9.964393920965967482e+02  9.971875615717219716e+02
508 10161 1.450288e+00 2.450868e+01  9.922657909439487867e+02  9.957149311182922702e+02  9.964573389139559367e+02  9.971251815500987732e+02
509 10181 1.432680e+00 2.452514e+01  9.922657909439487867e+02  9.955972129982242222e+02  9.964247005659805154e+02  9.970434752472120863e+02
510 10201 1.420451e+00 2.453801e+01  9.922657909439487867e+02  9.954914463191835239e+02  9.965990936012431121e+02  9.971044555131303468e+02
511 10221 1.416738e+00 2.454790e+01  9.922657909439487867e+02  9.953559183885628272e+02  9.964069791279379160e+02  9.970565477512467396e+02
512 10241 1.408557e+00 2.455485e+01  9.922657909439487867e+02  9.952089339761113251e+02  9.964586672320319849e+02  9.969905057416158343e+02
513 10261 1.406689e+00 2.456068e+01  9.922657909439487867e+02  9.955266264069549607e+02  9.965843624063516017e+02  9.970676217568399125e+02
514 10281 1.408447e+00 2.458644e+01  9.922657909439487867e+02  9.953888381818487687e+02  9.964856309252986648e+02  9.970612072885398902e+02
515 10301 1.416771e+00 2.459674e+01  9.922657909439487867e+02  9.954025398240532923e+02  9.965789045992140700e+02  9.969103850218170919e+02
516 10321 1.423343e+00 2.458989e+01  9.922657909439487867e+02  9.956974627098114752e+02  9.964742731776166238e+02  9.971251962415175285e+02
517 10341 1.428763e+00 2.461537e+01  9.922657909439487867e+02  9.958001314323681754e+02  9.965726650766581542e+02  9.969261967601075867e+02
518 10361 1.434542e+00 2.462623e+01  9.922657909439487867e+02  9.954647181670876535e+02  9.967500389682634250e+02  9.970599999999999454e+02
519 10381 1.444430e+00 2.463190e+01  9.922657909439487867e+02  9.954293770419010343e+02  9.965654350498853091e+02  9.969966365614330925e+02
520 10401 1.451832e+00 2.464908e+01  9.922657909439487867e+02  9.957867108795843478e+02  9.968816494569368842e+02  9.972864557016790741e+02
521 10421 1.450703e+00 2.465978e+01  9.922657909439487867e+02  9.956667392114414952e+02  9.966065316148433340e+02  9.970013032799591883e+02
522 10441 1.443935e+00 2.464716e+01  9.922657909439487867e+02  9.954986983959654481e+02  9.966015051148768862e+02  9.970348927102170364e+02
523 10461 1.435658e+00 2.465425e+01  9.922657909439487867e+02  9.959064489680058614e+02  9.965375303011965116e+02  9.969429413127695625e+02
524 10481 1.423841e+00 2.467924e+01  9.922657909439487867e+02  9.957132288452711464e+02  9.966025429703590817e+02  9.969346658200230422e+02
525 10501 1.408157e+00 2.468868e+01  9.922657909439487867e+02  9.956680757010872185e+02  9.965800373096074054e+02  9.969781089950972728e+02
526 10521 1.395046e+00 2.470293e+01  9.922657909439487867e+02  9.955099999999999909e+02  9.966437205191934936e+02  9.971035188926598494e+02
527 10541 1.392628e+00 2.471396e+01  9.922657909439487867e+02  9.954026211563358402e+02  9.963525227248430838e+02  9.967879404146857496e+02
528 10561 1.392249e+00 2.473911e+01  9.922657909439487867e+02  9.960099999999999909e+02  9.965909903759571762e+02  9.970981711587168093e+02
529 10581 1.390229e+00 2.476982e+01  9.922657909439487867e+02  9.956770599913453452e+02  9.966143321136024724e+02  9.971292575622635468e+02
530 10601 1.382386e+00 2.479511e+01  9.922657909439487867e+02  9.960939374686067822e+02  9.966056954515040616e+02  9.970629637363814481e+02
531 10621 1.370906e+00 2.481031e+01  9.922657909439487867e+02  9.942968098523290337e+02  9.965399516975528513e+02  9.969568845352600874e+02
532 10641 1.362065e+00 2.482712e+01  9.922657909439487867e+02  9.948439220402609635e+02  9.966291184920858086e+02  9.969766880199879324e+02
533 10661 1.356175e+00 2.483499e+01  9.922657909439487867e+02  9.944669996008520911e+02  9.965257757695203509e+02  9.968317705188632090e+02
534 10681 1.352385e+00 2.483161e+01  9.922657909439487867e+02  9.950837098556129376e+02  9.964430499201507700e+02  9.970337157434578330e+02
535 10701 1.353857e+00 2.484352e+01  9.922657909439487867e+02  9.937410116429875870e+02  9.965457414666381055e+02  9.970787609855797200e+02
536 10721 1.352620e+00 2.485193e+01  9.922657909439487867e+02  9.955230978337518764e+02  9.963106312462330152e+02  9.969581220670016819e+02
537 10741 1.353239e+00 2.486214e+01  9.922657909439487867e+02  9.949494535963146973e+02  9.963812665666368957e+02  9.969193501403874507e+02
538 10761 1.358000e+00 2.486624e+01  9.922657909439487867e+02  9.960700885157394850e+02  9.968084158059509718e+02  9.970564932974284602e+02
539 10781 1.355938e+00 2.487713e+01  9.922657909439487867e+02  9.947925501189153010e+02  9.965148941268660110e+02  9.970985726158107809e+02
540 10801 1.365197e+00 2.488109e+01  9.922657909439487867e+02  9.951165713770842558e+02  9.965222995231692948e+02  9.969905730991621340e+02
541 10821 1.373853e+00 2.488586e+01  9.922657909439487867e+02  9.956301821779771899e+02  9.965329571682866572e+02  9.969209164578527407e+02
542 10841 1.380556e+00 2.490578e+01  9.922657909439487867e+02  9.952273344457211124e+02  9.963968224584067457e+02  9.970665681526271555e+02
543 10861 1.383842e+00 2.490813e+01  9.922657909439487867e+02  9.954047104722254744e+02  9.966642116227246788e+02  9.970091697347596664e+02
544 10881 1.380293e+00 2.490961e+01  9.922657909439487867e+02  9.954755536399153470e+02  9.967323775050339236e+02  9.972270956685611054e+02
545 10901 1.384384e+00 2.490796e+01  9.922657909439487867e+02  9.952096542143070792e+02  9.966261141910010792e+02  9.969793663223332487e+02
546 10921 1.388872e+00 2.491050e+01  9.922657909439487867e+02  9.955732008510423157e+02  9.965308427871148069e+02  9.970079166280795562e+02
547 10941 1.389965e+00 2.492542e+01  9.922657909439487867e+02  9.951593870051495969e+02  9.964778357315821040e+02  9.969703575610285498e+02
548 10961 1.394445e+00 2.492986e+01  9.922657909439487867e+02  9.955039587798216871e+02  9.965789303492213094e+02  9.969791114787404922e+02
549 10981 1.399889e+00 2.493853e+01  9.922657909439487867e+02  9.955870138033811827e+02  9.966119953024012830e+02  9.968249800341258151e+02
550 11001 1.403362e+00 2.493068e+01  9.922657909439487867e+02  9.951487570837002750e+02  9.964321482237651253e+02  9.971109436121938643e+02
551 11021 1.410650e+00 2.493107e+01  9.922657909439487867e+02  9.954848565377463956e+02  9.966496884503154661e+02  9.971018749309755549e+02
552 11041 1.420890e+00 2.491960e+01  9.922657909439487867e+02  9.956786787903598679e+02  9.966424559904859279e+02  9.970800000000000409e+02
553 11061 1.428734e+00 2.492017e+01  9.922657909439487867e+02  9.951916815822422677e+02  9.966483699065981909e+02  9.972014888134623334e+02
554 11081 1.437920e+00 2.491854e+01  9.922657909439487867e+02  9.937163140706928743e+02  9.965506268791408502e+02  9.969612034686002744e+02
555 11101 1.449227e+00 2.491944e+01  9.922657909439487867e+02  9.955758427147811744e+02  9.964525653650922550e+02  9.971757075955439404e+02
556 11121 1.465808e+00 2.492765e+01  9.922657909439487867e+02  9.962511763044103645e+02  9.968032836049889056e+02  9.970850599182010683e+02
557 11141 1.481440e+00 2.493199e+01  9.922657909439487867e+02  9.958531629006926096e+02  9.968074902886698965e+02  9.972109934494700383e+02
558 11161 1.500294e+00 2.493654e+01  9.922657909439487867e+02  9.953243540968686602e+02  9.965140632217220400e+02  9.972145371066052348e+02
559 11181 1.515053e+00 2.494726e+01  9.922657909439487867e+02  9.958585560215786927e+02  9.966497619871156530e+02  9.970616595954869581e+02
560 11201 1.532343e+00 2.493791e+01  9.922657909439487867e+02  9.957679875894442603e+02  9.966614893077398847e+02  9.972457290021261542e+02
561 11221 1.545697e+00 2.493533e+01  9.922657909439487867e+02  9.949647995899657644e+02  9.965125567047716686e+02  9.972453193478222602e+02
562 11241 1.554528e+00 2.494361e+01  9.922657909439487867e+02  9.954971155647638170e+02  9.963903584793766868e+02  9.970399226751034121e+02
563 11261 1.557575e+00 2.494614e+01  9.922657909439487867e+02  9.951481127714240529e+02  9.965854001012555727e+02  9.972228658877814951e+02
564 11281 1.565667e+00 2.494406e+01  9.922657909439487867e+02  9.955536200053953735e+02  9.967160660577753788e+02  9.973609012726640231e+02
565 11301 1.563266e+00 2.494834e+01  9.922657909439487867e+02  9.948869177846080447e+02  9.967222284937610084e+02  9.970221830315950911e+02
566 11321 1.553882e+00 2.495138e+01  9.922657909439487867e+02  9.945147567281477450e+02  9.967244621354914216e+02  9.972340608575841543e+02
567 11341 1.547580e+00 2.495128e+01  9.922657909439487867e+02  9.946745854088812848e+02  9.966030883988278219e+02  9.972833842861002722e+02
568 11361 1.536540e+00 2.495899e+01  9.922657909439487867e+02  9.947899999999999636e+02  9.967402564228694928e+02  9.971525777836166071e+02
569 11381 1.520489e+00 2.495156e+01  9.922657909439487867e+02  9.959013358968379634e+02  9.966147709692326089e+02  9.970436845895059150e+02
570 11401 1.504443e+00 2.495136e+01  9.922657909439487867e+02  9.955426505043999441e+02  9.966701486872832447e+02  9.971073539954251146e+02
571 11421 1.490375e+00 2.495338e+01  9.922657909439487867e+02  9.949601827168753516e+02  9.966285409194210843e+02  9.972878631718930365e+02
572 11441 1.479696e+00 2.495508e+01  9.922657909439487867e+02  9.944908861090034407e+02  9.966991349904751587e+02  9.972190230788430654e+02
573 11461 1.464026e+00 2.495493e+01  9.922657909439487867e+02  9.942317466599999989e+02  9.964565756697231791e+02  9.969818371038353462e+02
574 11481 1.448774e+00 2.496824e+01  9.922657909439487867e+02  9.940586630261816481e+02  9.965130809722563754e+02  9.972137494462663199e+02
575 11501 1.433873e+00 2.497913e+01  9.922657909439487867e+02  9.951982007779506603e+02  9.965193631626191291e+02  9.970659166486542517e+02
576 11521 1.425162e+00 2.499615e+01  9.922657909439487867e+02  9.956615575562254890e+02  9.965964847378370450e+02  9.971608600438426038e+02
577 11541 1.420191e+00 2.500591e+01  9.922657909439487867e+02  9.955150473962362412e+02  9.964555582149100701e+02  9.969966364112965493e+02
578 11561 1.420001e+00 2.500448e+01  9.922657909439487867e+02  9.954610620909335239e+02  9.964956083593355061e+02  9.971028496263579655e+02
579 11581 1.425418e+00 2.502292e+01  9.922657909439487867e+02  9.958526011658090056e+02  9.965738454205808239e+02  9.971503321801354787e+02
580 11601 1.425200e+00 2.503010e+01  9.922657909439487867e+02  9.956638794684657796e+02  9.964914000331705211e+02  9.970299999999999727e+02
581 11621 1.433030e+00 2.502740e+01  9.922657909439487867e+02  9.949325720711099166e+02  9.965709394835307648e+02  9.971024549190633479e+02
582 11641 1.429711e+00 2.502525e+01  9.922657909439487867e+02  9.955031624743915017e+02  9.967086853037708352e+02  9.971396477592348901e+02
583 11661 1.424331e+00 2.502464e+01  9.922657909439487867e+02  9.959289253114336589e+02  9.966230036522213140e+02  9.970069207600840855e+02
584 11681 1.418533e+00 2.502248e+01  9.922657909439487867e+02  9.956453833147372734e+02  9.967123372851685872e+02  9.970456665733361206e+02
585 11701 1.417193e+00 2.502893e+01  9.922657909439487867e+02  9.953991817951496159e+02  9.966621417205581110e+02  9.973012406910992240e+02
586 11721 1.420529e+00 2.504915e+01  9.922657909439487867e+02  9.950534475212700727e+02  9.965903547392708788e+02  9.970519799277562925e+02
587 11741 1.420038e+00 2.505096e+01  9.922657909439487867e+02  9.944030150806380561e+02  9.966896638609284764e+02  9.971747890012552489e+02
588 11761 1.416462e+00 2.505787e+01  9.922657909439487867e+02  9.951697377275127110e+02  9.965672499859638265e+02  9.970236401384762530e+02
589 11781 1.405029e+00 2.506552e+01  9.919622053777827659e+02  9.919622053777827659e+02  9.964984374282660156e+02  9.972056249384484090e+02
590 11801 1.397480e+00 2.507620e+01  9.919622053777827659e+02  9.954403990827122470e+02  9.967233859464124635e+02  9.971373002011537210e+02
591 11821 1.389450e+00 2.507888e+01  9.919622053777827659e+02  9.949882822036713605e+02  9.965026355781665188e+02  9.973839411165805586e+02
592 11841 1.377235e+00 2.508318e+01  9.919622053777827659e+02  9.945224043099996152e+02  9.966614032723626906e+02  9.970615042151796388e+02
593 11861 1.364788e+00 2.508882e+01  9.919622053777827659e+02  9.950572992994053720e+02  9.965439267652027411e+02  9.968663909592283972e+02
594 11881 1.351680e+00 2.509629e+01  9.919622053777827659e+02  9.957653291416106640e+02  9.967452109488287988e+02  9.970603243957338009e+02
595 11901 1.338465e+00 2.509476e+01  9.919622053777827659e+02  9.950317351196573554e+02  9.965898565232848796e+02  9.971534211364717066e+02
596 11921 1.329693e+00 2.509597e+01  9.919622053777827659e+02  9.952665591793289650e+02  9.964091058709449271e+02  9.970178362128546041e+02
597 11941 1.318180e+00 2.511359e+01  9.919622053777827659e+02  9.951959134809861780e+02  9.964160708637456310e+02  9.971216901030057898e+02
598 11961 1.308768e+00 2.513138e+01  9.919622053777827659e+02  9.950332988655175086e+02  9.967347163273548176e+02  9.971749215533898223e+02
599 11981 1.306068e+00 2.512729e+01  9.919622053777827659e+02  9.938331423342340258e+02  9.965344835320347556e+02  9.970208292737576130e+02
600 12001 1.311348e+00 2.514214e+01  9.919622053777827659e+02  9.954403875842132265e+02  9.965522694025994497e+02  9.969571000416638071e+02
