%  columns="iteration, evaluation, sigma, axis ratio, bestever, best, median, worst fitness function value, further objective values of best" (startseed=212285, 2017/09/18 1:19:58.85)
1 21 1.071674e+00 2.241090e+01  1.010882900169835530e+01  1.277495485293044908e+01  3.998330213702856418e+04  3.999569160704332171e+04
2 41 1.039558e+00 2.242685e+01  1.010882900169835530e+01  1.202039512664198284e+01  3.996988895008590043e+04  3.999497241147814930e+04
3 61 1.018226e+00 2.243256e+01  1.010882900169835530e+01  1.256900351057471177e+01  3.996828203145888983e+04  3.999426220084700617e+04
4 81 1.000240e+00 2.244256e+01  1.010882900169835530e+01  4.012928857154068737e+03  1.750671254085530745e+04  3.999384311828884529e+04
5 101 9.855938e-01 2.245294e+01  1.010882900169835530e+01  4.023500096262049738e+03  2.148755733878340106e+04  3.999053262637996522e+04
6 121 9.719954e-01 2.246920e+01  1.010882900169835530e+01  1.153351783348862014e+01  2.649938511124392971e+04  3.999472527142636682e+04
7 141 9.639383e-01 2.247770e+01  1.010882900169835530e+01  1.252326434915648612e+01  2.095869003181401058e+04  3.999424365712223516e+04
8 161 9.581731e-01 2.248908e+01  1.010882900169835530e+01  1.206728659998216813e+01  1.300130064528029652e+04  3.999168845178642368e+04
9 181 9.545570e-01 2.249777e+01  1.010882900169835530e+01  1.188262193746311368e+01  3.997350909108026826e+04  3.998743647869364213e+04
10 201 9.517859e-01 2.251046e+01  1.010882900169835530e+01  1.239663211720301561e+01  1.302833581763824986e+04  3.999279462555673672e+04
11 221 9.455885e-01 2.251333e+01  1.010882900169835530e+01  1.353490978073084960e+01  7.023624118646726856e+03  3.998891901877852069e+04
12 241 9.412778e-01 2.251404e+01  1.010882900169835530e+01  1.361672566514717353e+01  3.997277149835653836e+04  3.999445421174455987e+04
13 261 9.388841e-01 2.252464e+01  1.010882900169835530e+01  1.279448395654234716e+01  4.027639550035735738e+03  3.998965347574032785e+04
14 281 9.400032e-01 2.252972e+01  1.010882900169835530e+01  1.210905262547578864e+01  8.514980939038729048e+03  3.998802894776936591e+04
15 301 9.404132e-01 2.253997e+01  1.010882900169835530e+01  1.222278411827525701e+01  1.301967563877853718e+04  3.999188978705233603e+04
16 321 9.334665e-01 2.254733e+01  1.010882900169835530e+01  1.246946385542483249e+01  3.996278566709857841e+04  3.999330165393275820e+04
17 341 9.276779e-01 2.254957e+01  1.010882900169835530e+01  1.279087021451725548e+01  2.197279221819350278e+04  3.999020327806637215e+04
18 361 9.258159e-01 2.255805e+01  1.010882900169835530e+01  1.292935883548167553e+01  1.750207976329121811e+04  3.999460813924401737e+04
19 381 9.237938e-01 2.256407e+01  1.010882900169835530e+01  1.312222521645371742e+01  4.019042548702301247e+03  3.999485744499758584e+04
20 401 9.199045e-01 2.256773e+01  1.010882900169835530e+01  1.148422330525988500e+01  2.199300261918472461e+04  3.998985127937403740e+04
21 421 9.160690e-01 2.256424e+01  1.010882900169835530e+01  1.328073804002452007e+01  9.989029099145824148e+03  3.999442739176130272e+04
22 441 9.091772e-01 2.256793e+01  1.010882900169835530e+01  1.302018568709574353e+01  9.989548511952380068e+03  3.998942395750249125e+04
23 461 9.009762e-01 2.256775e+01  1.010882900169835530e+01  1.216892689708955899e+01  8.515764444900512899e+03  3.999518013181332208e+04
24 481 8.944662e-01 2.256819e+01  1.010882900169835530e+01  1.200106773441144981e+01  4.024655316731945277e+03  3.998571551627047302e+04
25 501 8.869000e-01 2.258140e+01  1.010882900169835530e+01  1.142776303656930281e+01  2.661472089730003790e+04  3.999267593831189879e+04
26 521 8.802780e-01 2.258355e+01  1.010882900169835530e+01  1.364209055512786328e+01  3.547323451497536007e+04  3.999240440498712269e+04
27 541 8.762967e-01 2.258780e+01  1.010882900169835530e+01  1.358359724875941765e+01  3.997674248662068567e+04  3.999210214784579148e+04
28 561 8.735649e-01 2.260088e+01  1.010882900169835530e+01  1.220359107734236481e+01  4.019435823520340819e+03  3.999060847877227206e+04
29 581 8.722242e-01 2.260876e+01  1.010882900169835530e+01  1.247992545863212399e+01  4.015351859834463539e+03  3.999158806538969657e+04
30 601 8.714164e-01 2.261513e+01  1.010882900169835530e+01  1.240921564194117543e+01  4.013753772034560370e+03  3.999273234828402929e+04
31 621 8.663575e-01 2.261978e+01  1.010882900169835530e+01  1.212174346278871440e+01  1.149054557116582328e+04  3.999546780146113451e+04
32 641 8.633042e-01 2.263405e+01  1.010882900169835530e+01  1.344745257761390889e+01  4.017931820021606654e+03  3.999058141037885798e+04
33 661 8.604361e-01 2.263809e+01  1.010882900169835530e+01  1.257786210163182261e+01  4.043773642825552997e+03  3.999522104862210836e+04
34 681 8.608001e-01 2.265529e+01  1.010882900169835530e+01  1.248339502661057310e+01  2.097876899636908638e+04  3.998989447498813388e+04
35 701 8.581346e-01 2.266540e+01  1.010882900169835530e+01  1.194609407681170765e+01  4.020749911185403562e+03  3.999380325969125988e+04
36 721 8.545973e-01 2.267888e+01  1.010882900169835530e+01  1.230873809151099607e+01  4.013881952331235880e+03  3.998976718093978707e+04
37 741 8.539244e-01 2.268218e+01  1.010882900169835530e+01  1.280688997047032984e+01  2.015799133026888285e+03  3.998826852648948261e+04
38 761 8.480255e-01 2.268853e+01  1.010882900169835530e+01  1.220859030699228320e+01  4.017793894892437493e+03  3.999114979790335201e+04
39 781 8.435114e-01 2.269744e+01  1.010882900169835530e+01  1.212235488740588174e+01  1.299150375883724155e+04  3.999000460411038512e+04
40 801 8.414353e-01 2.270723e+01  1.010882900169835530e+01  1.216700046802750279e+01  4.034009846821953033e+03  3.999123884710144921e+04
41 821 8.399752e-01 2.272850e+01  1.010882900169835530e+01  1.224452262548789250e+01  1.747924439392854765e+04  3.999001991175176227e+04
42 841 8.380048e-01 2.275237e+01  1.010882900169835530e+01  1.292418382792138942e+01  3.996459241676289093e+04  3.999217991883333161e+04
43 861 8.391016e-01 2.278845e+01  1.010882900169835530e+01  1.263880328218832894e+01  2.014429871253977808e+03  3.999550527294385392e+04
44 881 8.368831e-01 2.281295e+01  1.010882900169835530e+01  1.195409083754009671e+01  1.299286226071808778e+04  3.999166502470283012e+04
45 901 8.366924e-01 2.283983e+01  1.010882900169835530e+01  1.364643819390097335e+01  4.063748419356588784e+03  3.998895271300393506e+04
46 921 8.354515e-01 2.286553e+01  1.010882900169835530e+01  1.394021045126900127e+01  7.088596214450481966e+03  3.998927240535148303e+04
47 941 8.329085e-01 2.288880e+01  1.010882900169835530e+01  1.336643981766557765e+01  4.014949247379227018e+03  3.999228974224490958e+04
48 961 8.277087e-01 2.290861e+01  1.010882900169835530e+01  1.283154393801475379e+01  4.015056781360972309e+03  3.995902513172786712e+04
49 981 8.256643e-01 2.293081e+01  1.010882900169835530e+01  1.192170796634499830e+01  1.614475695086434470e+01  3.998852316907847853e+04
50 1001 8.256676e-01 2.296133e+01  1.010882900169835530e+01  1.295615459966199623e+01  7.004678628842930266e+03  3.999467223116420791e+04
51 1021 8.257968e-01 2.298244e+01  1.010882900169835530e+01  1.276799080548150123e+01  1.718501879781155850e+01  3.998383177490332309e+04
52 1041 8.246992e-01 2.300801e+01  1.010882900169835530e+01  1.367940592712315251e+01  2.014464945354960491e+03  3.999459255373925407e+04
53 1061 8.213653e-01 2.303454e+01  1.010882900169835530e+01  1.295343089042007989e+01  1.627183721955690032e+01  3.998842533452815405e+04
54 1081 8.148153e-01 2.305675e+01  1.010882900169835530e+01  1.256087788425217688e+01  1.149062655163263844e+04  3.999385309325440903e+04
55 1101 8.042193e-01 2.306538e+01  1.010882900169835530e+01  1.279229395059611463e+01  4.014229869685153062e+03  3.999415931270949659e+04
56 1121 7.906267e-01 2.307139e+01  1.010882900169835530e+01  1.259947160488605178e+01  2.020728036811292895e+03  3.999084777679329272e+04
57 1141 7.832737e-01 2.308167e+01  1.010882900169835530e+01  1.261175319790002192e+01  4.012417140224261857e+03  3.998817524097168643e+04
58 1161 7.748344e-01 2.308536e+01  1.010882900169835530e+01  1.239087334927142514e+01  1.596179022452205842e+01  3.998228741382584849e+04
59 1181 7.684977e-01 2.310011e+01  1.010882900169835530e+01  1.218392384540431550e+01  2.013731308822724259e+03  3.999003558117069770e+04
60 1201 7.588221e-01 2.311507e+01  1.010882900169835530e+01  1.219166635360610584e+01  4.015810772416499731e+03  3.998785325269447640e+04
61 1221 7.516224e-01 2.311271e+01  1.010882900169835530e+01  1.207691799319995418e+01  4.053234938664907986e+03  3.999546501980124594e+04
62 1241 7.431980e-01 2.311919e+01  1.010882900169835530e+01  1.163336267640443289e+01  7.017061520139821369e+03  3.999006400026217307e+04
63 1261 7.383335e-01 2.313767e+01  1.010882900169835530e+01  1.211517770811274097e+01  1.517954854274034737e+01  3.999196175655748812e+04
64 1281 7.324820e-01 2.315277e+01  1.010882900169835530e+01  1.237103539381809370e+01  2.015116769104368814e+03  3.999204369641111407e+04
65 1301 7.279965e-01 2.316308e+01  1.010882900169835530e+01  1.257193760408829775e+01  4.012443780707581027e+03  3.999392612870379526e+04
66 1321 7.190346e-01 2.317728e+01  1.010882900169835530e+01  1.243009544837635971e+01  1.510232899169274035e+01  3.998969521981067373e+04
67 1341 7.138302e-01 2.318556e+01  1.010882900169835530e+01  1.156271645184872909e+01  4.013033634734413681e+03  3.998684500411162298e+04
68 1361 7.096228e-01 2.319176e+01  1.010882900169835530e+01  1.168465823202576459e+01  4.086883594556699791e+03  3.998788452159941517e+04
69 1381 7.057489e-01 2.319300e+01  1.010882900169835530e+01  1.220949569158787362e+01  8.515904673493059818e+03  3.999200638495217572e+04
70 1401 7.018295e-01 2.320289e+01  1.010882900169835530e+01  1.163678656849021031e+01  2.014163170862937250e+03  3.998910677944069903e+04
71 1421 6.983973e-01 2.322162e+01  1.010882900169835530e+01  1.146370736772519017e+01  1.360243381340966273e+01  3.999185406641846930e+04
72 1441 6.972686e-01 2.322513e+01  1.010882900169835530e+01  1.195026782459322057e+01  4.016094023079492217e+03  3.999118110028698720e+04
73 1461 6.955755e-01 2.323311e+01  1.010882900169835530e+01  1.148623980296052238e+01  1.415744500050110943e+01  3.998813939350691362e+04
74 1481 6.970079e-01 2.324184e+01  1.010882900169835530e+01  1.153473583411929937e+01  1.540289743971077741e+01  3.998782251672908751e+04
75 1501 6.983806e-01 2.325077e+01  1.010882900169835530e+01  1.199732747961546409e+01  1.392501584678606008e+01  3.999064531353968050e+04
76 1521 6.980669e-01 2.325617e+01  1.010882900169835530e+01  1.225151358640966848e+01  7.004265369467268101e+03  3.999014111949747894e+04
77 1541 6.963889e-01 2.325807e+01  1.010882900169835530e+01  1.174189636785856194e+01  1.363361137162654302e+01  3.999059202737911255e+04
78 1561 6.942502e-01 2.325948e+01  1.010882900169835530e+01  1.203614329533312599e+01  7.002578561750680819e+03  3.999182591245361982e+04
79 1581 6.909098e-01 2.328186e+01  1.010882900169835530e+01  1.175777716859421673e+01  1.477137789436444493e+01  3.998738487843013718e+04
80 1601 6.861455e-01 2.328640e+01  1.010882900169835530e+01  1.176162805269910550e+01  1.508465644716775245e+01  3.998724274029459775e+04
81 1621 6.842387e-01 2.329694e+01  1.010882900169835530e+01  1.180762913568555916e+01  1.355762650642277656e+01  3.998874512575902918e+04
82 1641 6.850515e-01 2.330701e+01  1.010882900169835530e+01  1.185669771796963801e+01  1.387590585974888668e+01  3.998974096231148724e+04
83 1661 6.828055e-01 2.330803e+01  1.010882900169835530e+01  1.181166366415444813e+01  1.314429324087102913e+01  3.999113377502320509e+04
84 1681 6.794862e-01 2.331139e+01  1.010882900169835530e+01  1.197008260863419160e+01  2.021348013242622301e+03  3.998770705960370833e+04
85 1701 6.758605e-01 2.332068e+01  1.010882900169835530e+01  1.222863822854734295e+01  4.013038045347640036e+03  3.998912481521284644e+04
86 1721 6.723175e-01 2.332151e+01  1.010882900169835530e+01  1.228558783238807806e+01  1.431550477465835058e+01  3.999192706050717243e+04
87 1741 6.685390e-01 2.332842e+01  1.010882900169835530e+01  1.170031811731117344e+01  2.014013652975067544e+03  3.998383704125086660e+04
88 1761 6.664674e-01 2.332956e+01  1.010882900169835530e+01  1.187712006561248934e+01  7.010994306150802004e+03  3.998330387464677915e+04
89 1781 6.633515e-01 2.333255e+01  1.010882900169835530e+01  1.199838812473536365e+01  4.020284855303537370e+03  3.998791073960656649e+04
90 1801 6.604437e-01 2.334947e+01  1.010882900169835530e+01  1.156676769193321164e+01  1.543021822372984531e+01  3.999348347579108668e+04
91 1821 6.589601e-01 2.336114e+01  1.010882900169835530e+01  1.159154616931246018e+01  4.012571159384535349e+03  3.999253019590937765e+04
92 1841 6.573259e-01 2.337605e+01  1.010882900169835530e+01  1.178320956764549621e+01  4.018455508526098583e+03  3.999116564847766858e+04
93 1861 6.571950e-01 2.338608e+01  1.010882900169835530e+01  1.195409290917446121e+01  4.016472449663426232e+03  3.998834761304860876e+04
94 1881 6.509329e-01 2.339251e+01  1.010882900169835530e+01  1.183100364322574904e+01  4.029733216843173068e+03  3.998883660451573814e+04
95 1901 6.464623e-01 2.340317e+01  1.010882900169835530e+01  1.148481412381418387e+01  4.035956689889367681e+03  3.999218320037293597e+04
96 1921 6.417131e-01 2.341758e+01  1.010882900169835530e+01  1.150539396918946267e+01  4.016852955496711729e+03  3.999486177620307717e+04
97 1941 6.384754e-01 2.342517e+01  1.010882900169835530e+01  1.210910881519710891e+01  4.017512922800437991e+03  3.998857871506267111e+04
98 1961 6.339029e-01 2.343855e+01  1.010882900169835530e+01  1.139712757552380040e+01  4.017136310219752886e+03  3.998526384723639057e+04
99 1981 6.316742e-01 2.345398e+01  1.010882900169835530e+01  1.144156754325432068e+01  4.020569788721194527e+03  3.998499120685507660e+04
100 2001 6.288844e-01 2.346072e+01  1.010882900169835530e+01  1.190377576402831750e+01  9.983161350153590320e+03  3.998904592985010822e+04
101 2021 6.271761e-01 2.347263e+01  1.010882900169835530e+01  1.132709224921298130e+01  2.992684711218970915e+04  3.998984756334676058e+04
102 2041 6.245006e-01 2.348059e+01  1.010882900169835530e+01  1.169933573403308458e+01  1.379719402170627340e+01  3.999077202580465382e+04
103 2061 6.211354e-01 2.348995e+01  1.010882900169835530e+01  1.099170961634878196e+01  4.017136222836336856e+03  3.998732232441247470e+04
104 2081 6.170142e-01 2.349510e+01  1.010882900169835530e+01  1.121014470737349100e+01  4.013433761367626630e+03  3.998687436686149158e+04
105 2101 6.124069e-01 2.349787e+01  1.010882900169835530e+01  1.126423234405587337e+01  8.505842291291588481e+03  4.000028023978456622e+04
106 2121 6.077973e-01 2.350204e+01  1.010882900169835530e+01  1.138958111966350728e+01  1.368432808972994152e+01  3.998728757996644708e+04
107 2141 6.018080e-01 2.350853e+01  1.010882900169835530e+01  1.135877033064033093e+01  1.313348764463432516e+01  3.991699170866269560e+04
108 2161 5.956843e-01 2.351192e+01  1.010882900169835530e+01  1.131897905816977357e+01  4.015482570537741594e+03  3.998503960489997553e+04
109 2181 5.908670e-01 2.352690e+01  1.010882900169835530e+01  1.150857230233013873e+01  2.014976462078504255e+03  3.999094370963249821e+04
110 2201 5.851523e-01 2.353257e+01  1.010882900169835530e+01  1.154299532410380635e+01  1.356750677169127783e+01  3.998943665957943449e+04
111 2221 5.781611e-01 2.354295e+01  1.010882900169835530e+01  1.143492585989820753e+01  4.017200482576810828e+03  3.998734702049706539e+04
112 2241 5.747103e-01 2.355975e+01  1.010882900169835530e+01  1.120501957466435883e+01  1.355110560219026539e+01  3.997341356560384156e+04
113 2261 5.724831e-01 2.358733e+01  1.010882900169835530e+01  1.154243881309100672e+01  1.390720128910834674e+01  3.999058465276253264e+04
114 2281 5.689767e-01 2.360324e+01  1.010882900169835530e+01  1.092626909764748078e+01  1.499229246590235576e+01  3.999210780265336507e+04
115 2301 5.672689e-01 2.361322e+01  1.010882900169835530e+01  1.155261549283456901e+01  4.018471278635624003e+03  3.999381987594224483e+04
116 2321 5.667081e-01 2.362869e+01  1.010882900169835530e+01  1.123718230725809164e+01  1.315765615279664047e+01  3.997982417591615376e+04
117 2341 5.677254e-01 2.363669e+01  1.010882900169835530e+01  1.068715660524637201e+01  1.410017156251905135e+01  3.998225528676578688e+04
118 2361 5.686397e-01 2.364624e+01  1.010882900169835530e+01  1.137852811081858206e+01  1.337232296943412457e+01  1.298930127911256022e+04
119 2381 5.698139e-01 2.365463e+01  1.010882900169835530e+01  1.108660897947918933e+01  4.025602266146745478e+03  3.998839525662763481e+04
120 2401 5.718831e-01 2.367692e+01  1.010882900169835530e+01  1.203209696851237709e+01  7.002852990596771633e+03  3.997906439762889204e+04
121 2421 5.747133e-01 2.368534e+01  1.010882900169835530e+01  1.131655311959781507e+01  2.646966204859619756e+04  3.999306579406605306e+04
122 2441 5.753352e-01 2.369953e+01  1.010882900169835530e+01  1.122289477476305564e+01  1.413945781172843397e+01  3.998936832753071940e+04
123 2461 5.747371e-01 2.370461e+01  1.010882900169835530e+01  1.095471516205992657e+01  1.263589174067132959e+01  3.995647003824607236e+04
124 2481 5.760986e-01 2.371245e+01  1.010882900169835530e+01  1.122270818782325108e+01  2.015450444731311563e+03  3.998612870926589676e+04
125 2501 5.755423e-01 2.372476e+01  1.010882900169835530e+01  1.121213714194283639e+01  1.328655737114070234e+01  3.997963193794778635e+04
126 2521 5.719707e-01 2.372507e+01  1.010882900169835530e+01  1.144131531838259619e+01  1.266613055170597235e+01  3.999088110035585123e+04
127 2541 5.705795e-01 2.372711e+01  1.010882900169835530e+01  1.127555709357127256e+01  2.012883273390344357e+03  3.998368719037326809e+04
128 2561 5.689132e-01 2.375265e+01  1.010882900169835530e+01  1.133462837991820216e+01  2.013740746627073804e+03  3.999211509280635073e+04
129 2581 5.672811e-01 2.375967e+01  1.010882900169835530e+01  1.117559087063364842e+01  1.332324371301913679e+01  3.998864262547213730e+04
130 2601 5.619795e-01 2.378135e+01  1.010882900169835530e+01  1.122872716585172981e+01  2.013070434776545426e+03  3.998323116396825208e+04
131 2621 5.554257e-01 2.378412e+01  1.010882900169835530e+01  1.108905971831032033e+01  2.013204546381531600e+03  3.997562676384257065e+04
132 2641 5.459895e-01 2.378174e+01  1.010882900169835530e+01  1.107800121809184724e+01  2.013669878954136948e+03  3.995944370439896738e+04
133 2661 5.378952e-01 2.380058e+01  1.010882900169835530e+01  1.135213416888640836e+01  1.299833684808553258e+01  3.999117343599808373e+04
134 2681 5.296599e-01 2.379859e+01  1.010882900169835530e+01  1.137205502712893335e+01  4.015014027395777248e+03  3.999175588503502513e+04
135 2701 5.222556e-01 2.379810e+01  1.010882900169835530e+01  1.088310802790784848e+01  1.328047948994190719e+01  3.998374936809830979e+04
136 2721 5.146146e-01 2.380191e+01  1.010882900169835530e+01  1.102621699619797546e+01  1.299920057890975222e+01  3.093001956892560702e+04
137 2741 5.072813e-01 2.380302e+01  1.010882900169835530e+01  1.059794537652481594e+01  2.013893848100770128e+03  3.994224337807035772e+04
138 2761 5.001910e-01 2.380543e+01  1.010882900169835530e+01  1.084193904530456010e+01  1.439639104544528436e+01  3.998065962858669809e+04
139 2781 4.936070e-01 2.380762e+01  1.010882900169835530e+01  1.050435969392299640e+01  1.254930704534481833e+01  3.999369834553806140e+04
140 2801 4.885385e-01 2.382078e+01  1.010882900169835530e+01  1.087211787990658429e+01  2.014014925812615502e+03  3.998710002523793082e+04
141 2821 4.867706e-01 2.382191e+01  1.010882900169835530e+01  1.153982042989091994e+01  4.013396051280140455e+03  3.998394457976894046e+04
142 2841 4.860557e-01 2.382387e+01  1.010882900169835530e+01  1.090583480010137585e+01  1.280693821151730205e+01  1.995975222043760368e+04
143 2861 4.816484e-01 2.385020e+01  1.010882900169835530e+01  1.118331038743708561e+01  1.277370166913698668e+01  3.997903739692152158e+04
144 2881 4.798354e-01 2.386094e+01  1.010882900169835530e+01  1.085132150563827125e+01  2.014324264430648327e+03  3.998774999032629421e+04
145 2901 4.783871e-01 2.386609e+01  1.010882900169835530e+01  1.101130730952158032e+01  1.316149035314260374e+01  3.998498001262867911e+04
146 2921 4.771554e-01 2.386420e+01  1.010882900169835530e+01  1.238213763069233586e+01  9.987135055377733806e+03  3.997736242584307183e+04
147 2941 4.743638e-01 2.386927e+01  1.010882900169835530e+01  1.091586945334027448e+01  1.275027737816214923e+01  3.998524373881338397e+04
148 2961 4.718632e-01 2.387325e+01  1.010882900169835530e+01  1.059549037717616571e+01  1.362563986736421739e+01  3.999019428761212475e+04
149 2981 4.705057e-01 2.388183e+01  1.010882900169835530e+01  1.101856905308965828e+01  9.986942394898334896e+03  3.998974060289830959e+04
150 3001 4.696837e-01 2.389284e+01  1.010882900169835530e+01  1.090016426450719145e+01  2.017499007775944392e+03  3.998247063677819096e+04
151 3021 4.687569e-01 2.389764e+01  1.010882900169835530e+01  1.097695820981141779e+01  1.277434293420383327e+01  3.998215153635318711e+04
152 3041 4.671740e-01 2.390795e+01  1.010882900169835530e+01  1.082616819553161669e+01  1.497567249471022842e+04  3.998753130504230649e+04
153 3061 4.666559e-01 2.391968e+01  1.010882900169835530e+01  1.073798817192491484e+01  9.987781342900352684e+03  3.997859439090575324e+04
154 3081 4.660471e-01 2.393682e+01  1.010882900169835530e+01  1.095791660666006884e+01  7.054608466350015988e+03  3.998214691564616078e+04
155 3101 4.658081e-01 2.393752e+01  1.010882900169835530e+01  1.090498813764356179e+01  4.014343406412490367e+03  3.998629948509699170e+04
156 3121 4.674622e-01 2.394307e+01  1.010882900169835530e+01  1.069980875374846718e+01  1.223912386783488770e+01  3.998692891885543941e+04
157 3141 4.690759e-01 2.394875e+01  1.010882900169835530e+01  1.091168408681112822e+01  7.002414552645184813e+03  3.998275110607747774e+04
158 3161 4.701903e-01 2.394797e+01  1.010882900169835530e+01  1.090821848745918921e+01  1.148706888829315722e+04  3.998902825237928482e+04
159 3181 4.694939e-01 2.395416e+01  1.010882900169835530e+01  1.086689773565924533e+01  1.384632982307753402e+01  3.990460552146029659e+04
160 3201 4.689567e-01 2.395284e+01  1.010882900169835530e+01  1.085873775549529618e+01  4.017178848055805247e+03  3.995083515092817834e+04
161 3221 4.674185e-01 2.395366e+01  1.010882900169835530e+01  1.068985628900228235e+01  1.376015208330487738e+01  3.999441432994365459e+04
162 3241 4.671477e-01 2.395554e+01  1.010882900169835530e+01  1.138238525882780650e+01  4.998146982116612890e+03  3.998264095036431536e+04
163 3261 4.675321e-01 2.396941e+01  1.010882900169835530e+01  1.118651675779724997e+01  4.019362320142849057e+03  3.998749270818528748e+04
164 3281 4.681906e-01 2.397619e+01  1.010882900169835530e+01  1.126867589811667969e+01  8.521919938907958567e+03  3.998234185128226818e+04
165 3301 4.689680e-01 2.398258e+01  1.010882900169835530e+01  1.058952546659140204e+01  1.280631457994426192e+01  3.998366049754104461e+04
166 3321 4.677140e-01 2.399295e+01  1.010882900169835530e+01  1.103035945866539436e+01  4.020777488783142871e+03  3.990780022905168880e+04
167 3341 4.666996e-01 2.399244e+01  1.010882900169835530e+01  1.093748402787733731e+01  1.290833377060580212e+01  3.998304291309760447e+04
168 3361 4.637640e-01 2.399650e+01  1.010882900169835530e+01  1.100901531192608118e+01  1.252708560603899102e+01  3.993122919040387205e+04
169 3381 4.587121e-01 2.399901e+01  1.010882900169835530e+01  1.107198847437245881e+01  1.235785689681223687e+01  3.993897014565290010e+04
170 3401 4.531002e-01 2.400024e+01  1.010882900169835530e+01  1.093665772462554386e+01  1.453298197827291993e+01  3.998645416387269506e+04
171 3421 4.502413e-01 2.400758e+01  1.010882900169835530e+01  1.110549482798914589e+01  5.002071496215468869e+03  3.997635961517802207e+04
172 3441 4.489531e-01 2.401449e+01  1.010882900169835530e+01  1.126954740000527444e+01  4.020433284656298383e+03  3.998959476331783662e+04
173 3461 4.458474e-01 2.401809e+01  1.010882900169835530e+01  1.120632984487322048e+01  1.202324696337191057e+01  3.997332723357213399e+04
174 3481 4.420075e-01 2.401872e+01  1.010882900169835530e+01  1.140455257016208179e+01  2.013248698087978937e+03  3.999215005912565539e+04
175 3501 4.402440e-01 2.402185e+01  1.010882900169835530e+01  1.104428329868256498e+01  1.216503754631272471e+01  3.997474863856791490e+04
176 3521 4.399967e-01 2.403533e+01  1.010882900169835530e+01  1.122061312276254341e+01  1.273195967971498455e+01  3.989332391668087803e+04
177 3541 4.393402e-01 2.403806e+01  1.010882900169835530e+01  1.100183788456287104e+01  7.002472260693626595e+03  3.997381685358369577e+04
178 3561 4.391666e-01 2.404159e+01  1.010882900169835530e+01  1.106398405607822966e+01  1.240706614401349128e+01  3.999318372513961367e+04
179 3581 4.386507e-01 2.404924e+01  1.010882900169835530e+01  1.108670764495484562e+01  1.223102819888033821e+01  3.997183472458370670e+04
180 3601 4.388818e-01 2.405436e+01  1.010882900169835530e+01  1.088365441471747808e+01  1.199756176048657963e+01  9.990169669978136881e+03
181 3621 4.397973e-01 2.405755e+01  1.010882900169835530e+01  1.068827870008374958e+01  1.206543859271716101e+01  3.993779745084026945e+04
182 3641 4.393400e-01 2.406459e+01  1.010882900169835530e+01  1.096452823283378919e+01  1.182183473240804616e+01  3.994964985400457226e+04
183 3661 4.369734e-01 2.406927e+01  1.010882900169835530e+01  1.082264599057625354e+01  2.013052501437232195e+03  3.092600577609140601e+04
184 3681 4.345452e-01 2.407177e+01  1.010882900169835530e+01  1.094142327984311791e+01  4.012557953814738539e+03  3.997597212663724349e+04
185 3701 4.307964e-01 2.407588e+01  1.010882900169835530e+01  1.093799503211211643e+01  4.013288025200251468e+03  2.993310871868595495e+04
186 3721 4.271193e-01 2.407712e+01  1.010882900169835530e+01  1.081192104002729693e+01  1.183198662635104981e+01  1.299624890751901512e+04
187 3741 4.222101e-01 2.409870e+01  1.010882900169835530e+01  1.086277745107825510e+01  4.026455263483548151e+03  3.997168501464193105e+04
188 3761 4.199926e-01 2.410318e+01  1.010882900169835530e+01  1.082237876973437629e+01  2.014566611222734082e+03  3.996772432560156449e+04
189 3781 4.172198e-01 2.410164e+01  1.010882900169835530e+01  1.096203541202319798e+01  1.366243736152831367e+01  3.996708677408481890e+04
190 3801 4.166659e-01 2.410341e+01  1.010882900169835530e+01  1.100890448186122939e+01  1.196250689642249654e+01  3.998926518530935573e+04
191 3821 4.161715e-01 2.410972e+01  1.010882900169835530e+01  1.072835270252987527e+01  1.226840479699669295e+01  2.196338582734039301e+04
192 3841 4.175609e-01 2.411489e+01  1.010882900169835530e+01  1.062896076852798366e+01  1.208250283180720785e+01  3.099063880782514389e+04
193 3861 4.189751e-01 2.412575e+01  1.010882900169835530e+01  1.107720822146564288e+01  1.204826688764189413e+01  4.013299993737386558e+03
194 3881 4.206481e-01 2.413903e+01  1.010882900169835530e+01  1.078261590221787358e+01  1.246690147623250766e+01  3.095266840728145689e+04
195 3901 4.220704e-01 2.414352e+01  1.010882900169835530e+01  1.066785768337902063e+01  1.226331659655270911e+01  2.195542187434352672e+04
196 3921 4.232588e-01 2.417173e+01  1.010882900169835530e+01  1.118478858540494514e+01  1.260115750561272563e+01  3.997647783436062309e+04
197 3941 4.224780e-01 2.418438e+01  1.010882900169835530e+01  1.091362136869891053e+01  1.206117589841106152e+01  3.996716384379502415e+04
198 3961 4.219657e-01 2.419309e+01  1.010882900169835530e+01  1.094565272387961485e+01  1.240789189705438744e+01  3.998014988239280501e+04
199 3981 4.192045e-01 2.419847e+01  1.010882900169835530e+01  1.132209848658046525e+01  1.280894241371323261e+01  3.999240958061220590e+04
200 4001 4.154010e-01 2.421463e+01  1.010882900169835530e+01  1.053137234089086860e+01  1.195843060331954177e+01  3.096534059736763447e+04
201 4021 4.129645e-01 2.422470e+01  1.010882900169835530e+01  1.045447102349136870e+01  1.197616693889331607e+01  3.998668604622661223e+04
202 4041 4.127655e-01 2.423488e+01  1.010882900169835530e+01  1.098235338544688844e+01  1.189419182865028368e+01  1.299360882775502796e+04
203 4061 4.124873e-01 2.424860e+01  1.010882900169835530e+01  1.070809219811032165e+01  1.223480351410173839e+01  3.997859077910713677e+04
204 4081 4.131428e-01 2.425731e+01  1.010882900169835530e+01  1.067830959492150100e+01  1.112692927418477673e+01  4.014660439202797079e+03
205 4101 4.124490e-01 2.426479e+01  1.010882900169835530e+01  1.055147413935111800e+01  1.165733850209104538e+01  3.996038483906360489e+04
206 4121 4.143281e-01 2.427110e+01  1.010882900169835530e+01  1.111349173500566323e+01  1.172558850798085928e+01  9.989306235081839986e+03
207 4141 4.165637e-01 2.429023e+01  1.010882900169835530e+01  1.073235469216038851e+01  1.409246629382761284e+01  1.301517599449068439e+04
208 4161 4.169031e-01 2.430202e+01  1.010882900169835530e+01  1.059236253022980279e+01  1.187621687957141603e+01  3.992746833086719562e+04
209 4181 4.189506e-01 2.433508e+01  1.010882900169835530e+01  1.054138607253059412e+01  1.168016515917133447e+01  3.998891568357449432e+04
210 4201 4.187367e-01 2.435317e+01  1.010882900169835530e+01  1.057149394242157925e+01  1.159528748857000124e+01  3.996785936705405766e+04
211 4221 4.199571e-01 2.436675e+01  1.010882900169835530e+01  1.068702256043444621e+01  1.241119364131039049e+01  3.996506003849129775e+04
212 4241 4.211190e-01 2.437723e+01  1.010882900169835530e+01  1.048811583018550309e+01  1.173229090291966870e+01  3.998747347506985534e+04
213 4261 4.209848e-01 2.438435e+01  1.010882900169835530e+01  1.043569314410608584e+01  1.291760958149794192e+01  3.998982431116574298e+04
214 4281 4.186123e-01 2.439791e+01  1.010882900169835530e+01  1.096419486689749512e+01  1.196929059534784479e+01  4.013970714051802133e+03
215 4301 4.160650e-01 2.440228e+01  1.010882900169835530e+01  1.064152790320693498e+01  1.196138342021512813e+01  3.094865473783195557e+04
216 4321 4.141375e-01 2.441471e+01  1.010882900169835530e+01  1.075424716080962462e+01  1.177210920219470580e+01  3.999310336677104351e+04
217 4341 4.103583e-01 2.442674e+01  1.010882900169835530e+01  1.070347426800431734e+01  1.179297485840539039e+01  3.998382371556956787e+04
218 4361 4.089749e-01 2.442993e+01  1.010882900169835530e+01  1.074331815533304990e+01  1.194954642800843558e+01  9.985133538870042685e+03
219 4381 4.070161e-01 2.443590e+01  1.010882900169835530e+01  1.063759062331576288e+01  1.160783834130765513e+01  3.998366329643941572e+04
220 4401 4.044377e-01 2.446244e+01  1.010882900169835530e+01  1.064270645711427221e+01  1.176886161285702670e+01  3.998168920158013498e+04
221 4421 4.017474e-01 2.445946e+01  1.010882900169835530e+01  1.035831157892372190e+01  1.153244207577498059e+01  3.998715237098618672e+04
222 4441 3.986908e-01 2.446001e+01  1.010882900169835530e+01  1.105450026312814948e+01  1.164197205003585367e+01  3.997909355831852736e+04
223 4461 3.989699e-01 2.446247e+01  1.010882900169835530e+01  1.063055042341142808e+01  1.130162412423587170e+01  1.299248676452475593e+04
224 4481 4.001960e-01 2.447338e+01  1.010882900169835530e+01  1.063981014238095213e+01  1.156401762804221534e+01  1.357610239376740502e+01
225 4501 4.015747e-01 2.448221e+01  1.010882900169835530e+01  1.060018716285954987e+01  1.142929831232134674e+01  4.012235999803295272e+03
226 4521 4.027152e-01 2.448227e+01  1.010882900169835530e+01  1.054315803619887326e+01  1.139796694103732122e+01  3.998902529771219997e+04
227 4541 4.033820e-01 2.448567e+01  1.010882900169835530e+01  1.077293264596108102e+01  1.161613198973308769e+01  3.998811052457740880e+04
228 4561 4.035357e-01 2.449215e+01  1.010882900169835530e+01  1.067876427200696554e+01  1.127580185552551484e+01  1.350185183012567336e+01
229 4581 4.050592e-01 2.449442e+01  1.010882900169835530e+01  1.026605345350870380e+01  1.177202409120986637e+01  9.987065496715144036e+03
230 4601 4.014366e-01 2.449973e+01  1.010882900169835530e+01  1.021949364104878200e+01  1.131421154146413954e+01  4.013288185634392448e+03
231 4621 3.989692e-01 2.450328e+01  1.010882900169835530e+01  1.036557202953533086e+01  1.149195179252309984e+01  3.094235927703974085e+04
232 4641 3.972505e-01 2.450685e+01  1.010882900169835530e+01  1.037988236191677771e+01  1.124302713554542521e+01  9.984504734192983960e+03
233 4661 3.963183e-01 2.451295e+01  1.010882900169835530e+01  1.021254161878172795e+01  1.114534346768916606e+01  4.016708925484345855e+03
234 4681 3.951819e-01 2.451672e+01  9.954449348528717323e+00  9.954449348528717323e+00  1.126235450019668249e+01  3.991861463452395401e+04
235 4701 3.934396e-01 2.452064e+01  9.954449348528717323e+00  1.011297472154134880e+01  1.118084959636056830e+01  9.983524395757054663e+03
236 4721 3.915463e-01 2.452418e+01  9.954449348528717323e+00  1.001689690435094882e+01  1.103598585895142392e+01  9.985679287902443320e+03
237 4741 3.912194e-01 2.453093e+01  9.954449348528717323e+00  1.039895481841116087e+01  1.118302419407490866e+01  4.017416573207963665e+03
238 4761 3.906630e-01 2.453435e+01  9.954449348528717323e+00  1.021653528952318801e+01  1.126667171336866602e+01  3.993369485874606471e+04
239 4781 3.908021e-01 2.455152e+01  9.954449348528717323e+00  1.010303391514528570e+01  1.112042239337019822e+01  4.016238404665400139e+03
240 4801 3.910951e-01 2.455403e+01  9.954449348528717323e+00  1.013556784378270947e+01  1.081895940189488492e+01  3.096395194598961098e+04
241 4821 3.901710e-01 2.455973e+01  9.954449348528717323e+00  1.027860257026976498e+01  1.183086375464686668e+01  1.995985005572195951e+04
242 4841 3.884055e-01 2.456795e+01  9.906560682421796216e+00  9.906560682421796216e+00  1.109388535179127189e+01  3.992775440364547831e+04
243 4861 3.866509e-01 2.456604e+01  9.906560682421796216e+00  1.023984650548754871e+01  1.113540161499830461e+01  3.093343997302488424e+04
244 4881 3.864976e-01 2.456963e+01  9.906560682421796216e+00  1.006950044596248794e+01  1.121670012019499829e+01  1.299112402626956100e+04
245 4901 3.856515e-01 2.457768e+01  9.906560682421796216e+00  1.000875706517821051e+01  1.073844233562310890e+01  4.019181674527123050e+03
246 4921 3.833692e-01 2.459397e+01  9.780625788312061530e+00  9.780625788312061530e+00  1.148591498398650934e+01  1.995518976384535199e+04
247 4941 3.812120e-01 2.459841e+01  9.780625788312061530e+00  1.007595341274510581e+01  1.110012911191537732e+01  2.196942559239441471e+04
248 4961 3.772407e-01 2.460884e+01  9.780625788312061530e+00  1.012373392405651806e+01  1.062355060074671087e+01  3.996377364726945234e+04
249 4981 3.750381e-01 2.461690e+01  9.743800984301689283e+00  9.743800984301689283e+00  1.161831641559663453e+01  3.095378384620083671e+04
250 5001 3.735213e-01 2.461763e+01  9.743800984301689283e+00  1.000865616238826128e+01  1.124180847755100032e+01  3.999068938184354920e+04
251 5021 3.726968e-01 2.463166e+01  9.739647302915185989e+00  9.739647302915185989e+00  1.063316855239114389e+01  4.018107512559881343e+03
252 5041 3.725385e-01 2.463339e+01  9.739647302915185989e+00  9.940425954753738580e+00  1.215924243022532991e+01  3.997841389936397172e+04
253 5061 3.705634e-01 2.463159e+01  9.739647302915185989e+00  1.014339284993684664e+01  1.144215447173111322e+01  3.997393069851724431e+04
254 5081 3.685692e-01 2.463684e+01  9.739647302915185989e+00  1.010589835660638158e+01  1.083221582278451933e+01  3.093378907406390499e+04
255 5101 3.669987e-01 2.465181e+01  9.739647302915185989e+00  1.001146417417934842e+01  2.012723791662943995e+03  3.998443545905069186e+04
256 5121 3.660608e-01 2.466409e+01  9.739647302915185989e+00  9.776954952432987511e+00  1.166146028142763846e+01  3.997578206731340470e+04
257 5141 3.641639e-01 2.467570e+01  9.386433013591263474e+00  9.386433013591263474e+00  1.120828788177661828e+01  3.998781730801595404e+04
258 5161 3.629393e-01 2.467011e+01  9.386433013591263474e+00  9.916437163248158271e+00  1.097463672411598345e+01  3.998865005824961554e+04
259 5181 3.610676e-01 2.467228e+01  9.386433013591263474e+00  9.897621946552293437e+00  4.995078208738225840e+03  3.998651236197348044e+04
260 5201 3.606038e-01 2.467672e+01  9.386433013591263474e+00  9.867674822536848467e+00  1.101544175989797125e+01  3.994725514788134024e+04
261 5221 3.605580e-01 2.468630e+01  9.386433013591263474e+00  9.596420436435975532e+00  1.108171791763177438e+01  3.095872666406035569e+04
262 5241 3.613033e-01 2.468893e+01  9.386433013591263474e+00  9.792811705659302035e+00  2.011916999144379133e+03  3.999334997879544972e+04
263 5261 3.628029e-01 2.468920e+01  9.386433013591263474e+00  1.025539265717497273e+01  4.012179445101602141e+03  3.997632216840836190e+04
264 5281 3.650105e-01 2.469539e+01  9.386433013591263474e+00  9.705520808350859951e+00  1.150827586547601911e+01  3.995338497757512960e+04
265 5301 3.679224e-01 2.472015e+01  9.386433013591263474e+00  9.788106406640466162e+00  2.012215043858137733e+03  3.996916074178275449e+04
266 5321 3.689842e-01 2.473144e+01  9.386433013591263474e+00  9.741987310588086757e+00  2.012360929381782171e+03  3.998909190976528771e+04
267 5341 3.690849e-01 2.473693e+01  9.386433013591263474e+00  9.821023136397531772e+00  1.065765859789371817e+01  9.985886706024293744e+03
268 5361 3.691172e-01 2.473879e+01  9.386433013591263474e+00  9.940501217452604621e+00  2.011706764295556468e+03  3.997693658453819080e+04
269 5381 3.678738e-01 2.474317e+01  9.386433013591263474e+00  9.785848881230847951e+00  9.983846966161983801e+03  3.999188936772503803e+04
270 5401 3.668297e-01 2.474490e+01  9.386433013591263474e+00  9.876721359718915849e+00  4.013890180665093339e+03  3.999261651470709330e+04
271 5421 3.665070e-01 2.475623e+01  9.386433013591263474e+00  9.541978823635211882e+00  4.013416537259541656e+03  3.998152878183612484e+04
272 5441 3.670237e-01 2.475985e+01  9.386433013591263474e+00  9.622931921022361834e+00  2.012506626239390016e+03  3.998616094998209883e+04
273 5461 3.690597e-01 2.476239e+01  9.386433013591263474e+00  9.776678530162717706e+00  1.071354946763880456e+01  3.992726867284507171e+04
274 5481 3.699076e-01 2.476637e+01  9.386433013591263474e+00  1.006778708584655391e+01  1.147542369230956005e+01  3.998294431301097939e+04
275 5501 3.697450e-01 2.478771e+01  9.386433013591263474e+00  9.634746753942645014e+00  1.055264915857526020e+01  3.998639667170354369e+04
276 5521 3.690028e-01 2.481148e+01  9.386433013591263474e+00  9.960274229941530777e+00  1.047270960081931079e+01  4.023205634086877126e+03
277 5541 3.673016e-01 2.482027e+01  9.386433013591263474e+00  9.763949838661179825e+00  1.164746169035338497e+01  3.992959730951644451e+04
278 5561 3.656771e-01 2.483396e+01  9.386433013591263474e+00  9.906691489226416181e+00  1.113655547090301212e+01  3.998937243353295344e+04
279 5581 3.636581e-01 2.484872e+01  9.386433013591263474e+00  9.676459366397850204e+00  1.198445814598735737e+01  3.998165473747028591e+04
280 5601 3.639383e-01 2.488769e+01  9.386433013591263474e+00  9.775015760592005165e+00  1.042457700740672877e+01  3.990821637482187361e+04
281 5621 3.625452e-01 2.491463e+01  9.386433013591263474e+00  9.787588043829515527e+00  1.098511518655796593e+01  3.998837838394841674e+04
282 5641 3.607734e-01 2.495190e+01  9.386433013591263474e+00  9.767686341443580389e+00  4.015595933175230130e+03  3.997923820681449433e+04
283 5661 3.593576e-01 2.497813e+01  9.386433013591263474e+00  9.842906823371405878e+00  2.013881046151673900e+03  3.997910929953434243e+04
284 5681 3.554657e-01 2.500706e+01  9.386433013591263474e+00  9.974132723965169589e+00  9.985012615500172615e+03  3.998469525111150142e+04
285 5701 3.523850e-01 2.502879e+01  9.386433013591263474e+00  9.893398481718195470e+00  2.012904951426520029e+03  1.300901300415451078e+04
286 5721 3.502935e-01 2.504118e+01  9.386433013591263474e+00  1.001196400428472622e+01  4.014587249887832513e+03  3.999034299941312929e+04
287 5741 3.484129e-01 2.506651e+01  9.386433013591263474e+00  9.976898288773654144e+00  4.014576498012991578e+03  3.998613707310018799e+04
288 5761 3.448733e-01 2.507506e+01  9.386433013591263474e+00  1.005482587039067965e+01  1.108530771705295948e+01  9.987230595822360556e+03
289 5781 3.414764e-01 2.509873e+01  9.386433013591263474e+00  1.003067547935486914e+01  4.019132773133092996e+03  3.997605565389651747e+04
290 5801 3.386586e-01 2.510994e+01  9.386433013591263474e+00  9.935560267954111069e+00  1.093295906300508946e+01  3.999244880092031963e+04
291 5821 3.361135e-01 2.512137e+01  9.386433013591263474e+00  9.643158156607658071e+00  1.152989465806230918e+01  3.996845451592982135e+04
292 5841 3.351503e-01 2.512709e+01  9.386433013591263474e+00  9.545875061511605253e+00  1.047685964886196786e+01  3.998090938340937282e+04
293 5861 3.340593e-01 2.513003e+01  9.386433013591263474e+00  1.005390016303762302e+01  1.150989941690880336e+01  3.997417941904149484e+04
294 5881 3.320455e-01 2.512823e+01  9.386433013591263474e+00  9.730382335065772992e+00  1.139503339006000537e+01  3.998682372038161702e+04
295 5901 3.303749e-01 2.513418e+01  9.386433013591263474e+00  9.837057758793388729e+00  1.093370689348842006e+01  3.096057924795226427e+04
296 5921 3.296247e-01 2.514096e+01  9.386433013591263474e+00  9.884812106914001362e+00  1.125016676539133442e+01  3.993287783040558134e+04
297 5941 3.293264e-01 2.514759e+01  9.386433013591263474e+00  9.721722739781609945e+00  1.070607606581470961e+01  1.299748101862368094e+04
298 5961 3.299856e-01 2.514681e+01  9.386433013591263474e+00  9.578950135077812789e+00  1.081750425176800690e+01  2.196512870531180670e+04
299 5981 3.310100e-01 2.515553e+01  9.330919906466563774e+00  9.330919906466563774e+00  1.037310022883206706e+01  3.998499451042261353e+04
300 6001 3.300844e-01 2.516913e+01  9.330919906466563774e+00  9.550190408940254727e+00  1.054877949320092334e+01  3.096046518394474697e+04
301 6021 3.282098e-01 2.518114e+01  9.330919906466563774e+00  9.648680556124640262e+00  1.120849028109080514e+01  1.299393047368180123e+04
302 6041 3.275199e-01 2.519056e+01  9.330919906466563774e+00  9.633697493306028647e+00  1.073771477612076097e+01  3.095810752549224708e+04
303 6061 3.275384e-01 2.519774e+01  9.186831778892340594e+00  9.186831778892340594e+00  4.012102740783213449e+03  2.196439809168259671e+04
304 6081 3.242444e-01 2.520993e+01  9.186831778892340594e+00  9.456985141076344803e+00  1.132597533550558033e+01  9.984560609566458879e+03
305 6101 3.215791e-01 2.521318e+01  9.186831778892340594e+00  9.260583795118424888e+00  1.104608388434661492e+01  3.998288868979657855e+04
306 6121 3.200130e-01 2.523606e+01  9.186831778892340594e+00  9.588926977657326489e+00  1.041091672757831077e+01  9.977047108875498452e+03
307 6141 3.177063e-01 2.524976e+01  9.186831778892340594e+00  9.719555751839260793e+00  1.069026593372955070e+01  1.301084794000962211e+04
308 6161 3.155888e-01 2.524818e+01  9.186831778892340594e+00  9.842603352294707619e+00  4.012793741313643295e+03  2.196405330851452527e+04
309 6181 3.146177e-01 2.524804e+01  9.186831778892340594e+00  9.760871943736772138e+00  1.044789714683219195e+01  3.997156802334686654e+04
310 6201 3.107509e-01 2.526204e+01  9.186831778892340594e+00  9.543522581671087579e+00  1.058697672883806540e+01  3.093199769519086840e+04
311 6221 3.073894e-01 2.527085e+01  9.186831778892340594e+00  9.543108672060048647e+00  1.022430448369295775e+01  1.995912085110430780e+04
312 6241 3.037614e-01 2.527733e+01  9.186831778892340594e+00  9.434608821403346113e+00  2.011521724208381556e+03  3.998174637091718614e+04
313 6261 3.007478e-01 2.528109e+01  9.186831778892340594e+00  9.499573591993151211e+00  1.097951197655751443e+01  3.992994079022864025e+04
314 6281 2.988737e-01 2.529860e+01  9.186831778892340594e+00  9.474265171052259404e+00  1.156361620417213487e+01  3.998244181430953176e+04
315 6301 2.981842e-01 2.529518e+01  9.186831778892340594e+00  9.497537071604057246e+00  1.045760301489812605e+01  3.995578880321215547e+04
316 6321 2.965113e-01 2.529658e+01  9.186831778892340594e+00  9.479017418383502758e+00  4.013805456373594097e+03  3.997566543259898026e+04
317 6341 2.934449e-01 2.531742e+01  9.186831778892340594e+00  9.548558430883273829e+00  1.052179265402090635e+01  1.298750416739641696e+04
318 6361 2.912507e-01 2.532028e+01  9.186831778892340594e+00  9.404762195207116093e+00  2.011489321113999722e+03  1.299215234526648237e+04
319 6381 2.887922e-01 2.531725e+01  9.186831778892340594e+00  9.746935634300127660e+00  1.083524656782867268e+01  1.299121923063252325e+04
320 6401 2.887071e-01 2.533199e+01  9.186831778892340594e+00  9.526248382564894257e+00  1.062418206831548240e+01  3.998816210004045570e+04
321 6421 2.878581e-01 2.534073e+01  9.186831778892340594e+00  9.593863378521215068e+00  4.012457782766637592e+03  3.995126911393790215e+04
322 6441 2.863826e-01 2.534131e+01  9.186831778892340594e+00  9.567732847422002251e+00  1.035175679989444930e+01  4.018502477689553416e+03
323 6461 2.859083e-01 2.535564e+01  9.186831778892340594e+00  9.379110412102431127e+00  1.088756807091405321e+01  3.997235663443780504e+04
324 6481 2.853461e-01 2.535183e+01  9.186831778892340594e+00  9.456619349556785181e+00  1.086707017201280934e+01  3.997697026900218771e+04
325 6501 2.831818e-01 2.534870e+01  9.186831778892340594e+00  9.236404483827461931e+00  1.008215125484956332e+01  3.992322365050474764e+04
326 6521 2.805872e-01 2.536270e+01  9.186831778892340594e+00  9.837636526712500995e+00  4.013873092608922434e+03  9.987029651937556991e+03
327 6541 2.785940e-01 2.535988e+01  9.186831778892340594e+00  9.793658130501437853e+00  1.099974770274060276e+01  2.197182370098782485e+04
328 6561 2.770784e-01 2.536855e+01  9.186831778892340594e+00  9.658917731319075273e+00  1.048693271666565252e+01  3.097248278496494459e+04
329 6581 2.764882e-01 2.537702e+01  9.186831778892340594e+00  9.769403622391617859e+00  1.057335968488202838e+01  3.994290418873426097e+04
330 6601 2.765011e-01 2.538101e+01  9.186831778892340594e+00  9.437124811074525610e+00  1.085229401424076023e+01  9.983450108983428436e+03
331 6621 2.764369e-01 2.537938e+01  9.186831778892340594e+00  9.707160035549009081e+00  1.033289278456626548e+01  1.300306818536872197e+04
332 6641 2.762868e-01 2.539856e+01  9.186831778892340594e+00  9.343523520703680418e+00  1.017970993021250159e+01  3.997338910680733534e+04
333 6661 2.766040e-01 2.540450e+01  9.186831778892340594e+00  9.501429433360890187e+00  1.054645156739711531e+01  3.997831294211280328e+04
334 6681 2.758411e-01 2.540823e+01  9.186831778892340594e+00  9.482358446193838830e+00  1.043947627089992380e+01  1.298942829598131721e+04
335 6701 2.739541e-01 2.541318e+01  9.186831778892340594e+00  9.433116482485203846e+00  1.001628810894516874e+01  1.299742662352385742e+04
336 6721 2.723955e-01 2.542316e+01  9.186831778892340594e+00  9.381945312113650459e+00  1.035440648386652285e+01  1.299580748815393599e+04
337 6741 2.713934e-01 2.543024e+01  9.186831778892340594e+00  9.278113461163359332e+00  1.018093815501624633e+01  1.299000879032400189e+04
338 6761 2.703508e-01 2.544241e+01  9.186831778892340594e+00  9.402515751711616687e+00  1.042266510907373345e+01  4.024452667260349244e+03
339 6781 2.696367e-01 2.544822e+01  9.186831778892340594e+00  9.380150191852919761e+00  1.018929609356882793e+01  3.997718173090494383e+04
340 6801 2.689843e-01 2.545002e+01  9.186831778892340594e+00  9.603786159683709300e+00  1.045986113519579419e+01  3.993332192171816132e+04
341 6821 2.682853e-01 2.545273e+01  9.186831778892340594e+00  9.408857317518709351e+00  1.034194092303418344e+01  3.989788796766033192e+04
342 6841 2.675059e-01 2.545905e+01  9.186831778892340594e+00  9.509098784976316665e+00  1.031626760629844242e+01  4.015391075022277619e+03
343 6861 2.665352e-01 2.546426e+01  9.186831778892340594e+00  9.791147358269221002e+00  4.012328322199611193e+03  3.995979189324811159e+04
344 6881 2.648585e-01 2.547371e+01  9.186831778892340594e+00  9.691531625540321215e+00  1.018061469202789304e+01  9.982326634947748971e+03
345 6901 2.642111e-01 2.548225e+01  9.186831778892340594e+00  9.388973698992995054e+00  1.037435735835348360e+01  3.095592978099206812e+04
346 6921 2.634396e-01 2.548545e+01  9.186831778892340594e+00  9.342143474680527859e+00  9.989136853536987104e+00  1.995197573265475876e+04
347 6941 2.611069e-01 2.549331e+01  9.186831778892340594e+00  9.475721304205894313e+00  1.016337391537667578e+01  1.299480185718882058e+04
348 6961 2.588826e-01 2.549619e+01  9.186831778892340594e+00  9.257673585998588806e+00  1.016264882126191260e+01  2.195982225115950496e+04
349 6981 2.565665e-01 2.550864e+01  9.186831778892340594e+00  9.467054319750900504e+00  2.012338886511471173e+03  3.096109917222851072e+04
350 7001 2.552356e-01 2.551217e+01  9.186831778892340594e+00  9.437577828709871497e+00  2.011337942513632242e+03  4.030120544700075243e+03
351 7021 2.548461e-01 2.551181e+01  9.186831778892340594e+00  9.318348893291597435e+00  1.042330488454513926e+01  9.980298751508522400e+03
352 7041 2.545566e-01 2.552376e+01  9.186831778892340594e+00  9.328741490194540020e+00  2.011055670116747251e+03  2.196030936887366624e+04
353 7061 2.543591e-01 2.552586e+01  9.186831778892340594e+00  9.467386714224273803e+00  2.012403995250925163e+03  3.096860844801340863e+04
354 7081 2.546792e-01 2.553045e+01  9.186831778892340594e+00  9.345138554347435900e+00  1.005710102994511601e+01  2.196707162471050833e+04
355 7101 2.540927e-01 2.553775e+01  9.186831778892340594e+00  9.305706187952399233e+00  1.022159484610952873e+01  3.998833511887455825e+04
356 7121 2.540164e-01 2.554996e+01  9.121119894919569759e+00  9.121119894919569759e+00  1.010616372907787763e+01  1.298734306896541966e+04
357 7141 2.528564e-01 2.555419e+01  9.121119894919569759e+00  9.336011921312731943e+00  1.021590361673121805e+01  1.298760040864586335e+04
358 7161 2.515040e-01 2.555364e+01  9.121119894919569759e+00  9.478646324836297765e+00  2.011084858190720524e+03  3.998512067384507827e+04
359 7181 2.498687e-01 2.555745e+01  9.121119894919569759e+00  9.498434468702766864e+00  1.056966567885126729e+01  1.995840517812130565e+04
360 7201 2.478687e-01 2.555215e+01  9.121119894919569759e+00  9.516300342505433107e+00  4.013795343230685830e+03  1.300107129311166136e+04
361 7221 2.462789e-01 2.555139e+01  9.121119894919569759e+00  9.462416722303821359e+00  2.011317765277974559e+03  3.998366112338787934e+04
362 7241 2.454109e-01 2.555710e+01  9.121119894919569759e+00  9.427225249077171298e+00  1.008026244166406471e+01  1.995863584125925263e+04
363 7261 2.436194e-01 2.555471e+01  9.121119894919569759e+00  9.222757044044861630e+00  1.046320714793205120e+01  3.996330501232098322e+04
364 7281 2.417301e-01 2.555517e+01  9.121119894919569759e+00  9.553015637490368306e+00  1.097976000105815153e+01  3.993040512839530857e+04
365 7301 2.386077e-01 2.555909e+01  9.121119894919569759e+00  9.466108756823400583e+00  2.011200651995320868e+03  9.985499335377653551e+03
366 7321 2.363707e-01 2.557871e+01  9.121119894919569759e+00  9.255271836778888428e+00  1.057588175634559491e+01  4.017832167294349802e+03
367 7341 2.341641e-01 2.558816e+01  9.121119894919569759e+00  9.284799841336555559e+00  9.940825909983868058e+00  1.299272277653589845e+04
368 7361 2.333229e-01 2.558664e+01  9.121119894919569759e+00  9.501179887197213958e+00  1.026820229345148761e+01  1.298798512683455010e+04
369 7381 2.331701e-01 2.559312e+01  9.121119894919569759e+00  9.320705537394918139e+00  1.025518180804234092e+01  4.020052467928659553e+03
370 7401 2.330077e-01 2.558872e+01  9.121119894919569759e+00  9.580990843499980869e+00  1.036997838023440721e+01  4.017701268050164799e+03
371 7421 2.334969e-01 2.559135e+01  9.121119894919569759e+00  9.500238209014014501e+00  1.004167505303085051e+01  4.018315550251952118e+03
372 7441 2.339276e-01 2.558790e+01  9.121119894919569759e+00  9.174169730907621556e+00  1.021755532562984214e+01  9.988674911523265109e+03
373 7461 2.342094e-01 2.559845e+01  9.121119894919569759e+00  9.365362232345169957e+00  1.037895226275689708e+01  9.985302725160829141e+03
374 7481 2.338823e-01 2.560307e+01  9.121119894919569759e+00  9.405895568130812734e+00  1.030933429567661186e+01  9.982264148429827401e+03
375 7501 2.337749e-01 2.561455e+01  9.121119894919569759e+00  9.550837733671123431e+00  1.026653633434899149e+01  9.985284109981004804e+03
376 7521 2.333383e-01 2.562790e+01  9.121119894919569759e+00  9.658238831149677850e+00  1.037191860040057989e+01  3.993468142645167245e+04
377 7541 2.336045e-01 2.564583e+01  9.121119894919569759e+00  9.436186545385114144e+00  1.024271149997252550e+01  9.984737844507251793e+03
378 7561 2.336387e-01 2.564348e+01  9.121119894919569759e+00  9.613584634875932622e+00  1.070425592718528129e+01  3.997269135464635474e+04
379 7581 2.333849e-01 2.564549e+01  9.121119894919569759e+00  9.263818871228949092e+00  9.956258910147798957e+00  4.018332984310687152e+03
380 7601 2.334399e-01 2.564558e+01  9.121119894919569759e+00  9.507173944005648636e+00  1.032492284118944426e+01  4.031001912443459332e+03
381 7621 2.333486e-01 2.565565e+01  9.121119894919569759e+00  9.507707142122210797e+00  1.013845175496128803e+01  3.994302760743195540e+04
382 7641 2.346099e-01 2.566018e+01  9.121119894919569759e+00  9.401335309686620789e+00  1.032988417416819615e+01  3.998195428501373681e+04
383 7661 2.358228e-01 2.565970e+01  9.121119894919569759e+00  9.365485156108320552e+00  1.010978702954162500e+01  1.298752668892186375e+04
384 7681 2.369633e-01 2.566990e+01  9.121119894919569759e+00  9.237001916526214274e+00  1.020318447789034089e+01  4.016298674727005164e+03
385 7701 2.371107e-01 2.566982e+01  9.121119894919569759e+00  9.343172921357258076e+00  9.858200754270820099e+00  9.985178485087786612e+03
386 7721 2.374154e-01 2.566953e+01  9.121119894919569759e+00  9.467246818119731344e+00  1.018345129919851999e+01  4.017088123442891174e+03
387 7741 2.392379e-01 2.566945e+01  9.121119894919569759e+00  9.643970150933064645e+00  2.011505404520886032e+03  1.995152921425163004e+04
388 7761 2.420006e-01 2.567570e+01  9.121119894919569759e+00  9.542900870216890041e+00  9.901857763678853175e+00  4.017492152588191857e+03
389 7781 2.454167e-01 2.568212e+01  9.121119894919569759e+00  9.467946642344173824e+00  9.977396810631645963e+00  4.016864640466738365e+03
390 7801 2.495124e-01 2.568408e+01  9.121119894919569759e+00  9.483416638050830016e+00  1.019930379282217103e+01  1.299009947988902786e+04
391 7821 2.524008e-01 2.568497e+01  9.121119894919569759e+00  9.478805013208130958e+00  1.015083521966016278e+01  3.095521550245904655e+04
392 7841 2.557343e-01 2.569018e+01  9.121119894919569759e+00  9.443800549539002276e+00  1.006772357803412277e+01  1.300684558025642764e+04
393 7861 2.587973e-01 2.569482e+01  9.121119894919569759e+00  9.551573149505896865e+00  9.852990601499834966e+00  4.027080675732417603e+03
394 7881 2.600043e-01 2.569853e+01  9.121119894919569759e+00  9.462877783335450488e+00  9.976663970926011871e+00  4.015464755903187779e+03
395 7901 2.603266e-01 2.570718e+01  9.121119894919569759e+00  9.421604044430036851e+00  1.037400510887151484e+01  9.984705037356219691e+03
396 7921 2.603561e-01 2.571708e+01  9.121119894919569759e+00  9.510624381183184539e+00  1.016065603983735244e+01  1.299796942190044865e+04
397 7941 2.584713e-01 2.573168e+01  9.121119894919569759e+00  9.386318693945307601e+00  9.873981599079376892e+00  4.014445878908601571e+03
398 7961 2.566409e-01 2.575251e+01  9.121119894919569759e+00  9.372094905333414161e+00  9.882195721107361663e+00  9.985062456327732434e+03
399 7981 2.563205e-01 2.575559e+01  9.121119894919569759e+00  9.358891260443265026e+00  9.952407758493766465e+00  4.018915288576643889e+03
400 8001 2.575013e-01 2.576227e+01  9.121119894919569759e+00  9.321932724298081396e+00  9.903219601250146553e+00  4.018055347194274873e+03
401 8021 2.579528e-01 2.577012e+01  9.121119894919569759e+00  9.219920838871420443e+00  2.012078501261303245e+03  3.995724289169284748e+04
402 8041 2.591543e-01 2.577370e+01  9.121119894919569759e+00  9.256239528772653102e+00  1.060603117141567608e+01  3.098924985645515335e+04
403 8061 2.578803e-01 2.577977e+01  9.121119894919569759e+00  9.360787686646753869e+00  9.991442845154136165e+00  4.012844125146790702e+03
404 8081 2.557674e-01 2.578483e+01  9.121119894919569759e+00  9.182269752295626475e+00  1.023980001345401369e+01  9.986188303418335636e+03
405 8101 2.541169e-01 2.580702e+01  9.121119894919569759e+00  9.384822283094234052e+00  1.000903078752095965e+01  3.994657876705358649e+04
406 8121 2.515784e-01 2.581439e+01  9.121119894919569759e+00  9.139725539638256180e+00  1.031786155555582774e+01  3.997882747366149852e+04
407 8141 2.502534e-01 2.585710e+01  9.121119894919569759e+00  9.415222078999759603e+00  1.032137454539084942e+01  4.020048805177769282e+03
408 8161 2.505982e-01 2.585814e+01  9.121119894919569759e+00  9.225509743031858889e+00  9.738014765847191612e+00  3.995199189183695853e+04
409 8181 2.507036e-01 2.586357e+01  9.037856710919804470e+00  9.037856710919804470e+00  1.059000190101556527e+01  3.095542605301630465e+04
410 8201 2.493153e-01 2.587272e+01  9.037856710919804470e+00  9.316938646273548841e+00  1.027459422818710522e+01  3.998015531853635912e+04
411 8221 2.490688e-01 2.587837e+01  9.037856710919804470e+00  9.409679172424258553e+00  9.889109723946855723e+00  4.016081579972010786e+03
412 8241 2.494531e-01 2.590235e+01  9.037856710919804470e+00  9.273897796613702837e+00  1.032936012466425701e+01  3.993672457612614380e+04
413 8261 2.490834e-01 2.590996e+01  9.037856710919804470e+00  9.106104206394160627e+00  1.003450526201153359e+01  4.021112263767407057e+03
414 8281 2.491558e-01 2.591430e+01  9.011647774289389901e+00  9.011647774289389901e+00  1.196077051036679961e+01  3.098138090251896938e+04
415 8301 2.479737e-01 2.592175e+01  9.011647774289389901e+00  9.083195970947340214e+00  1.111606253043791881e+01  1.299032553134295085e+04
416 8321 2.468565e-01 2.592825e+01  9.011647774289389901e+00  9.276402040268079574e+00  4.014209695057827957e+03  3.998829378372237989e+04
417 8341 2.456170e-01 2.593801e+01  8.967086190924351996e+00  8.967086190924351996e+00  9.790383356597024189e+00  3.995776920845802670e+04
418 8361 2.434881e-01 2.594657e+01  8.967086190924351996e+00  9.096537919473034250e+00  1.003588389951807613e+01  4.013314865101535361e+03
419 8381 2.430721e-01 2.594753e+01  8.967086190924351996e+00  9.032993352088119821e+00  9.637659775219290736e+00  3.095771068197763816e+04
420 8401 2.426858e-01 2.595073e+01  8.877418184841761928e+00  8.877418184841761928e+00  2.011764501389399584e+03  1.299474422454570959e+04
421 8421 2.428615e-01 2.595459e+01  8.877418184841761928e+00  9.345253142150330206e+00  2.011864946328137648e+03  1.299056710418895454e+04
422 8441 2.431686e-01 2.597466e+01  8.877418184841761928e+00  9.176078534297674949e+00  9.967878630349160218e+00  9.984285976694685814e+03
423 8461 2.423847e-01 2.597678e+01  8.877418184841761928e+00  9.027527889873079303e+00  9.768998027503204895e+00  4.016855753271175672e+03
424 8481 2.412046e-01 2.597019e+01  8.877418184841761928e+00  8.881177725044896221e+00  1.016607734191513757e+01  1.298490043332572895e+04
425 8501 2.410271e-01 2.597151e+01  8.877418184841761928e+00  9.294543779432437702e+00  1.040467934149565821e+01  3.097348247650242411e+04
426 8521 2.406189e-01 2.598619e+01  8.877418184841761928e+00  9.229378564827252163e+00  1.080345130282521104e+01  3.998851025655430567e+04
427 8541 2.402683e-01 2.598999e+01  8.871310176151821381e+00  8.871310176151821381e+00  1.021252900749304082e+01  4.014906070027975602e+03
428 8561 2.396977e-01 2.600851e+01  8.871310176151821381e+00  9.144882354030153593e+00  2.011330776455995647e+03  1.298550209629835081e+04
429 8581 2.391864e-01 2.601362e+01  8.871310176151821381e+00  9.067660624755296439e+00  4.014346524838315418e+03  3.997958778951276327e+04
430 8601 2.378254e-01 2.602592e+01  8.871310176151821381e+00  9.228719206771325290e+00  1.014626639620263404e+01  3.999132569249575317e+04
431 8621 2.374262e-01 2.603338e+01  8.871310176151821381e+00  9.360360685445952456e+00  4.013197498902015013e+03  4.018615288133402373e+03
432 8641 2.363742e-01 2.603348e+01  8.871310176151821381e+00  9.197453393471109351e+00  2.011724718457199515e+03  3.997823560622600053e+04
433 8661 2.344968e-01 2.603749e+01  8.871310176151821381e+00  8.957198186284777819e+00  2.012963109893867568e+03  2.197344918928533298e+04
434 8681 2.338235e-01 2.602996e+01  8.871310176151821381e+00  9.487290229988122547e+00  2.011526873059042828e+03  4.020525132777236649e+03
435 8701 2.338929e-01 2.605073e+01  8.871310176151821381e+00  9.255388726088320084e+00  1.014847122297914517e+01  9.984176213473585449e+03
436 8721 2.348605e-01 2.606098e+01  8.871310176151821381e+00  8.979895305296906827e+00  2.011879640503866767e+03  3.993090364064635651e+04
437 8741 2.363329e-01 2.607811e+01  8.871310176151821381e+00  8.952976455486799878e+00  1.009375097952164069e+01  4.016626660677537529e+03
438 8761 2.378364e-01 2.607648e+01  8.871310176151821381e+00  9.174206507854302473e+00  2.011810973432498713e+03  1.299041966766075348e+04
439 8781 2.403697e-01 2.608618e+01  8.871310176151821381e+00  9.180226109399214351e+00  1.032874544735156341e+01  3.999242796719533362e+04
440 8801 2.449529e-01 2.607986e+01  8.871310176151821381e+00  9.161981514548607208e+00  2.011811397317012052e+03  1.299202484321398515e+04
441 8821 2.479387e-01 2.608029e+01  8.871310176151821381e+00  9.210059483758438859e+00  1.103249470280706035e+01  1.299118746933870534e+04
442 8841 2.505885e-01 2.608933e+01  8.871310176151821381e+00  9.526782894585181793e+00  4.012967291325286169e+03  3.995944391163600085e+04
443 8861 2.538980e-01 2.610902e+01  8.871310176151821381e+00  9.146645584523085404e+00  4.013954201490495507e+03  3.099304014568986895e+04
444 8881 2.560122e-01 2.611381e+01  8.871310176151821381e+00  8.893219971269640922e+00  2.011687217470181395e+03  3.994679743696580408e+04
445 8901 2.582787e-01 2.613301e+01  8.871310176151821381e+00  9.054570120509085385e+00  1.110052249152409409e+01  3.095437084392079851e+04
446 8921 2.610265e-01 2.614582e+01  8.871310176151821381e+00  9.358538342119155473e+00  1.087114952111882893e+01  2.993507386638412572e+04
447 8941 2.625155e-01 2.615169e+01  8.871310176151821381e+00  8.970525812766862117e+00  2.012134411265978770e+03  1.996724328874595085e+04
448 8961 2.640097e-01 2.615602e+01  8.871310176151821381e+00  9.061584585250383128e+00  4.012789984166841350e+03  3.997882994901511847e+04
449 8981 2.642843e-01 2.616151e+01  8.871310176151821381e+00  9.031557257449557952e+00  7.002987334697432743e+03  3.095374163290616343e+04
450 9001 2.635343e-01 2.617738e+01  8.871310176151821381e+00  8.930971697318067726e+00  9.602971677370224057e+00  3.093343220293250852e+04
451 9021 2.624481e-01 2.620305e+01  8.871310176151821381e+00  9.085430956041754769e+00  1.004350533595507144e+01  2.993161829844454041e+04
452 9041 2.626691e-01 2.621200e+01  8.871310176151821381e+00  9.341733710227909881e+00  4.012641152597930159e+03  3.095449737690774054e+04
453 9061 2.622113e-01 2.622491e+01  8.871310176151821381e+00  9.014906728257040314e+00  4.013716371596633508e+03  3.100108472024628281e+04
454 9081 2.611210e-01 2.623459e+01  8.871310176151821381e+00  9.047674495651524040e+00  2.012058899594564082e+03  3.997405553984185099e+04
455 9101 2.606013e-01 2.626837e+01  8.871310176151821381e+00  9.161965109673241514e+00  4.013979693079852041e+03  3.998708532881567953e+04
456 9121 2.608028e-01 2.629042e+01  8.871310176151821381e+00  9.276434940063252199e+00  1.024921697353869732e+01  2.200931714514329360e+04
457 9141 2.600315e-01 2.630970e+01  8.871310176151821381e+00  9.094542065390143648e+00  9.758357463724854242e+00  3.998298007120481634e+04
458 9161 2.594415e-01 2.631677e+01  8.871310176151821381e+00  9.063766536320049028e+00  9.855161848952317172e+00  3.998650218951913121e+04
459 9181 2.592407e-01 2.633443e+01  8.871310176151821381e+00  9.083972831061920772e+00  1.083973179175299961e+01  3.998700686419333942e+04
460 9201 2.597711e-01 2.634233e+01  8.871310176151821381e+00  9.374336777973731216e+00  1.010520822305390709e+01  1.995869876218124409e+04
461 9221 2.604763e-01 2.636584e+01  8.871310176151821381e+00  9.088588854229829650e+00  1.064506050620647493e+01  9.986053807572141523e+03
462 9241 2.627537e-01 2.638155e+01  8.871310176151821381e+00  9.063661570832801218e+00  9.672685936872156276e+00  3.991933062877847260e+04
463 9261 2.647339e-01 2.637655e+01  8.871310176151821381e+00  9.140033387498174733e+00  1.004863593763561624e+01  3.997935940684758680e+04
464 9281 2.663962e-01 2.639267e+01  8.871310176151821381e+00  9.079156530148910775e+00  1.100850218481620857e+01  3.998667196359133959e+04
465 9301 2.679408e-01 2.641240e+01  8.871310176151821381e+00  9.436217700369791572e+00  4.022492084206677191e+03  3.999028274190891534e+04
466 9321 2.702834e-01 2.641886e+01  8.871310176151821381e+00  9.050402614206735308e+00  9.741113400424517010e+00  1.996954722239961120e+04
467 9341 2.712101e-01 2.642356e+01  8.871310176151821381e+00  9.185426810833346778e+00  4.014398450941291230e+03  3.999047640243253409e+04
468 9361 2.701542e-01 2.643213e+01  8.871310176151821381e+00  9.001776696259518928e+00  1.019935719158745790e+01  3.999796679079887690e+04
469 9381 2.698124e-01 2.644104e+01  8.843656394223014416e+00  8.843656394223014416e+00  9.712710009973726244e+00  3.095372515176312299e+04
470 9401 2.707253e-01 2.645068e+01  8.826637673439641674e+00  8.826637673439641674e+00  4.016211681809508264e+03  3.997465960914377501e+04
471 9421 2.717186e-01 2.646486e+01  8.826637673439641674e+00  9.311873307337382499e+00  7.001319775796391696e+03  3.998265005675404245e+04
472 9441 2.731427e-01 2.646902e+01  8.826637673439641674e+00  9.055533971765417078e+00  1.041903207252464192e+01  3.997902280147702550e+04
473 9461 2.742695e-01 2.647315e+01  8.826637673439641674e+00  9.127275572864219200e+00  2.011977680885928521e+03  3.997523151199052518e+04
474 9481 2.752102e-01 2.648713e+01  8.826637673439641674e+00  9.057127292424720366e+00  2.011539414546557509e+03  2.993696205778071453e+04
475 9501 2.770727e-01 2.649380e+01  8.734501718706164652e+00  8.734501718706164652e+00  4.015223018293478162e+03  3.997773622030906699e+04
476 9521 2.796990e-01 2.649746e+01  8.734501718706164652e+00  8.980846591608759866e+00  2.011712214384924891e+03  2.993093529149375536e+04
477 9541 2.809733e-01 2.651686e+01  8.734501718706164652e+00  8.996689640550002309e+00  4.014934402682162272e+03  3.997461203570583893e+04
478 9561 2.821827e-01 2.652171e+01  8.734501718706164652e+00  9.055349710254507301e+00  1.027746174552940062e+01  3.998104686389644485e+04
479 9581 2.821346e-01 2.653500e+01  8.734501718706164652e+00  8.895545112490481188e+00  2.011444737350757123e+03  3.997762401942837460e+04
480 9601 2.834305e-01 2.653742e+01  8.734501718706164652e+00  9.233040203263772838e+00  9.986294104465981945e+03  3.998046894166654965e+04
481 9621 2.851233e-01 2.654921e+01  8.734501718706164652e+00  8.865752796106775691e+00  1.014426852972250082e+01  3.095151118936077182e+04
482 9641 2.871303e-01 2.655090e+01  8.734501718706164652e+00  8.852528392465361051e+00  9.378852162585221919e+00  3.998282281353962026e+04
483 9661 2.892350e-01 2.655662e+01  8.734501718706164652e+00  9.118113722618637951e+00  1.012569553165529967e+01  3.998438948774708115e+04
484 9681 2.914517e-01 2.656175e+01  8.734501718706164652e+00  8.908484822063657660e+00  2.011389940127714681e+03  3.998296772135659558e+04
485 9701 2.929335e-01 2.656329e+01  8.734501718706164652e+00  8.950507337443863065e+00  1.033688819159043959e+01  3.998478372323117947e+04
486 9721 2.939854e-01 2.657662e+01  8.734501718706164652e+00  9.016515909832820697e+00  2.012264794363594092e+03  3.998693635311497201e+04
487 9741 2.945720e-01 2.659300e+01  8.734501718706164652e+00  8.998163170194818150e+00  4.012178291540414648e+03  3.998493091254238243e+04
488 9761 2.947494e-01 2.659016e+01  8.734501718706164652e+00  8.876688540250274428e+00  6.996113495402974877e+03  3.998301290365692694e+04
489 9781 2.955573e-01 2.658930e+01  8.567378158789168197e+00  8.567378158789168197e+00  6.997781868564743490e+03  3.995873044705946813e+04
490 9801 2.948371e-01 2.658809e+01  8.567378158789168197e+00  8.946251011423452582e+00  1.043010469562741349e+01  3.998487477525482973e+04
491 9821 2.952395e-01 2.659379e+01  8.567378158789168197e+00  8.878444594745223739e+00  9.596034181075951963e+00  9.985478859769491464e+03
492 9841 2.938057e-01 2.660957e+01  8.567378158789168197e+00  8.904690196754366127e+00  4.014921650890395540e+03  3.997522737565311400e+04
493 9861 2.917063e-01 2.661265e+01  8.567378158789168197e+00  8.956835122441230368e+00  1.051845302467044263e+01  3.995060513072588219e+04
494 9881 2.894736e-01 2.661393e+01  8.567378158789168197e+00  8.966131889864762172e+00  2.011760923206596544e+03  3.998175385961787833e+04
495 9901 2.876998e-01 2.661334e+01  8.567378158789168197e+00  8.723659521486959889e+00  4.012482757082530952e+03  3.998368985238832829e+04
496 9921 2.844818e-01 2.660944e+01  8.567378158789168197e+00  8.898019780939643297e+00  2.011484539114421295e+03  2.199832235544253490e+04
497 9941 2.807716e-01 2.661711e+01  8.567378158789168197e+00  8.901445875441428512e+00  2.012518753151507781e+03  3.997713923636944673e+04
498 9961 2.775635e-01 2.663783e+01  8.567378158789168197e+00  8.889279917884756799e+00  1.000404338229199652e+01  3.998660492303976207e+04
499 9981 2.745747e-01 2.664883e+01  8.567378158789168197e+00  8.878675391332929934e+00  1.107417009001308195e+01  3.998192828424585605e+04
500 10001 2.731969e-01 2.665509e+01  8.567378158789168197e+00  9.180875199265496889e+00  2.011791895179846506e+03  3.998719255556193093e+04
501 10021 2.720270e-01 2.666736e+01  8.567378158789168197e+00  8.941514899166609354e+00  4.999010503949306440e+03  3.998438621994194546e+04
502 10041 2.725832e-01 2.666645e+01  8.567378158789168197e+00  8.902719675540822664e+00  4.031336701810618251e+03  3.998339001591823035e+04
503 10061 2.733401e-01 2.667101e+01  8.567378158789168197e+00  8.986847872891980060e+00  1.014677426961164741e+01  3.997926918932158151e+04
504 10081 2.740943e-01 2.668778e+01  8.567378158789168197e+00  9.071298653239438181e+00  9.442167827749354814e+00  3.998190344778313010e+04
505 10101 2.749052e-01 2.669972e+01  8.567378158789168197e+00  8.877767141454349087e+00  1.002151985244715249e+01  3.997478839265686838e+04
506 10121 2.763397e-01 2.671878e+01  8.567378158789168197e+00  9.068272128834109935e+00  2.011596385029085923e+03  3.997417012615768908e+04
507 10141 2.787663e-01 2.673716e+01  8.567378158789168197e+00  9.317458991717623817e+00  9.986270341136809293e+03  3.997590258907141106e+04
508 10161 2.801523e-01 2.674878e+01  8.567378158789168197e+00  8.928439145560616907e+00  4.998462870474721967e+03  3.998460832813310117e+04
509 10181 2.809810e-01 2.675920e+01  8.567378158789168197e+00  8.931336503190767218e+00  2.013180636160431504e+03  3.989757366041385831e+04
510 10201 2.810694e-01 2.678207e+01  8.567378158789168197e+00  8.731005433893868073e+00  2.010998315514386604e+03  3.998453845438743156e+04
511 10221 2.808097e-01 2.678941e+01  8.567378158789168197e+00  9.063975290010626296e+00  7.001891786218806374e+03  3.997557053647651628e+04
512 10241 2.809138e-01 2.679999e+01  8.567378158789168197e+00  8.844561499994179954e+00  9.781218889801664318e+00  3.997950638805301423e+04
513 10261 2.818801e-01 2.680967e+01  8.567378158789168197e+00  9.001764319107065759e+00  2.011732355494501235e+03  3.997462817697427818e+04
514 10281 2.839922e-01 2.683023e+01  8.567378158789168197e+00  9.122622334020313417e+00  9.900276107075949739e+00  3.098098897750146352e+04
515 10301 2.862236e-01 2.683875e+01  8.567378158789168197e+00  9.240199430829353133e+00  1.008553135779529875e+01  3.998079875361913582e+04
516 10321 2.899522e-01 2.689150e+01  8.567378158789168197e+00  9.323358010874020607e+00  2.011277893658670791e+03  3.997957524881485006e+04
517 10341 2.939124e-01 2.692060e+01  8.567378158789168197e+00  8.924820215213376429e+00  1.081639705411901176e+01  3.997930727778303117e+04
518 10361 2.977534e-01 2.693851e+01  8.567378158789168197e+00  8.969395854393962253e+00  1.012186737573211204e+01  3.993388932420550555e+04
519 10381 3.001287e-01 2.696082e+01  8.567378158789168197e+00  8.974613068986490916e+00  1.007868400089122218e+01  2.995130619685979764e+04
520 10401 3.015132e-01 2.697184e+01  8.567378158789168197e+00  9.067382140330970230e+00  2.011333590598072078e+03  3.997432345588333555e+04
521 10421 3.019133e-01 2.698402e+01  8.567378158789168197e+00  8.980494743978837846e+00  9.982891811169753055e+03  3.997451239057128259e+04
522 10441 3.018188e-01 2.700063e+01  8.567378158789168197e+00  8.755606951515668257e+00  1.006118895533978375e+01  3.997246940916907624e+04
523 10461 3.029227e-01 2.702417e+01  8.567378158789168197e+00  8.698712322995723056e+00  1.022916736303356444e+01  3.996883237677854049e+04
524 10481 3.045266e-01 2.705069e+01  8.567378158789168197e+00  9.021606679833388043e+00  1.647151657527942734e+04  3.998123325577686774e+04
525 10501 3.076190e-01 2.707304e+01  8.567378158789168197e+00  8.970763597862617900e+00  7.007129235388851157e+03  3.997240481186034594e+04
526 10521 3.104300e-01 2.709333e+01  8.567378158789168197e+00  8.994592828915031646e+00  4.997972028113371380e+03  3.998298454805160145e+04
527 10541 3.137407e-01 2.711198e+01  8.567378158789168197e+00  9.037712209742542413e+00  1.148746359340361596e+04  3.998021594799400191e+04
528 10561 3.172794e-01 2.712331e+01  8.567378158789168197e+00  8.907741990918095709e+00  9.875458352122400640e+00  3.998007823826142703e+04
529 10581 3.207380e-01 2.713191e+01  8.567378158789168197e+00  8.917378364345836417e+00  2.011719721699644879e+03  3.996841145786478592e+04
530 10601 3.240180e-01 2.714876e+01  8.567378158789168197e+00  8.984726795194116988e+00  1.497916668244746688e+04  3.998415757823437889e+04
531 10621 3.273256e-01 2.715996e+01  8.567378158789168197e+00  8.779736426616439715e+00  9.983682950394057116e+03  3.997843922022200422e+04
532 10641 3.314956e-01 2.717665e+01  8.567378158789168197e+00  9.071202530838753830e+00  7.000335871333956675e+03  3.998094570286674571e+04
533 10661 3.349269e-01 2.717193e+01  8.567378158789168197e+00  8.824548994311752992e+00  2.013039784342247231e+03  3.997081158281306853e+04
534 10681 3.380341e-01 2.717586e+01  8.567378158789168197e+00  9.115594332987155823e+00  1.065352282734762213e+01  3.995613821270437620e+04
535 10701 3.395072e-01 2.718652e+01  8.567378158789168197e+00  9.148986628832332713e+00  9.985764790176770475e+03  3.997248455926492898e+04
536 10721 3.418240e-01 2.720043e+01  8.567378158789168197e+00  9.268906801173312004e+00  1.148618440899287452e+04  3.998456269639944367e+04
537 10741 3.457139e-01 2.722316e+01  8.567378158789168197e+00  9.199605221903341956e+00  9.986553353621446149e+03  3.997934256205945712e+04
538 10761 3.482537e-01 2.723331e+01  8.567378158789168197e+00  9.672357588671685491e+00  1.996402019032437238e+04  3.998286295634360431e+04
539 10781 3.496756e-01 2.725482e+01  8.567378158789168197e+00  8.988236330798050844e+00  1.046285104531996524e+01  3.997760620014437882e+04
540 10801 3.498213e-01 2.727428e+01  8.567378158789168197e+00  9.312759699954389347e+00  9.987789391305093886e+03  3.995996075287541316e+04
541 10821 3.501928e-01 2.728981e+01  8.567378158789168197e+00  9.087341816786919324e+00  1.021154468872038379e+01  3.998136195873886754e+04
542 10841 3.527319e-01 2.732110e+01  8.567378158789168197e+00  9.207995480851561609e+00  1.648487010235676280e+04  3.996763903034719988e+04
543 10861 3.533122e-01 2.734611e+01  8.567378158789168197e+00  9.097694510302220650e+00  9.986155980998941232e+03  3.997563762337789376e+04
544 10881 3.520884e-01 2.737650e+01  8.567378158789168197e+00  9.355574680290077438e+00  4.013163239812441134e+03  3.998571654685842805e+04
545 10901 3.501576e-01 2.739102e+01  8.567378158789168197e+00  9.477083522274259764e+00  4.014316108030427131e+03  3.997705767067247507e+04
546 10921 3.489784e-01 2.740771e+01  8.567378158789168197e+00  9.474116067271031838e+00  4.016057562901565689e+03  3.996342453665896755e+04
547 10941 3.474628e-01 2.741838e+01  8.567378158789168197e+00  9.058255280649108343e+00  4.019535591919596300e+03  3.996461062917727395e+04
548 10961 3.423065e-01 2.742752e+01  8.567378158789168197e+00  9.416462484748036488e+00  4.019729043404878666e+03  3.998401235713357892e+04
549 10981 3.387048e-01 2.744124e+01  8.567378158789168197e+00  8.974155979373712455e+00  4.014190463355104839e+03  3.997351454941405973e+04
550 11001 3.355536e-01 2.744332e+01  8.567378158789168197e+00  9.373809312117543868e+00  9.986233252503430776e+03  3.101105456030074129e+04
551 11021 3.325056e-01 2.745328e+01  8.567378158789168197e+00  9.238662867014909352e+00  1.140191860269906243e+01  3.996461740557874873e+04
552 11041 3.281275e-01 2.746888e+01  8.567378158789168197e+00  9.024994049829238918e+00  4.013812364090691517e+03  3.997711161153380090e+04
553 11061 3.251764e-01 2.747096e+01  8.567378158789168197e+00  9.102883640085231320e+00  4.015611268100893540e+03  3.995714196480932878e+04
554 11081 3.222576e-01 2.747687e+01  8.567378158789168197e+00  9.027724852131374433e+00  9.976370254954044725e+00  3.097252489755825081e+04
555 11101 3.196209e-01 2.749730e+01  8.567378158789168197e+00  9.253736458842077184e+00  1.084134243258904640e+01  3.997938955281335075e+04
556 11121 3.162463e-01 2.749260e+01  8.567378158789168197e+00  8.941347362320357206e+00  1.001544835341582385e+01  3.997686396859477099e+04
557 11141 3.128788e-01 2.750093e+01  8.567378158789168197e+00  9.168577271969232001e+00  2.012245541379860470e+03  3.995939318629062473e+04
558 11161 3.099666e-01 2.750817e+01  8.567378158789168197e+00  9.134801597494286440e+00  1.024469493153494781e+01  3.997536401532451418e+04
559 11181 3.070037e-01 2.751089e+01  8.567378158789168197e+00  9.239645263174782741e+00  1.039197349793045433e+01  3.998116025280139002e+04
560 11201 3.043253e-01 2.752899e+01  8.567378158789168197e+00  9.131548514317616494e+00  2.012498480952768887e+03  3.997639973521302454e+04
561 11221 3.023776e-01 2.752696e+01  8.567378158789168197e+00  9.146755293252727625e+00  1.003469005674770109e+01  3.997180608763531200e+04
562 11241 3.006653e-01 2.752625e+01  8.567378158789168197e+00  9.113098640432713893e+00  9.520328733125253962e+00  3.092952050541954668e+04
563 11261 2.992140e-01 2.754329e+01  8.567378158789168197e+00  8.977352952952756482e+00  4.997203080804550154e+03  3.997658113062789926e+04
564 11281 2.988660e-01 2.756739e+01  8.567378158789168197e+00  8.768504058447859961e+00  9.875730931664644885e+00  3.998540213760123152e+04
565 11301 2.973421e-01 2.757486e+01  8.567378158789168197e+00  8.949012821089173286e+00  6.999018915335420388e+03  3.996311093205115321e+04
566 11321 2.952233e-01 2.757515e+01  8.567378158789168197e+00  9.073388882499415331e+00  1.023049908035015676e+01  1.997400405958141346e+04
567 11341 2.937365e-01 2.758911e+01  8.567378158789168197e+00  9.135059989548793169e+00  2.011525158799340943e+03  2.993216070033899814e+04
568 11361 2.925155e-01 2.760904e+01  8.567378158789168197e+00  8.731540248318118813e+00  9.510136830281002318e+00  3.998091938713860873e+04
569 11381 2.909357e-01 2.761298e+01  8.567378158789168197e+00  9.001261152967265033e+00  1.061407079993148272e+01  3.997427675103127694e+04
570 11401 2.902259e-01 2.761112e+01  8.567378158789168197e+00  8.998988371791043051e+00  1.139330449008920176e+01  3.997796677616518718e+04
571 11421 2.885591e-01 2.763513e+01  8.567378158789168197e+00  8.881300130610487287e+00  4.015841999765509172e+03  3.998324440904681251e+04
572 11441 2.878877e-01 2.764054e+01  8.567378158789168197e+00  8.617310573933522733e+00  9.585580792950153750e+00  3.095839107783000509e+04
573 11461 2.873417e-01 2.764207e+01  8.567378158789168197e+00  8.751499765678120824e+00  1.053159724415779586e+01  3.095164925433557801e+04
574 11481 2.856099e-01 2.764422e+01  8.567378158789168197e+00  8.961956930928179688e+00  9.562615967386374649e+00  3.997899240405800083e+04
575 11501 2.830385e-01 2.764227e+01  8.567378158789168197e+00  8.928614619683827414e+00  9.986540885034266466e+03  3.095421162933801679e+04
576 11521 2.797779e-01 2.764525e+01  8.567378158789168197e+00  8.803442640143479991e+00  9.672020863192916096e+00  9.985258539269665562e+03
577 11541 2.768468e-01 2.767346e+01  8.567378158789168197e+00  8.716078393033786398e+00  9.594995986256055431e+00  1.996840281009503815e+04
578 11561 2.732837e-01 2.767598e+01  8.567378158789168197e+00  8.812321103628635299e+00  9.403797674111807225e+00  3.998111960379792436e+04
579 11581 2.704525e-01 2.768691e+01  8.567378158789168197e+00  9.012425686635634037e+00  1.031681432912439078e+01  3.996635047378127638e+04
580 11601 2.673010e-01 2.769582e+01  8.567378158789168197e+00  9.008330740297209260e+00  9.513211718795684391e+00  3.992522974723395600e+04
581 11621 2.652615e-01 2.769943e+01  8.567378158789168197e+00  8.831513929198507640e+00  9.623366664569209306e+00  3.996110424266657355e+04
582 11641 2.639920e-01 2.770334e+01  8.567378158789168197e+00  8.885563157618133090e+00  1.064615312326130336e+01  3.095407979531602541e+04
583 11661 2.628539e-01 2.770740e+01  8.567378158789168197e+00  9.077188470731154979e+00  9.909224810402534445e+00  1.996876841520671587e+04
584 11681 2.619873e-01 2.771126e+01  8.567378158789168197e+00  8.783610783295053182e+00  9.844955700495761519e+00  3.093154762678950283e+04
585 11701 2.605738e-01 2.771456e+01  8.567378158789168197e+00  8.961886715410095405e+00  9.790089353231074654e+00  3.997860907821038563e+04
586 11721 2.597395e-01 2.772988e+01  8.567378158789168197e+00  8.939011361580107007e+00  1.018296590788779810e+01  3.998313267001417989e+04
587 11741 2.595839e-01 2.773271e+01  8.567378158789168197e+00  9.159538007551988770e+00  2.012025838505079719e+03  3.992638311816969508e+04
588 11761 2.592302e-01 2.775616e+01  8.567378158789168197e+00  8.923944584667536262e+00  9.495803481111927624e+00  3.095944341730087035e+04
589 11781 2.594551e-01 2.775777e+01  8.567378158789168197e+00  8.940874120295049465e+00  9.519100349911211012e+00  3.988985787630526465e+04
590 11801 2.597492e-01 2.777407e+01  8.567378158789168197e+00  8.917133840150070156e+00  9.544862206189424825e+00  3.998032619485536998e+04
591 11821 2.600857e-01 2.778118e+01  8.567378158789168197e+00  8.969393285735778321e+00  1.050319485136300202e+01  3.998203238743068505e+04
592 11841 2.612782e-01 2.778864e+01  8.567378158789168197e+00  8.818163312647101293e+00  9.634428502846663633e+00  3.095833494268750655e+04
593 11861 2.613967e-01 2.779286e+01  8.567378158789168197e+00  9.024579555609761883e+00  9.660371748690778304e+00  9.991618444562767763e+03
594 11881 2.622441e-01 2.780085e+01  8.567378158789168197e+00  8.832635610620428679e+00  9.881776187396972944e+00  3.998168022258333804e+04
595 11901 2.634108e-01 2.781191e+01  8.567378158789168197e+00  9.042813612524266631e+00  1.007102696058250046e+01  3.997938255985551950e+04
596 11921 2.645483e-01 2.782928e+01  8.567378158789168197e+00  8.855811866301312563e+00  9.913086882058770755e+00  3.093110435438068089e+04
597 11941 2.653638e-01 2.783413e+01  8.567378158789168197e+00  9.233601025471998014e+00  9.825012683630154342e+00  3.997136200915727386e+04
598 11961 2.655787e-01 2.783619e+01  8.567378158789168197e+00  8.827649071521451063e+00  9.976189149086840402e+00  3.997930558990703867e+04
599 11981 2.665295e-01 2.783553e+01  8.567378158789168197e+00  8.805888773653183677e+00  9.996331755577610778e+00  3.993698847141119768e+04
600 12001 2.681778e-01 2.784132e+01  8.567378158789168197e+00  8.970698740842301788e+00  1.006480253302177985e+01  3.998227452691153303e+04
