%  columns="iteration, evaluation, sigma, axis ratio, bestever, best, median, worst fitness function value, further objective values of best" (startseed=213336, 2017/09/25 20:44:18.37)
1 21 1.074599e+00 2.240907e+01  9.980361244741834525e+02  1.000201238679721428e+04  1.000230742438674497e+04  1.000360107349847931e+04
2 41 1.037467e+00 2.241749e+01  9.980361244741834525e+02  9.981504782693290281e+02  1.000218728914367603e+04  1.000260249493464653e+04
3 61 1.008475e+00 2.243768e+01  9.980361244741834525e+02  9.983688096901945528e+02  1.000216094035884453e+04  1.000281875247193420e+04
4 81 9.878856e-01 2.244622e+01  9.980361244741834525e+02  9.982214236998419210e+02  1.000215337377905962e+04  1.000259316372434841e+04
5 101 9.717495e-01 2.246135e+01  9.980361244741834525e+02  9.983597667510698557e+02  1.000211873668713451e+04  1.000308782888015230e+04
6 121 9.582598e-01 2.247099e+01  9.980361244741834525e+02  1.000200730722175285e+04  1.000209760334704879e+04  1.000241757406250144e+04
7 141 9.485795e-01 2.248455e+01  9.980361244741834525e+02  9.983064104338095603e+02  1.000206896887728726e+04  1.000232898298762120e+04
8 161 9.407455e-01 2.249630e+01  9.980361244741834525e+02  9.982540984510729913e+02  1.000204892970310357e+04  1.000295043974355940e+04
9 181 9.330359e-01 2.250276e+01  9.980361244741834525e+02  9.982265207442879955e+02  1.000203052861542710e+04  1.000252776838555292e+04
10 201 9.237811e-01 2.252297e+01  9.980361244741834525e+02  9.982853115792241852e+02  1.000207254783785538e+04  1.000233686943886642e+04
11 221 9.178118e-01 2.254631e+01  9.980361244741834525e+02  9.983400661329865216e+02  1.000210128291619185e+04  1.000228859223743893e+04
12 241 9.134007e-01 2.254919e+01  9.980361244741834525e+02  9.984272754543831070e+02  1.000207153264848057e+04  1.000329977093319394e+04
13 261 9.105093e-01 2.255249e+01  9.980361244741834525e+02  9.984205050750268811e+02  1.000209909642194179e+04  1.000274667034593767e+04
14 281 9.124267e-01 2.257108e+01  9.980361244741834525e+02  9.983411693031247296e+02  1.000207318064956780e+04  1.000261365414713873e+04
15 301 9.135006e-01 2.258561e+01  9.980361244741834525e+02  9.984275994836590371e+02  1.000214701489897197e+04  1.000304093241588635e+04
16 321 9.044866e-01 2.259299e+01  9.980361244741834525e+02  9.984148097974381244e+02  1.000206062072887289e+04  1.000244999915178050e+04
17 341 8.966234e-01 2.260494e+01  9.980361244741834525e+02  9.994503470703954235e+02  1.000208538530329133e+04  1.000481523588514756e+04
18 361 8.953750e-01 2.261327e+01  9.980361244741834525e+02  9.992247052499175197e+02  1.000205650212919682e+04  1.000348938786449980e+04
19 381 8.974310e-01 2.261467e+01  9.980361244741834525e+02  9.983308616598994831e+02  1.000212023463969308e+04  1.000287324052651820e+04
20 401 9.024303e-01 2.261667e+01  9.980361244741834525e+02  9.982990911098529523e+02  1.000202457932191282e+04  1.000290971310102213e+04
21 421 9.100090e-01 2.262051e+01  9.980361244741834525e+02  9.984077279205655486e+02  1.000208780550534721e+04  1.000237449084053151e+04
22 441 9.155350e-01 2.262656e+01  9.980361244741834525e+02  9.984232175670325660e+02  1.000204531592802959e+04  1.000237654015924454e+04
23 461 9.195186e-01 2.263740e+01  9.980361244741834525e+02  9.983095862122791004e+02  5.500842033388366872e+03  1.000213321643526615e+04
24 481 9.193447e-01 2.263882e+01  9.980361244741834525e+02  9.982865059936329999e+02  1.000203635876557382e+04  1.000219817370006240e+04
25 501 9.215755e-01 2.264505e+01  9.980361244741834525e+02  9.982907551185422790e+02  1.000200801304201559e+04  1.000221610725808932e+04
26 521 9.240971e-01 2.264849e+01  9.980361244741834525e+02  9.982967071764334150e+02  1.000207169877095657e+04  1.000251603337170309e+04
27 541 9.250961e-01 2.264629e+01  9.980361244741834525e+02  9.983298148968214036e+02  1.000203239375542398e+04  1.000236252824461008e+04
28 561 9.301409e-01 2.265224e+01  9.980361244741834525e+02  9.983500275089932074e+02  1.000202581453104904e+04  1.000250163185751626e+04
29 581 9.375294e-01 2.265316e+01  9.980361244741834525e+02  9.983436411030525051e+02  1.000211769129972708e+04  1.000240276930157233e+04
30 601 9.446307e-01 2.265826e+01  9.980361244741834525e+02  9.983167329268275125e+02  5.500853779591567218e+03  1.000256394180666939e+04
31 621 9.511189e-01 2.266328e+01  9.980361244741834525e+02  9.983090399989807793e+02  1.000202045278009791e+04  1.000226633654112447e+04
32 641 9.603885e-01 2.268703e+01  9.980361244741834525e+02  9.983249101778244494e+02  1.000203733114229908e+04  1.000254931042402313e+04
33 661 9.681056e-01 2.269282e+01  9.980361244741834525e+02  9.983279557122436927e+02  1.000207413563469527e+04  1.000243231165833276e+04
34 681 9.745242e-01 2.269979e+01  9.980361244741834525e+02  9.983050783519154265e+02  1.000203963718544037e+04  1.000335744595186225e+04
35 701 9.772477e-01 2.271470e+01  9.980361244741834525e+02  9.982655816409785530e+02  1.000204408966495976e+04  1.000313941857552709e+04
36 721 9.820297e-01 2.271888e+01  9.980361244741834525e+02  9.983595430694990682e+02  1.000212583762331997e+04  1.000305530247765819e+04
37 741 9.872404e-01 2.273463e+01  9.980361244741834525e+02  9.983712731838578520e+02  1.000204325997502929e+04  1.000275991775518196e+04
38 761 9.861664e-01 2.273808e+01  9.980361244741834525e+02  9.983652577029649819e+02  1.000201483170501888e+04  1.000280847842475305e+04
39 781 9.848675e-01 2.276081e+01  9.980361244741834525e+02  9.983340427964656101e+02  9.984297163582789381e+02  1.000225739549594437e+04
40 801 9.842729e-01 2.277174e+01  9.980361244741834525e+02  9.983328570093256076e+02  9.984064066620321682e+02  1.000243984243384512e+04
41 821 9.843240e-01 2.278283e+01  9.980361244741834525e+02  9.983382067553158095e+02  5.500258254508990831e+03  1.000268098319406454e+04
42 841 9.764786e-01 2.278699e+01  9.980361244741834525e+02  9.983038958277227266e+02  9.994982580944652000e+02  1.000251289806773639e+04
43 861 9.686930e-01 2.279105e+01  9.980361244741834525e+02  9.982519675595699482e+02  5.500205257470909601e+03  1.000285056781216372e+04
44 881 9.598959e-01 2.279887e+01  9.980361244741834525e+02  9.982927558907825869e+02  9.983980292826335017e+02  1.000240591851288809e+04
45 901 9.518633e-01 2.280080e+01  9.980361244741834525e+02  9.982725954138977613e+02  1.000201168936860631e+04  1.000222544931831908e+04
46 921 9.426968e-01 2.281230e+01  9.980361244741834525e+02  9.982813416185540518e+02  1.000202460846398026e+04  1.000209965139899577e+04
47 941 9.334343e-01 2.283136e+01  9.980361244741834525e+02  9.982705544652902745e+02  1.000204496904030748e+04  1.000266937948400664e+04
48 961 9.222204e-01 2.284460e+01  9.980361244741834525e+02  9.983432659781391294e+02  1.000204248783516778e+04  1.000233836962404166e+04
49 981 9.144075e-01 2.285027e+01  9.980361244741834525e+02  9.982640631097929145e+02  1.000207234286693347e+04  1.000260849554273773e+04
50 1001 9.074736e-01 2.285902e+01  9.980361244741834525e+02  9.982976839981257626e+02  9.990644294081184853e+02  1.000218787179287756e+04
51 1021 9.001543e-01 2.288277e+01  9.980361244741834525e+02  9.983604874786597065e+02  1.000201611934620087e+04  1.000250131148037508e+04
52 1041 8.922168e-01 2.289281e+01  9.980361244741834525e+02  9.983361934764106991e+02  9.984284012001076007e+02  1.000210733367385728e+04
53 1061 8.894203e-01 2.290196e+01  9.980361244741834525e+02  9.982643834178061297e+02  9.984060403248590774e+02  1.000211719397638990e+04
54 1081 8.846287e-01 2.291371e+01  9.980361244741834525e+02  9.982543791986876158e+02  9.983884222773089050e+02  1.000227277190152745e+04
55 1101 8.822812e-01 2.292486e+01  9.980361244741834525e+02  9.982828785376071892e+02  1.000203948630804007e+04  1.000311237748105850e+04
56 1121 8.802953e-01 2.293164e+01  9.980361244741834525e+02  9.982183864000681979e+02  9.983999108430742808e+02  1.000234535044581025e+04
57 1141 8.763992e-01 2.293524e+01  9.980361244741834525e+02  9.982574624999149364e+02  9.983905343712061722e+02  1.000273848414038548e+04
58 1161 8.724362e-01 2.293644e+01  9.980361244741834525e+02  9.983047105831271892e+02  1.000202255814644013e+04  1.000212080281845556e+04
59 1181 8.751809e-01 2.293545e+01  9.980361244741834525e+02  9.982387682577025316e+02  1.000202504665444576e+04  1.000224154103101500e+04
60 1201 8.806822e-01 2.294143e+01  9.980361244741834525e+02  9.982412674927933267e+02  9.983616988986159413e+02  1.000246761487407821e+04
61 1221 8.801629e-01 2.294015e+01  9.980361244741834525e+02  9.982067610574932814e+02  1.000203746280398991e+04  1.000218741083389614e+04
62 1241 8.791032e-01 2.294377e+01  9.980361244741834525e+02  9.982707116707661044e+02  1.000206044376077625e+04  1.000223024702652947e+04
63 1261 8.804970e-01 2.295652e+01  9.980361244741834525e+02  9.982487616672181048e+02  5.500202468928863709e+03  1.000224591851293917e+04
64 1281 8.760991e-01 2.297148e+01  9.980361244741834525e+02  9.982772261137052965e+02  1.000205030333877585e+04  1.000225216787359932e+04
65 1301 8.706099e-01 2.297277e+01  9.980361244741834525e+02  9.982713513219146080e+02  1.000201998645167623e+04  1.000211522648449682e+04
66 1321 8.658171e-01 2.297824e+01  9.980361244741834525e+02  9.983266184771395046e+02  1.000202016773622927e+04  1.000233804675440842e+04
67 1341 8.570292e-01 2.297549e+01  9.980361244741834525e+02  9.983348379646100739e+02  1.000202313335696454e+04  1.000225318484517993e+04
68 1361 8.506826e-01 2.296840e+01  9.980361244741834525e+02  9.982459926616046459e+02  9.989634339719086711e+02  1.000298705186882944e+04
69 1381 8.407773e-01 2.297071e+01  9.980361244741834525e+02  9.982478579903787477e+02  9.983649442856672067e+02  1.000242054929956066e+04
70 1401 8.313127e-01 2.296270e+01  9.980361244741834525e+02  9.982636024154741108e+02  5.500823048259392635e+03  1.000251345449628207e+04
71 1421 8.177431e-01 2.297279e+01  9.980361244741834525e+02  9.982246029892315846e+02  9.983720644604634344e+02  1.000217816460953873e+04
72 1441 8.060800e-01 2.296888e+01  9.980361244741834525e+02  9.982616005491895521e+02  1.000200380288935412e+04  1.000214988639481817e+04
73 1461 7.937174e-01 2.297242e+01  9.980361244741834525e+02  9.982618479432513823e+02  9.989305068185847176e+02  1.000229837707636216e+04
74 1481 7.804108e-01 2.297144e+01  9.980361244741834525e+02  9.982613285481955927e+02  1.000201246935305971e+04  1.000274109243176827e+04
75 1501 7.689251e-01 2.297513e+01  9.980361244741834525e+02  9.982840335675549568e+02  5.500199435896668547e+03  1.000224037886298174e+04
76 1521 7.613709e-01 2.297792e+01  9.980361244741834525e+02  9.982572596215692329e+02  1.000200649189094838e+04  1.000223481555621584e+04
77 1541 7.577771e-01 2.300091e+01  9.980361244741834525e+02  9.982770997837920959e+02  1.000202674170067985e+04  1.000227496535616410e+04
78 1561 7.551791e-01 2.300451e+01  9.980361244741834525e+02  9.983390102851548136e+02  1.000201165461457822e+04  1.000273781188412613e+04
79 1581 7.501549e-01 2.300606e+01  9.980361244741834525e+02  9.982402330196996445e+02  1.000200724116935271e+04  1.000219815429676783e+04
80 1601 7.489780e-01 2.301580e+01  9.980361244741834525e+02  9.982671739421909933e+02  1.000203693701779048e+04  1.000223152524817306e+04
81 1621 7.451259e-01 2.302445e+01  9.980361244741834525e+02  9.982606666343826873e+02  1.000201049265577967e+04  1.000215500898883147e+04
82 1641 7.419086e-01 2.303343e+01  9.980361244741834525e+02  9.982421914032637460e+02  1.000200711237498763e+04  1.000230243145896929e+04
83 1661 7.394107e-01 2.303772e+01  9.980361244741834525e+02  9.982536444571799166e+02  9.983626818232276037e+02  1.000215868842169220e+04
84 1681 7.373071e-01 2.304228e+01  9.980361244741834525e+02  9.982403396886093105e+02  9.983607313935874572e+02  1.000212477885301450e+04
85 1701 7.325771e-01 2.304271e+01  9.980361244741834525e+02  9.982607612666556633e+02  9.983453059567449372e+02  1.000213773736675103e+04
86 1721 7.292845e-01 2.305184e+01  9.980361244741834525e+02  9.982299100605816875e+02  9.983432118860127957e+02  1.000206011441680857e+04
87 1741 7.266861e-01 2.306176e+01  9.980361244741834525e+02  9.982355429961140771e+02  9.983546604574526100e+02  1.000212494237880674e+04
88 1761 7.278547e-01 2.306722e+01  9.980361244741834525e+02  9.982497391309698287e+02  9.983216399060025878e+02  1.000213197778214271e+04
89 1781 7.277567e-01 2.308495e+01  9.980361244741834525e+02  9.983116912993293681e+02  5.500235552664028546e+03  1.000283346235539284e+04
90 1801 7.314779e-01 2.310702e+01  9.980361244741834525e+02  9.982855759284501573e+02  9.983654481347109595e+02  1.000215006484275182e+04
91 1821 7.312035e-01 2.311367e+01  9.980361244741834525e+02  9.982716098611482494e+02  1.000200549472665080e+04  1.000242277778995958e+04
92 1841 7.261222e-01 2.312269e+01  9.980361244741834525e+02  9.982510085570294223e+02  9.983790378334986144e+02  1.000265294310307763e+04
93 1861 7.205036e-01 2.312537e+01  9.980361244741834525e+02  9.982594704570133217e+02  9.989937283232117124e+02  1.000274213889451676e+04
94 1881 7.128217e-01 2.313728e+01  9.980361244741834525e+02  9.982212652609599672e+02  9.983250872106054885e+02  1.000208087503000934e+04
95 1901 7.006273e-01 2.314182e+01  9.980361244741834525e+02  9.982715666254827056e+02  9.989954129046291200e+02  1.000231105708254472e+04
96 1921 6.905040e-01 2.314774e+01  9.980361244741834525e+02  9.982212384277997899e+02  9.983189084708039900e+02  1.000212916171634060e+04
97 1941 6.844349e-01 2.315684e+01  9.980361244741834525e+02  9.982424570355715332e+02  9.982983538853225127e+02  1.000224623166847050e+04
98 1961 6.802214e-01 2.318053e+01  9.980361244741834525e+02  9.982422333069683873e+02  9.983317851686656468e+02  1.000220198669351885e+04
99 1981 6.744172e-01 2.318930e+01  9.980361244741834525e+02  9.982037977213938120e+02  9.983803588937150835e+02  1.000208399643810662e+04
100 2001 6.711614e-01 2.319605e+01  9.980361244741834525e+02  9.982384879340578436e+02  9.983267549691076965e+02  1.000221595183370118e+04
101 2021 6.694886e-01 2.320519e+01  9.980361244741834525e+02  9.982433874907943618e+02  9.983147096131845046e+02  1.000208033331251318e+04
102 2041 6.697810e-01 2.322265e+01  9.980361244741834525e+02  9.982490519054765628e+02  5.500285935147073360e+03  1.000236858033323188e+04
103 2061 6.739881e-01 2.325358e+01  9.980361244741834525e+02  9.982486689783743259e+02  9.983689358379713212e+02  1.000224322701022538e+04
104 2081 6.780145e-01 2.327151e+01  9.980361244741834525e+02  9.982454789296212994e+02  5.500193224417683268e+03  1.000207104471878847e+04
105 2101 6.798983e-01 2.327863e+01  9.980361244741834525e+02  9.982581784165706722e+02  1.000202453180697194e+04  1.000234287432252313e+04
106 2121 6.818876e-01 2.330883e+01  9.980361244741834525e+02  9.982481231190915878e+02  9.991046856665273026e+02  1.000213941826327573e+04
107 2141 6.860845e-01 2.332278e+01  9.980361244741834525e+02  9.982142868226726478e+02  9.983445681109886891e+02  1.000214296061805726e+04
108 2161 6.910953e-01 2.334148e+01  9.980361244741834525e+02  9.981859668930638918e+02  9.983224736371980725e+02  1.000211460850603180e+04
109 2181 6.957588e-01 2.336250e+01  9.980361244741834525e+02  9.981926394118324879e+02  1.000202539272255308e+04  1.000211828673804121e+04
110 2201 7.001007e-01 2.339683e+01  9.980361244741834525e+02  9.982375494073368145e+02  5.500310645398354609e+03  1.000213113898537631e+04
111 2221 7.032991e-01 2.344537e+01  9.980361244741834525e+02  9.982421272304450213e+02  1.000201274134292544e+04  1.000231974534418987e+04
112 2241 7.049063e-01 2.346590e+01  9.980361244741834525e+02  9.983446607736486840e+02  1.000203886813325153e+04  1.000259981763219912e+04
113 2261 7.024474e-01 2.350276e+01  9.980361244741834525e+02  9.982645137883749840e+02  5.500683328507991973e+03  1.000266200282729005e+04
114 2281 6.980026e-01 2.351226e+01  9.980361244741834525e+02  9.982423643109644900e+02  9.988823778578258725e+02  1.000233571819569079e+04
115 2301 6.932629e-01 2.354022e+01  9.980361244741834525e+02  9.982733382790421501e+02  5.500745319615900371e+03  1.000230151607614243e+04
116 2321 6.856397e-01 2.354937e+01  9.980361244741834525e+02  9.982660325199838098e+02  9.994007385681604774e+02  1.000208857860687749e+04
117 2341 6.805934e-01 2.355616e+01  9.980361244741834525e+02  9.982524863582719945e+02  9.987849406960169745e+02  1.000254370881744399e+04
118 2361 6.757260e-01 2.356766e+01  9.980361244741834525e+02  9.982523084359514769e+02  1.000200383875815533e+04  1.000252726446493034e+04
119 2381 6.693916e-01 2.357818e+01  9.980361244741834525e+02  9.982770584507135254e+02  9.983527414910779498e+02  1.000227404943608053e+04
120 2401 6.629437e-01 2.359405e+01  9.980361244741834525e+02  9.982782411237972156e+02  9.983984660921730665e+02  1.000235824729693741e+04
121 2421 6.566601e-01 2.359578e+01  9.980361244741834525e+02  9.982559661507541477e+02  9.983137847293762661e+02  1.000210242577921599e+04
122 2441 6.522994e-01 2.358503e+01  9.980361244741834525e+02  9.982797888840191263e+02  1.000202959843712597e+04  1.000239895700928901e+04
123 2461 6.480086e-01 2.358609e+01  9.980361244741834525e+02  9.982279402958293986e+02  5.500188919690041075e+03  1.000286906292480671e+04
124 2481 6.419587e-01 2.359943e+01  9.980361244741834525e+02  9.982246967138089531e+02  9.983990994197063173e+02  1.000223698337077258e+04
125 2501 6.347812e-01 2.359311e+01  9.980361244741834525e+02  9.982307196067837367e+02  9.983191203311397430e+02  1.000205247350235186e+04
126 2521 6.284634e-01 2.360380e+01  9.980361244741834525e+02  9.982230318858383953e+02  9.984146945802347091e+02  1.000213176796362495e+04
127 2541 6.231506e-01 2.359015e+01  9.980361244741834525e+02  9.982342725161195176e+02  9.983451947248180431e+02  1.000205569642565024e+04
128 2561 6.180532e-01 2.359094e+01  9.980361244741834525e+02  9.982281863730979694e+02  9.983562646816051256e+02  1.000210893121941808e+04
129 2581 6.138582e-01 2.359002e+01  9.980361244741834525e+02  9.982346621701678941e+02  9.983010418886045727e+02  1.000203734437351886e+04
130 2601 6.113501e-01 2.359385e+01  9.980361244741834525e+02  9.982232513605925988e+02  9.982987900533926222e+02  1.000206499534739669e+04
131 2621 6.120942e-01 2.358591e+01  9.980361244741834525e+02  9.982291839805670861e+02  9.983066966223365171e+02  1.000236326352111791e+04
132 2641 6.120977e-01 2.358257e+01  9.980361244741834525e+02  9.982268737861353429e+02  9.984900241230839129e+02  1.000213651025816216e+04
133 2661 6.123963e-01 2.358875e+01  9.980361244741834525e+02  9.982327428248383967e+02  1.000200094470654585e+04  1.000217966467150836e+04
134 2681 6.135290e-01 2.358252e+01  9.980361244741834525e+02  9.981791200086328217e+02  1.000202246189704420e+04  1.000213961346816359e+04
135 2701 6.162895e-01 2.358717e+01  9.980361244741834525e+02  9.982639446702465875e+02  9.983130569545827484e+02  1.000213965212649964e+04
136 2721 6.185808e-01 2.358642e+01  9.980361244741834525e+02  9.982349670602200149e+02  9.983385348998331210e+02  1.000208065031069054e+04
137 2741 6.209922e-01 2.358781e+01  9.980361244741834525e+02  9.981944635873729794e+02  9.983513724187046137e+02  1.000228533067676835e+04
138 2761 6.207752e-01 2.358790e+01  9.980361244741834525e+02  9.982673912932921212e+02  9.983949003605994221e+02  1.000251420011079608e+04
139 2781 6.196607e-01 2.358902e+01  9.980361244741834525e+02  9.982353934056675371e+02  9.983264563802426892e+02  1.000216784349504996e+04
140 2801 6.191896e-01 2.360017e+01  9.980361244741834525e+02  9.982326196764944370e+02  9.983104724043205351e+02  1.000208468914720652e+04
141 2821 6.192565e-01 2.360634e+01  9.980361244741834525e+02  9.982160779257103513e+02  9.988965972839012011e+02  1.000234776198815052e+04
142 2841 6.192735e-01 2.361063e+01  9.980361244741834525e+02  9.982284431978731618e+02  9.989110619677339855e+02  1.000249738651469124e+04
143 2861 6.205719e-01 2.362694e+01  9.980361244741834525e+02  9.982323091694890991e+02  9.983385951153421729e+02  1.000232879980248617e+04
144 2881 6.201595e-01 2.362746e+01  9.980361244741834525e+02  9.982626184444135333e+02  9.983942345092208370e+02  1.000272383671100215e+04
145 2901 6.206316e-01 2.362807e+01  9.980361244741834525e+02  9.982549297850179073e+02  9.983089093134942686e+02  1.000241139417754857e+04
146 2921 6.200355e-01 2.363531e+01  9.980361244741834525e+02  9.982103601822586825e+02  9.983103517690489070e+02  1.000213663203381475e+04
147 2941 6.226190e-01 2.362788e+01  9.980361244741834525e+02  9.982320843899287865e+02  9.982963079763951555e+02  1.000213761040984718e+04
148 2961 6.213651e-01 2.361985e+01  9.980361244741834525e+02  9.982311315263667666e+02  9.982989461993081477e+02  1.000229752052764161e+04
149 2981 6.187203e-01 2.363052e+01  9.980361244741834525e+02  9.982258103920067924e+02  9.982885235794510663e+02  1.000211677329533632e+04
150 3001 6.192336e-01 2.364176e+01  9.980361244741834525e+02  9.982196411000149965e+02  9.984006856458158836e+02  1.000211141089708144e+04
151 3021 6.194053e-01 2.364348e+01  9.980361244741834525e+02  9.982298135287383047e+02  9.982925937374664045e+02  1.000217504903825829e+04
152 3041 6.184231e-01 2.364519e+01  9.980361244741834525e+02  9.982208809589102430e+02  9.982921720694182568e+02  1.000221408679530396e+04
153 3061 6.176253e-01 2.364695e+01  9.980361244741834525e+02  9.982296651767138655e+02  9.983209389073956572e+02  1.000204649320718454e+04
154 3081 6.119786e-01 2.365730e+01  9.980361244741834525e+02  9.982222348852573077e+02  9.983459587582545964e+02  1.000210878548626715e+04
155 3101 6.047868e-01 2.365524e+01  9.980361244741834525e+02  9.982481046331403149e+02  9.983399211856508373e+02  1.000204890675638853e+04
156 3121 5.983809e-01 2.364241e+01  9.980361244741834525e+02  9.982668906775612641e+02  9.983368479531629873e+02  1.000213432419735545e+04
157 3141 5.913679e-01 2.364838e+01  9.980361244741834525e+02  9.982347709966913953e+02  9.982945697953298350e+02  1.000206587601206411e+04
158 3161 5.862653e-01 2.364959e+01  9.980361244741834525e+02  9.982514556246483153e+02  9.983067224819458261e+02  1.000207544230754138e+04
159 3181 5.822373e-01 2.364900e+01  9.980361244741834525e+02  9.982436373182798661e+02  9.983157616605210478e+02  1.000213819074182720e+04
160 3201 5.816436e-01 2.364859e+01  9.980361244741834525e+02  9.982394321584378076e+02  5.500197036503956951e+03  1.000207955629907156e+04
161 3221 5.796744e-01 2.364218e+01  9.980361244741834525e+02  9.982273265403955520e+02  9.983322899231142173e+02  1.000210642472249492e+04
162 3241 5.786962e-01 2.364866e+01  9.980361244741834525e+02  9.982219338803845403e+02  9.982889115928260253e+02  1.000204299383836587e+04
163 3261 5.774746e-01 2.365182e+01  9.980361244741834525e+02  9.982298583374057444e+02  9.982896482980759174e+02  1.000203376123243834e+04
164 3281 5.774790e-01 2.363439e+01  9.980361244741834525e+02  9.982186494265271222e+02  9.983084795999234302e+02  1.000206546373382298e+04
165 3301 5.766367e-01 2.363952e+01  9.980361244741834525e+02  9.982224574528572703e+02  9.983224280948827527e+02  1.000205845244033480e+04
166 3321 5.730025e-01 2.364786e+01  9.980361244741834525e+02  9.982217154596753517e+02  9.983396749061432729e+02  1.000216133980487029e+04
167 3341 5.666488e-01 2.365139e+01  9.980361244741834525e+02  9.982445028770989666e+02  9.983333425518098920e+02  1.000209129680593833e+04
168 3361 5.600845e-01 2.364220e+01  9.980361244741834525e+02  9.982269158278131727e+02  9.982723392263319511e+02  1.000205238154535800e+04
169 3381 5.512028e-01 2.363451e+01  9.980361244741834525e+02  9.982026453335600991e+02  9.983000974339911409e+02  1.000208042918751926e+04
170 3401 5.422255e-01 2.362758e+01  9.980361244741834525e+02  9.982263817044056395e+02  9.983282126763706401e+02  1.000204497558744151e+04
171 3421 5.356116e-01 2.364415e+01  9.980361244741834525e+02  9.982242796706669878e+02  9.982687433555931875e+02  1.000201052451522264e+04
172 3441 5.293464e-01 2.364108e+01  9.980361244741834525e+02  9.982314018996631830e+02  9.983074325583716018e+02  1.000209468571791513e+04
173 3461 5.257365e-01 2.364510e+01  9.980361244741834525e+02  9.982386564304083549e+02  9.982882750683731956e+02  1.000205683270100417e+04
174 3481 5.228360e-01 2.364489e+01  9.980361244741834525e+02  9.982210717445681212e+02  9.982648402587042256e+02  1.000206259430053251e+04
175 3501 5.184820e-01 2.365032e+01  9.980361244741834525e+02  9.982098216658868068e+02  9.982593815264762043e+02  1.000203054956724554e+04
176 3521 5.152291e-01 2.365461e+01  9.980361244741834525e+02  9.982262807815702672e+02  9.983192826774861715e+02  1.000202776840646584e+04
177 3541 5.089472e-01 2.365788e+01  9.980361244741834525e+02  9.982251913284899274e+02  9.982527709245106280e+02  1.000203317117169900e+04
178 3561 5.011705e-01 2.366191e+01  9.980361244741834525e+02  9.982232084440577182e+02  9.982643672403771689e+02  1.000204654144329834e+04
179 3581 4.914321e-01 2.366605e+01  9.980361244741834525e+02  9.982199432325387534e+02  9.982644271487165497e+02  1.000204523629288269e+04
180 3601 4.819121e-01 2.366654e+01  9.980361244741834525e+02  9.982136896136659061e+02  9.982423852957847430e+02  9.983617715734188778e+02
181 3621 4.728111e-01 2.366741e+01  9.980361244741834525e+02  9.981900132390017006e+02  9.982807384304533116e+02  1.000203530949539163e+04
182 3641 4.651900e-01 2.367438e+01  9.980361244741834525e+02  9.982200386860399703e+02  9.982523349395107743e+02  1.000203549956113238e+04
183 3661 4.585290e-01 2.366932e+01  9.980361244741834525e+02  9.982074182282206039e+02  9.982407014268235343e+02  1.000200517032544485e+04
184 3681 4.531729e-01 2.367639e+01  9.980361244741834525e+02  9.981957275267432124e+02  9.982653525941896078e+02  1.000203518751609045e+04
185 3701 4.502949e-01 2.367280e+01  9.980361244741834525e+02  9.982047667834741560e+02  9.982309974519614570e+02  1.000201126557243879e+04
186 3721 4.508542e-01 2.367691e+01  9.980361244741834525e+02  9.982008410702736683e+02  9.982272006147773027e+02  1.000212167046163086e+04
187 3741 4.517703e-01 2.368623e+01  9.980361244741834525e+02  9.981911614621171793e+02  9.982236668895238836e+02  1.000206687962131400e+04
188 3761 4.539303e-01 2.369313e+01  9.980361244741834525e+02  9.981772165379974240e+02  9.982179391841730194e+02  1.000202784501035421e+04
189 3781 4.567858e-01 2.370688e+01  9.980361244741834525e+02  9.981817389483136367e+02  9.982820238549063561e+02  1.000209271712414011e+04
190 3801 4.572324e-01 2.371152e+01  9.980361244741834525e+02  9.981813220238872191e+02  9.982327783228340650e+02  1.000205804626310055e+04
191 3821 4.568728e-01 2.371613e+01  9.980361244741834525e+02  9.981881314628512882e+02  9.982331708164490465e+02  1.000205578657385740e+04
192 3841 4.561758e-01 2.370565e+01  9.980361244741834525e+02  9.981986094458997059e+02  5.500740937124675838e+03  1.000204976030624675e+04
193 3861 4.555038e-01 2.371462e+01  9.980361244741834525e+02  9.981907667685895831e+02  9.982617847619349050e+02  1.000203123107931242e+04
194 3881 4.561521e-01 2.371241e+01  9.980361244741834525e+02  9.981787209722817806e+02  9.993193958718961767e+02  1.000216322810145539e+04
195 3901 4.575608e-01 2.370855e+01  9.980361244741834525e+02  9.981876595883261416e+02  9.982838670180354939e+02  1.000203445676694173e+04
196 3921 4.594233e-01 2.370851e+01  9.980361244741834525e+02  9.981872778675773361e+02  9.982559386752624278e+02  9.993782735615762931e+02
197 3941 4.615693e-01 2.370995e+01  9.980361244741834525e+02  9.981772088922858757e+02  9.982112814431616243e+02  1.000207694490753784e+04
198 3961 4.640312e-01 2.370003e+01  9.980361244741834525e+02  9.981761121907943561e+02  9.982135102771653692e+02  1.000207676991869084e+04
199 3981 4.662205e-01 2.371076e+01  9.980361244741834525e+02  9.981886076622286055e+02  9.982241964907077545e+02  1.000201485827412398e+04
200 4001 4.677961e-01 2.370840e+01  9.980361244741834525e+02  9.981684903126105155e+02  9.993647288884411637e+02  1.000206771719847711e+04
201 4021 4.667089e-01 2.370773e+01  9.980361244741834525e+02  9.981815739628070787e+02  9.982808061433768216e+02  1.000204985408324501e+04
202 4041 4.655829e-01 2.370609e+01  9.980361244741834525e+02  9.981872759895985610e+02  9.982431067326452876e+02  1.000205186822714131e+04
203 4061 4.648168e-01 2.370827e+01  9.980361244741834525e+02  9.981782356820195901e+02  9.982224256308190888e+02  1.000203506213645051e+04
204 4081 4.659986e-01 2.371367e+01  9.980361244741834525e+02  9.981723490779460235e+02  9.982174791254822139e+02  1.000205647295733434e+04
205 4101 4.662499e-01 2.372439e+01  9.980361244741834525e+02  9.981689168322284331e+02  9.982058445390998713e+02  1.000202652349657183e+04
206 4121 4.655531e-01 2.372501e+01  9.980361244741834525e+02  9.981643793618665086e+02  1.000200215841615500e+04  1.000207257568991008e+04
207 4141 4.661623e-01 2.372388e+01  9.980361244741834525e+02  9.981627712135491493e+02  5.500703095334884893e+03  1.000208729047944144e+04
208 4161 4.648603e-01 2.372474e+01  9.980361244741834525e+02  9.981642972793674744e+02  9.993907610132200716e+02  1.000206411418071002e+04
209 4181 4.659184e-01 2.372392e+01  9.980361244741834525e+02  9.981531624968180267e+02  9.981963265113811303e+02  1.000207220523873366e+04
210 4201 4.680781e-01 2.373076e+01  9.980361244741834525e+02  9.981621469971892111e+02  9.982926689259818431e+02  1.000203543569020258e+04
211 4221 4.726584e-01 2.372914e+01  9.980361244741834525e+02  9.981654066955123881e+02  9.982062635640172630e+02  1.000209072685088904e+04
212 4241 4.766136e-01 2.373607e+01  9.980361244741834525e+02  9.981375202798521968e+02  9.982205051123853536e+02  1.000204209170471768e+04
213 4261 4.765498e-01 2.372279e+01  9.980361244741834525e+02  9.981565999970464418e+02  9.982134894921857722e+02  1.000203406727392758e+04
214 4281 4.786223e-01 2.372408e+01  9.980361244741834525e+02  9.981376332412370402e+02  9.982796328117697158e+02  1.000204768014832371e+04
215 4301 4.789996e-01 2.373039e+01  9.980361244741834525e+02  9.981538360207495089e+02  9.982491254685585318e+02  1.000208574780168783e+04
216 4321 4.797666e-01 2.373634e+01  9.980361244741834525e+02  9.981325404471034517e+02  9.982687489867469139e+02  1.000202272859139339e+04
217 4341 4.807473e-01 2.373973e+01  9.980361244741834525e+02  9.981466713187423920e+02  9.982886542902504061e+02  1.000204258687353649e+04
218 4361 4.826091e-01 2.374599e+01  9.980361244741834525e+02  9.981397591055621206e+02  9.981898907055140171e+02  1.000204497807066400e+04
219 4381 4.844416e-01 2.375192e+01  9.980361244741834525e+02  9.981539728410850785e+02  9.993951153938016887e+02  1.000210909036028352e+04
220 4401 4.856949e-01 2.375885e+01  9.980361244741834525e+02  9.981362385998977516e+02  1.000200588086875723e+04  1.000206818937729804e+04
221 4421 4.866167e-01 2.377215e+01  9.980361244741834525e+02  9.981307518423660667e+02  9.981854748182831827e+02  1.000207283952985199e+04
222 4441 4.870410e-01 2.379316e+01  9.980361244741834525e+02  9.981558428068076410e+02  1.000200482016882961e+04  1.000213829957459893e+04
223 4461 4.837852e-01 2.381309e+01  9.980361244741834525e+02  9.981468974845689672e+02  9.982427150891123802e+02  1.000210366832278305e+04
224 4481 4.810392e-01 2.381687e+01  9.980361244741834525e+02  9.981560318222125261e+02  9.981948453190761938e+02  1.000205105822922087e+04
225 4501 4.776826e-01 2.381205e+01  9.980361244741834525e+02  9.981437230871068778e+02  9.981822799498938821e+02  1.000206545490734607e+04
226 4521 4.728067e-01 2.381364e+01  9.980361244741834525e+02  9.981329917588436729e+02  9.981779498805456114e+02  1.000205931079949005e+04
227 4541 4.662728e-01 2.380222e+01  9.980361244741834525e+02  9.981334237729563483e+02  1.000201065575621578e+04  1.000210118981931373e+04
228 4561 4.593242e-01 2.379513e+01  9.980361244741834525e+02  9.981380439325796488e+02  9.981625372165472072e+02  1.000207551801987756e+04
229 4581 4.545848e-01 2.381380e+01  9.980361244741834525e+02  9.981336561825302169e+02  9.982307849988903854e+02  1.000202989024645649e+04
230 4601 4.514020e-01 2.380916e+01  9.980361244741834525e+02  9.981332544702689802e+02  9.981930577185198672e+02  1.000207878964983320e+04
231 4621 4.472264e-01 2.381364e+01  9.980361244741834525e+02  9.981446613169456441e+02  9.993938414303156605e+02  1.000207680637132580e+04
232 4641 4.450952e-01 2.381209e+01  9.980361244741834525e+02  9.981364786943680656e+02  9.981925338958085376e+02  1.000207541392590974e+04
233 4661 4.426405e-01 2.380475e+01  9.980361244741834525e+02  9.981432942627891407e+02  9.982911222418633770e+02  1.000213589164227415e+04
234 4681 4.396524e-01 2.381768e+01  9.980361244741834525e+02  9.981453189920285922e+02  9.982663171501692432e+02  1.000201867787231095e+04
235 4701 4.375454e-01 2.380845e+01  9.980361244741834525e+02  9.981313141833411464e+02  9.981707644314492427e+02  1.000206536180602052e+04
236 4721 4.367063e-01 2.381598e+01  9.980361244741834525e+02  9.981407724860067674e+02  9.981618586090953613e+02  1.000214605679039050e+04
237 4741 4.350144e-01 2.381779e+01  9.980361244741834525e+02  9.981332157466566741e+02  9.982785156009971388e+02  1.000206251251260619e+04
238 4761 4.342499e-01 2.383457e+01  9.980361244741834525e+02  9.981305015045358004e+02  9.982377675049413028e+02  1.000203598579775280e+04
239 4781 4.342555e-01 2.383340e+01  9.980361244741834525e+02  9.981342359472737371e+02  9.981615698393814000e+02  1.000202337391252331e+04
240 4801 4.342204e-01 2.385003e+01  9.980361244741834525e+02  9.981403661155369491e+02  9.982417796302129318e+02  1.000208566308397712e+04
241 4821 4.352911e-01 2.384907e+01  9.980361244741834525e+02  9.981349630530907007e+02  9.982327461179791044e+02  1.000204964014165671e+04
242 4841 4.369975e-01 2.385224e+01  9.980361244741834525e+02  9.981372964949235893e+02  9.981558530987980475e+02  1.000205677078515691e+04
243 4861 4.411582e-01 2.385559e+01  9.980361244741834525e+02  9.981382567909670342e+02  9.981791514772212395e+02  1.000210272986063319e+04
244 4881 4.448003e-01 2.385205e+01  9.980361244741834525e+02  9.981246621990061385e+02  9.981681513918015298e+02  1.000208063256348214e+04
245 4901 4.481123e-01 2.384915e+01  9.980361244741834525e+02  9.981318313079461859e+02  9.981809165973311337e+02  1.000207310786665403e+04
246 4921 4.497683e-01 2.385445e+01  9.980361244741834525e+02  9.981246613139990131e+02  5.500640804048995051e+03  1.000210012501381607e+04
247 4941 4.499504e-01 2.385682e+01  9.980361244741834525e+02  9.981246773759619373e+02  9.981546669308718265e+02  1.000202091701029531e+04
248 4961 4.504597e-01 2.385392e+01  9.980361244741834525e+02  9.981202546158929181e+02  9.983011751711676425e+02  1.000204820868666684e+04
249 4981 4.501525e-01 2.385405e+01  9.980361244741834525e+02  9.981127855767987285e+02  5.500664016912674015e+03  1.000208481942853541e+04
250 5001 4.498514e-01 2.385679e+01  9.980361244741834525e+02  9.981462559600621489e+02  9.982297886276182908e+02  1.000206036556776962e+04
251 5021 4.490981e-01 2.385965e+01  9.980361244741834525e+02  9.981331006690949152e+02  9.988076821686051971e+02  1.000206960603030348e+04
252 5041 4.491475e-01 2.385064e+01  9.980361244741834525e+02  9.981371581624817964e+02  9.981858945965534531e+02  1.000205315249850355e+04
253 5061 4.505444e-01 2.384181e+01  9.980361244741834525e+02  9.981371087428730107e+02  9.981729204620453402e+02  1.000207586383412126e+04
254 5081 4.517818e-01 2.384797e+01  9.980361244741834525e+02  9.981224748361973980e+02  9.981660536449056735e+02  1.000201779344205534e+04
255 5101 4.531485e-01 2.385009e+01  9.980361244741834525e+02  9.981351928841319250e+02  9.981926798938852698e+02  1.000205586559285439e+04
256 5121 4.543655e-01 2.385369e+01  9.980361244741834525e+02  9.981212103492658798e+02  9.982518479895645669e+02  1.000203210880474398e+04
257 5141 4.546932e-01 2.385572e+01  9.980361244741834525e+02  9.981507967184547852e+02  9.982838013927661223e+02  1.000204589062301602e+04
258 5161 4.562233e-01 2.384794e+01  9.980361244741834525e+02  9.981329774773645340e+02  9.982067968934702549e+02  1.000207189770791956e+04
259 5181 4.566791e-01 2.384540e+01  9.980361244741834525e+02  9.981259097279214529e+02  9.981916666782447010e+02  1.000203892763753356e+04
260 5201 4.561942e-01 2.383964e+01  9.980361244741834525e+02  9.981277855543045234e+02  9.981696410797545695e+02  1.000205552307719881e+04
261 5221 4.534816e-01 2.383769e+01  9.980361244741834525e+02  9.981241000322814898e+02  1.000200183883343198e+04  1.000207612155312199e+04
262 5241 4.517456e-01 2.383342e+01  9.980361244741834525e+02  9.981342067727096037e+02  9.981986484237660306e+02  1.000211449421481666e+04
263 5261 4.487941e-01 2.382824e+01  9.980361244741834525e+02  9.981382226400646687e+02  9.983072383776486731e+02  1.000204035166774702e+04
264 5281 4.484071e-01 2.383054e+01  9.980361244741834525e+02  9.981205145541415504e+02  9.982142183445687351e+02  1.000209786375466683e+04
265 5301 4.488430e-01 2.383067e+01  9.980361244741834525e+02  9.981342396548825491e+02  9.982003863705172080e+02  1.000201092184467234e+04
266 5321 4.482514e-01 2.383852e+01  9.980361244741834525e+02  9.981189206117488766e+02  9.982115583596214492e+02  1.000203724970556505e+04
267 5341 4.497160e-01 2.383890e+01  9.980361244741834525e+02  9.981264527059153124e+02  9.981726146158439406e+02  1.000204152605449963e+04
268 5361 4.488387e-01 2.384021e+01  9.980361244741834525e+02  9.981372868869184458e+02  9.981660702354149635e+02  1.000210599883753821e+04
269 5381 4.466530e-01 2.383429e+01  9.980361244741834525e+02  9.981275629198220258e+02  9.981935964739825522e+02  1.000207543807496768e+04
270 5401 4.446135e-01 2.383865e+01  9.980361244741834525e+02  9.981274295946947177e+02  1.000200371189899852e+04  1.000209415476296272e+04
271 5421 4.423885e-01 2.385346e+01  9.980361244741834525e+02  9.981232611261712009e+02  9.981634510419636399e+02  1.000206500552743273e+04
272 5441 4.406731e-01 2.385805e+01  9.980361244741834525e+02  9.981167001191956842e+02  9.981655197034057210e+02  1.000469027276364613e+04
273 5461 4.374007e-01 2.385870e+01  9.980361244741834525e+02  9.981200879950511080e+02  9.982592827035102800e+02  1.000216831724374606e+04
274 5481 4.352848e-01 2.386219e+01  9.980361244741834525e+02  9.981051516606173664e+02  9.982029656811652103e+02  1.000207208494739280e+04
275 5501 4.348964e-01 2.386188e+01  9.980361244741834525e+02  9.981102869781931304e+02  9.981529143909028789e+02  1.000205312900426725e+04
276 5521 4.327670e-01 2.387834e+01  9.980361244741834525e+02  9.981113298098292717e+02  9.982384468670011302e+02  1.000207769319087129e+04
277 5541 4.288297e-01 2.387913e+01  9.980361244741834525e+02  9.981141923025397773e+02  9.982305041038111995e+02  1.000208761203792892e+04
278 5561 4.245948e-01 2.387782e+01  9.980361244741834525e+02  9.981197112322715839e+02  9.981942243989799408e+02  1.000206572856639286e+04
279 5581 4.204039e-01 2.389008e+01  9.980361244741834525e+02  9.981141578322886971e+02  1.000200619590540373e+04  1.000213552429973970e+04
280 5601 4.173511e-01 2.389874e+01  9.980361244741834525e+02  9.981143444713088684e+02  9.981703164124057821e+02  1.000216088064749965e+04
281 5621 4.162575e-01 2.390763e+01  9.980361244741834525e+02  9.981090156587797537e+02  9.981530212240428455e+02  1.000204947372341121e+04
282 5641 4.175230e-01 2.390883e+01  9.980361244741834525e+02  9.981183490990839573e+02  9.981649756001204423e+02  1.000207920387865306e+04
283 5661 4.163783e-01 2.391102e+01  9.980361244741834525e+02  9.981199540365302028e+02  9.981445546041381931e+02  1.000200965301419274e+04
284 5681 4.150775e-01 2.390375e+01  9.980361244741834525e+02  9.981136766865115533e+02  9.981750068491567163e+02  1.000205763195116015e+04
285 5701 4.156680e-01 2.390780e+01  9.980361244741834525e+02  9.981054654938305930e+02  9.981733665706639158e+02  1.000204058373910266e+04
286 5721 4.151192e-01 2.391237e+01  9.980361244741834525e+02  9.981066166851020398e+02  9.981475045092698792e+02  1.000201492337370837e+04
287 5741 4.150366e-01 2.391443e+01  9.980361244741834525e+02  9.981171093804088059e+02  9.981925829440526741e+02  9.994190266146542854e+02
288 5761 4.147712e-01 2.392306e+01  9.980361244741834525e+02  9.981116771364418128e+02  9.981653765143934152e+02  1.000202617452646336e+04
289 5781 4.151936e-01 2.393472e+01  9.980361244741834525e+02  9.981104638995049072e+02  9.981393450503678650e+02  9.993808055458715671e+02
290 5801 4.143195e-01 2.393268e+01  9.980361244741834525e+02  9.981041840870531132e+02  9.981381985703089867e+02  1.000200008403710126e+04
291 5821 4.130474e-01 2.393256e+01  9.980361244741834525e+02  9.981119482730413210e+02  9.981545704796878908e+02  1.000200446705402828e+04
292 5841 4.131849e-01 2.393549e+01  9.980361244741834525e+02  9.981008450469024638e+02  9.981911401600539193e+02  9.996131375251962936e+02
293 5861 4.115558e-01 2.393556e+01  9.980361244741834525e+02  9.981009786051459969e+02  9.981332153269885339e+02  9.993966594568894379e+02
294 5881 4.111865e-01 2.393589e+01  9.980361244741834525e+02  9.980983463397159312e+02  9.982536800207674332e+02  1.000201943284583467e+04
295 5901 4.102260e-01 2.393751e+01  9.980361244741834525e+02  9.981121574156666156e+02  9.987683606796158529e+02  1.000206121841210734e+04
296 5921 4.083641e-01 2.395120e+01  9.980361244741834525e+02  9.981050032926573294e+02  9.981669345918287490e+02  1.000203038714762624e+04
297 5941 4.069346e-01 2.394228e+01  9.980361244741834525e+02  9.981092408080801306e+02  9.981556267108462634e+02  1.000203753823427178e+04
298 5961 4.064480e-01 2.393738e+01  9.980361244741834525e+02  9.981115219810405961e+02  9.981530693293905188e+02  1.000200078544655662e+04
299 5981 4.056009e-01 2.394705e+01  9.980361244741834525e+02  9.981070519485699606e+02  9.981461721643352121e+02  1.000202940732816387e+04
300 6001 4.035593e-01 2.395201e+01  9.980361244741834525e+02  9.981119284807641634e+02  9.981982589995118360e+02  1.000205589625005268e+04
301 6021 3.998208e-01 2.395162e+01  9.980361244741834525e+02  9.981004761296572951e+02  9.982316128101767845e+02  1.000213727095583818e+04
302 6041 3.958395e-01 2.397177e+01  9.980361244741834525e+02  9.980965306251365519e+02  9.983405612773619850e+02  1.000205168835016593e+04
303 6061 3.912379e-01 2.397504e+01  9.980361244741834525e+02  9.980820873052856541e+02  9.981693315000608209e+02  1.000205385518868206e+04
304 6081 3.877359e-01 2.396950e+01  9.980361244741834525e+02  9.980817039866710729e+02  9.981424044549625023e+02  1.000273334167177381e+04
305 6101 3.846317e-01 2.397927e+01  9.980361244741834525e+02  9.980960364739752322e+02  9.982846688133183761e+02  1.000213767454274603e+04
306 6121 3.823893e-01 2.398041e+01  9.980361244741834525e+02  9.980962881529771948e+02  9.981446136227397119e+02  1.000202933779967134e+04
307 6141 3.803341e-01 2.398174e+01  9.980361244741834525e+02  9.981026845815064235e+02  9.981432680214921902e+02  1.000203406733075644e+04
308 6161 3.777728e-01 2.398330e+01  9.980361244741834525e+02  9.980929922096604514e+02  9.983017449084602504e+02  1.000203780530259064e+04
309 6181 3.742897e-01 2.399481e+01  9.980361244741834525e+02  9.980808949559751682e+02  9.981953597866884138e+02  1.000208565583647578e+04
310 6201 3.717241e-01 2.400060e+01  9.980361244741834525e+02  9.980911650322740343e+02  9.981571628999881796e+02  1.000201665683951978e+04
311 6221 3.693646e-01 2.401031e+01  9.980361244741834525e+02  9.981095601833673072e+02  9.981865048101617504e+02  1.000205176334364114e+04
312 6241 3.662604e-01 2.400579e+01  9.980361244741834525e+02  9.980862929229942893e+02  9.981268305514323629e+02  1.000201441637888638e+04
313 6261 3.634610e-01 2.400874e+01  9.980361244741834525e+02  9.980945459727223579e+02  9.983170632150324764e+02  1.000205308833194249e+04
314 6281 3.609240e-01 2.401214e+01  9.980361244741834525e+02  9.980934583038292658e+02  9.981810764181191189e+02  1.000204106158215473e+04
315 6301 3.580844e-01 2.401206e+01  9.980361244741834525e+02  9.981153948808748737e+02  9.981686648541001432e+02  1.000201588804958556e+04
316 6321 3.555854e-01 2.400518e+01  9.980361244741834525e+02  9.981069503713498534e+02  9.981306292639065987e+02  1.000202748856685139e+04
317 6341 3.534348e-01 2.401370e+01  9.980361244741834525e+02  9.981005138600304463e+02  9.981183582335926303e+02  1.000208182695398864e+04
318 6361 3.515497e-01 2.401700e+01  9.980361244741834525e+02  9.980956287866041521e+02  9.981241910521828231e+02  1.000201890536414976e+04
319 6381 3.483890e-01 2.403171e+01  9.980361244741834525e+02  9.980995432556875357e+02  9.981371039582415960e+02  1.000201060093769775e+04
320 6401 3.460179e-01 2.403282e+01  9.980361244741834525e+02  9.980937109945660950e+02  9.981374710853959868e+02  9.993346788355636363e+02
321 6421 3.437309e-01 2.403318e+01  9.980361244741834525e+02  9.980965320898638993e+02  9.981295076322397790e+02  9.996482114662957201e+02
322 6441 3.412245e-01 2.402512e+01  9.980361244741834525e+02  9.980911910447595119e+02  9.981198716680675034e+02  9.993148999806604706e+02
323 6461 3.392809e-01 2.402976e+01  9.980361244741834525e+02  9.980891508533989054e+02  9.982864703256602752e+02  1.000468505561500024e+04
324 6481 3.363824e-01 2.402484e+01  9.980361244741834525e+02  9.980891025520662652e+02  9.981827880073478809e+02  1.000202085008613176e+04
325 6501 3.343861e-01 2.402831e+01  9.980361244741834525e+02  9.980861693423777297e+02  9.981422888919225898e+02  9.993472197117883979e+02
326 6521 3.329824e-01 2.403823e+01  9.980361244741834525e+02  9.980842282094409939e+02  9.981876625815491479e+02  1.000204697854878577e+04
327 6541 3.336537e-01 2.404302e+01  9.980361244741834525e+02  9.980974391448182814e+02  9.981379786195706174e+02  1.000200602931807225e+04
328 6561 3.335610e-01 2.404449e+01  9.980361244741834525e+02  9.980933961699303154e+02  9.981510868922312056e+02  1.000202933886719438e+04
329 6581 3.343168e-01 2.403632e+01  9.980361244741834525e+02  9.980951039865287839e+02  9.981466770719134729e+02  9.993739512246636423e+02
330 6601 3.364841e-01 2.403636e+01  9.980361244741834525e+02  9.980790852196862488e+02  9.981282418761923054e+02  9.993366299902206720e+02
331 6621 3.401239e-01 2.402610e+01  9.980361244741834525e+02  9.980912005891244689e+02  9.981358050755112572e+02  9.993455222824317161e+02
332 6641 3.423937e-01 2.402013e+01  9.980361244741834525e+02  9.980877382778719493e+02  9.981169353390257584e+02  9.993354232935863593e+02
333 6661 3.439277e-01 2.403099e+01  9.980361244741834525e+02  9.980718020323674864e+02  9.981365133457572938e+02  1.000202572821669310e+04
334 6681 3.446292e-01 2.403185e+01  9.980361244741834525e+02  9.980860865018900085e+02  9.981332809043537964e+02  9.993971154756720807e+02
335 6701 3.447650e-01 2.403976e+01  9.980361244741834525e+02  9.980836999009245574e+02  9.981333802181993633e+02  1.000201799242794186e+04
336 6721 3.448269e-01 2.403319e+01  9.980361244741834525e+02  9.980865749289887390e+02  9.981132826485370515e+02  1.000200695395825642e+04
337 6741 3.472950e-01 2.403379e+01  9.980361244741834525e+02  9.980957052070247073e+02  9.981268705563654748e+02  1.000200647357915477e+04
338 6761 3.481636e-01 2.403905e+01  9.980361244741834525e+02  9.980901043488449886e+02  9.981394371405701804e+02  1.000201346404474862e+04
339 6781 3.473447e-01 2.404642e+01  9.980361244741834525e+02  9.980809959971661556e+02  9.981170994030597967e+02  1.000203160272634523e+04
340 6801 3.459898e-01 2.404787e+01  9.980361244741834525e+02  9.980904083743098454e+02  9.981300317458963036e+02  1.000203344362254757e+04
341 6821 3.443402e-01 2.405903e+01  9.980361244741834525e+02  9.980873719368951242e+02  9.981352933165865124e+02  9.992994795640914845e+02
342 6841 3.419992e-01 2.406761e+01  9.980361244741834525e+02  9.980795461976994147e+02  9.981286264868351736e+02  9.993051022985754344e+02
343 6861 3.408822e-01 2.406874e+01  9.980361244741834525e+02  9.980816342162651154e+02  9.983086504889163280e+02  1.000200362513227810e+04
344 6881 3.391383e-01 2.406701e+01  9.980361244741834525e+02  9.980780514310138187e+02  9.981422636767786116e+02  9.997152944155353680e+02
345 6901 3.370392e-01 2.404658e+01  9.980361244741834525e+02  9.980877024904331165e+02  9.981306591175930407e+02  9.993460511854455035e+02
346 6921 3.361516e-01 2.404795e+01  9.980361244741834525e+02  9.980926277580202850e+02  9.988006243035441685e+02  9.993635429453810275e+02
347 6941 3.343567e-01 2.405378e+01  9.980361244741834525e+02  9.980875727011798517e+02  9.981123449318546363e+02  1.000203758901594665e+04
348 6961 3.334814e-01 2.405497e+01  9.980361244741834525e+02  9.980928142026441492e+02  9.982056504468739604e+02  1.000206194662047346e+04
349 6981 3.310165e-01 2.404681e+01  9.980361244741834525e+02  9.981014603150327957e+02  9.983145734491821486e+02  1.000220433159558161e+04
350 7001 3.293289e-01 2.405068e+01  9.980361244741834525e+02  9.980864779873388670e+02  9.981550062369551597e+02  1.000204114469578781e+04
351 7021 3.285010e-01 2.404754e+01  9.980361244741834525e+02  9.980966452324885267e+02  9.981336992711758285e+02  1.000204511589880167e+04
352 7041 3.274306e-01 2.405179e+01  9.980361244741834525e+02  9.980878395844247279e+02  9.981428142615741308e+02  1.000208313236599315e+04
353 7061 3.257396e-01 2.405205e+01  9.980361244741834525e+02  9.980913676303262037e+02  9.981199655668592641e+02  1.000202155756073080e+04
354 7081 3.246804e-01 2.404548e+01  9.980361244741834525e+02  9.980853074502277877e+02  9.982849858648388590e+02  1.000214375767724596e+04
355 7101 3.247752e-01 2.404827e+01  9.980361244741834525e+02  9.980858168746249248e+02  9.982120050066387194e+02  1.000205861351898784e+04
356 7121 3.240648e-01 2.404299e+01  9.980361244741834525e+02  9.980806113325159004e+02  9.982196444899727794e+02  1.000201106907034955e+04
357 7141 3.246681e-01 2.404471e+01  9.980361244741834525e+02  9.980839431311532053e+02  9.981582716066058083e+02  1.000215656874221713e+04
358 7161 3.254532e-01 2.405140e+01  9.980361244741834525e+02  9.980857677967608197e+02  9.981752611041162027e+02  1.000202481218492358e+04
359 7181 3.244633e-01 2.406426e+01  9.980361244741834525e+02  9.980832643465579395e+02  9.981827328223632776e+02  1.000201480861653363e+04
360 7201 3.268652e-01 2.406173e+01  9.980361244741834525e+02  9.980750387202532465e+02  9.981374613599527947e+02  9.993452780353808294e+02
361 7221 3.281988e-01 2.405793e+01  9.980361244741834525e+02  9.980914493120720863e+02  9.982899077692670744e+02  9.993507339358438912e+02
362 7241 3.292161e-01 2.405816e+01  9.980361244741834525e+02  9.980844293006451835e+02  9.981265939876120683e+02  1.000202934123260820e+04
363 7261 3.316689e-01 2.406559e+01  9.980361244741834525e+02  9.980866272072455558e+02  9.981451859647235096e+02  1.000211029596297885e+04
364 7281 3.335522e-01 2.405457e+01  9.980361244741834525e+02  9.980792246011715179e+02  9.981474290600119730e+02  1.000201512399126295e+04
365 7301 3.358811e-01 2.406062e+01  9.980361244741834525e+02  9.980761615010435435e+02  9.987909657391760447e+02  1.000204822988806518e+04
366 7321 3.379242e-01 2.405287e+01  9.980361244741834525e+02  9.980836583679549676e+02  9.982729097190672292e+02  1.000200564619615034e+04
367 7341 3.399087e-01 2.405107e+01  9.980361244741834525e+02  9.980828619777952326e+02  9.981787692854359193e+02  1.000210122711431723e+04
368 7361 3.425516e-01 2.405028e+01  9.980361244741834525e+02  9.980808574218996228e+02  9.981382116639296100e+02  1.000201735096951234e+04
369 7381 3.437823e-01 2.403902e+01  9.980361244741834525e+02  9.980885761938313863e+02  9.981242397908629300e+02  9.992560756243799460e+02
370 7401 3.442404e-01 2.406208e+01  9.980361244741834525e+02  9.980775039884742910e+02  9.981061113217833736e+02  9.993006629313059648e+02
371 7421 3.438171e-01 2.406386e+01  9.980361244741834525e+02  9.980771313569680387e+02  9.982045721001161382e+02  9.993510573677082220e+02
372 7441 3.428762e-01 2.406578e+01  9.980361244741834525e+02  9.980833113138090766e+02  9.981254305604202273e+02  9.992778389265935175e+02
373 7461 3.423144e-01 2.406357e+01  9.980361244741834525e+02  9.980909106412018446e+02  9.981870040619924112e+02  1.000206092422769143e+04
374 7481 3.413228e-01 2.407752e+01  9.980361244741834525e+02  9.980922171807794712e+02  9.981248891649237294e+02  9.993172463391349538e+02
375 7501 3.400706e-01 2.409107e+01  9.980361244741834525e+02  9.980909533322156904e+02  9.981220005377549569e+02  1.000215813790580796e+04
376 7521 3.386593e-01 2.409420e+01  9.980361244741834525e+02  9.980836326516794088e+02  9.981316905983931065e+02  9.993447496035441873e+02
377 7541 3.359320e-01 2.409202e+01  9.980361244741834525e+02  9.980865937444159499e+02  9.981483449656932407e+02  9.993439295876728465e+02
378 7561 3.338969e-01 2.408867e+01  9.980361244741834525e+02  9.980689680532909733e+02  9.981379855897757807e+02  9.993341117239152709e+02
379 7581 3.314697e-01 2.409521e+01  9.980361244741834525e+02  9.980802610711439229e+02  9.981502868570887586e+02  9.993177028730408438e+02
380 7601 3.298290e-01 2.408866e+01  9.980361244741834525e+02  9.980711129010886680e+02  9.981449843821376362e+02  1.000203056726437353e+04
381 7621 3.305861e-01 2.409280e+01  9.980361244741834525e+02  9.980730254095509508e+02  9.981355735988743163e+02  1.000200015086478925e+04
382 7641 3.313368e-01 2.408921e+01  9.980361244741834525e+02  9.980676464497421421e+02  9.981260695135861170e+02  1.000462800656760919e+04
383 7661 3.304275e-01 2.408999e+01  9.980361244741834525e+02  9.980736141844751046e+02  9.981310901186554929e+02  1.000201911932157054e+04
384 7681 3.290025e-01 2.410029e+01  9.980361244741834525e+02  9.980715498046622542e+02  9.981297137504894863e+02  9.996024834595122002e+02
385 7701 3.262811e-01 2.410126e+01  9.980361244741834525e+02  9.980778995741823110e+02  9.980996077200109085e+02  1.000200422158250331e+04
386 7721 3.242538e-01 2.409684e+01  9.980361244741834525e+02  9.980795276381302301e+02  9.981127146619020323e+02  1.000206324783925993e+04
387 7741 3.225386e-01 2.409970e+01  9.980361244741834525e+02  9.980827450147954778e+02  9.981190676995050808e+02  9.993241460446710107e+02
388 7761 3.207469e-01 2.410893e+01  9.980361244741834525e+02  9.980615560928800960e+02  9.981217606408944221e+02  1.000201284587800001e+04
389 7781 3.190558e-01 2.410944e+01  9.980361244741834525e+02  9.980711906994791889e+02  9.981499057722794532e+02  1.000211488249450304e+04
390 7801 3.170564e-01 2.412645e+01  9.980361244741834525e+02  9.980736756274309300e+02  9.981055122253324043e+02  1.000204263113760135e+04
391 7821 3.142477e-01 2.413887e+01  9.980361244741834525e+02  9.980840835020337636e+02  9.981327208360378336e+02  1.000202108335638150e+04
392 7841 3.104957e-01 2.414086e+01  9.980361244741834525e+02  9.980725109454821222e+02  9.981285101026105622e+02  9.992778835958844184e+02
393 7861 3.065491e-01 2.412802e+01  9.980361244741834525e+02  9.980715723001197830e+02  9.981377302291749629e+02  1.000200859985988791e+04
394 7881 3.038467e-01 2.411889e+01  9.980361244741834525e+02  9.980785275925999258e+02  9.981023547282538857e+02  1.000202075264664199e+04
395 7901 3.014218e-01 2.411936e+01  9.980361244741834525e+02  9.980615498726591568e+02  9.980976537101523718e+02  9.998632049960219774e+02
396 7921 2.988920e-01 2.412466e+01  9.980361244741834525e+02  9.980758451888179934e+02  9.982621043536628349e+02  1.000209521500855044e+04
397 7941 2.956830e-01 2.412636e+01  9.980361244741834525e+02  9.980755935470924669e+02  9.982200086800681902e+02  1.000203753168064941e+04
398 7961 2.916658e-01 2.412315e+01  9.980361244741834525e+02  9.980698638069395656e+02  9.981771006576043419e+02  1.000205132914102978e+04
399 7981 2.894144e-01 2.412949e+01  9.980361244741834525e+02  9.980697468178304916e+02  9.981169427565129126e+02  1.000201885999680053e+04
400 8001 2.875705e-01 2.412948e+01  9.980361244741834525e+02  9.980757797656840467e+02  9.982210158246178935e+02  1.000204014035934415e+04
