%  columns="iteration, evaluation, sigma, axis ratio, bestever, best, median, worst fitness function value, further objective values of best" (startseed=210349, 2017/09/14 2:50:11.50)
1 21 1.069940e+00 2.242314e+01  1.994990899190086338e+03  1.000233467527063112e+04  1.000298786860924520e+04  1.000596200163730828e+04
2 41 1.025630e+00 2.243048e+01  1.994990899190086338e+03  1.000230271057150094e+04  1.000283528520595610e+04  1.000364993469220099e+04
3 61 9.895078e-01 2.245473e+01  1.994990899190086338e+03  1.000221060209803909e+04  1.000270709563596392e+04  1.000512672861891406e+04
4 81 9.635888e-01 2.246565e+01  1.994990899190086338e+03  1.000219834613433886e+04  1.000260089033607801e+04  1.000357877464731246e+04
5 101 9.403453e-01 2.247074e+01  1.994990899190086338e+03  1.000228240640881450e+04  1.000257092905139507e+04  1.000367729330965449e+04
6 121 9.212498e-01 2.247578e+01  1.994990899190086338e+03  1.000215882801739281e+04  1.000252421303816664e+04  1.000374384125443612e+04
7 141 9.078730e-01 2.249879e+01  1.994990899190086338e+03  1.000215372938485234e+04  1.000255922865558568e+04  1.000447005672083287e+04
8 161 8.955411e-01 2.250218e+01  1.994990899190086338e+03  1.000224019048839182e+04  1.000262436058485036e+04  1.000317345729557746e+04
9 181 8.864697e-01 2.251385e+01  1.994990899190086338e+03  1.000230492331139067e+04  1.000257287674338659e+04  1.000451206654683847e+04
10 201 8.814309e-01 2.251838e+01  1.994990899190086338e+03  1.000224011248711031e+04  1.000251948594451460e+04  1.000328215012161490e+04
11 221 8.809323e-01 2.252409e+01  1.994990899190086338e+03  1.000228286579927226e+04  1.000260917718455312e+04  1.000410787443969457e+04
12 241 8.811040e-01 2.252502e+01  1.994990899190086338e+03  1.000230036442518576e+04  1.000247098065330465e+04  1.000374155370565677e+04
13 261 8.822430e-01 2.253504e+01  1.994990899190086338e+03  1.000233782159674956e+04  1.000254305887369628e+04  1.000340121244506736e+04
14 281 8.820473e-01 2.253678e+01  1.994990899190086338e+03  1.000228418519105071e+04  1.000254660880899974e+04  1.000347762565533958e+04
15 301 8.815974e-01 2.254226e+01  1.994990899190086338e+03  1.000235203579389781e+04  1.000260925091666104e+04  1.000280576914362973e+04
16 321 8.812607e-01 2.255379e+01  1.994990899190086338e+03  1.000231973555530385e+04  1.000253557697635915e+04  1.000355929208326233e+04
17 341 8.824758e-01 2.256025e+01  1.994990899190086338e+03  1.000223334389177035e+04  1.000253410687255018e+04  1.000357955550478073e+04
18 361 8.837942e-01 2.256323e+01  1.994990899190086338e+03  1.000232614182129328e+04  1.000256331207738913e+04  1.000369669360610715e+04
19 381 8.856636e-01 2.256696e+01  1.994990899190086338e+03  1.000234590277051757e+04  1.000248119574880911e+04  1.000302973572580231e+04
20 401 8.842830e-01 2.257725e+01  1.994990899190086338e+03  1.000235325166138682e+04  1.000259688493438080e+04  1.000339291428328033e+04
21 421 8.864264e-01 2.259399e+01  1.994990899190086338e+03  1.000242229413311907e+04  1.000265551741540003e+04  1.000354280764652685e+04
22 441 8.863404e-01 2.260187e+01  1.994990899190086338e+03  1.000232164923042183e+04  1.000253713097132822e+04  1.000333158982582609e+04
23 461 8.791627e-01 2.260761e+01  1.994990899190086338e+03  1.000230397811831608e+04  1.000260072969350222e+04  1.000334109160658954e+04
24 481 8.788922e-01 2.262392e+01  1.994990899190086338e+03  1.000233549399947879e+04  1.000255109316300513e+04  1.000301319995039012e+04
25 501 8.740210e-01 2.263167e+01  1.994990899190086338e+03  1.000232855516545169e+04  1.000263632539863829e+04  1.000337293566640255e+04
26 521 8.725795e-01 2.264066e+01  1.994990899190086338e+03  1.000225860147461390e+04  1.000258379144651553e+04  1.000333361474564663e+04
27 541 8.676041e-01 2.263904e+01  1.994990899190086338e+03  1.000232645693157792e+04  1.000259959533375513e+04  1.000354127693164446e+04
28 561 8.633143e-01 2.264754e+01  1.994990899190086338e+03  1.000226619340978868e+04  1.000248010681052256e+04  1.000301076279399604e+04
29 581 8.585425e-01 2.265189e+01  1.994990899190086338e+03  1.000234544953179648e+04  1.000262036902727414e+04  1.000303000579216678e+04
30 601 8.579665e-01 2.265825e+01  1.994990899190086338e+03  1.000236651281916966e+04  1.000257093456160874e+04  1.000314479833591759e+04
31 621 8.590444e-01 2.266455e+01  1.994990899190086338e+03  1.000229251504838066e+04  1.000249406294385699e+04  1.000323174778424436e+04
32 641 8.565700e-01 2.267158e+01  1.994990899190086338e+03  1.000232067395191370e+04  1.000263961948139695e+04  1.000359465684346651e+04
33 661 8.562924e-01 2.267797e+01  1.994990899190086338e+03  1.000230819708585841e+04  1.000254789613511457e+04  1.000340632379346061e+04
34 681 8.608887e-01 2.269037e+01  1.994990899190086338e+03  1.000229188659252941e+04  1.000258295266072128e+04  1.000374945044898413e+04
35 701 8.675756e-01 2.269593e+01  1.994990899190086338e+03  1.000231881642538247e+04  1.000250698562058460e+04  1.000328707627789663e+04
36 721 8.717201e-01 2.269449e+01  1.994990899190086338e+03  1.000234373886705362e+04  1.000255447227603509e+04  1.000329325198773768e+04
37 741 8.742388e-01 2.269288e+01  1.994990899190086338e+03  1.000234434029130898e+04  1.000257738699783658e+04  1.000350191259760140e+04
38 761 8.753053e-01 2.268974e+01  1.994990899190086338e+03  1.000232301207583259e+04  1.000258931912992193e+04  1.000362062404277276e+04
39 781 8.737624e-01 2.268953e+01  1.994990899190086338e+03  1.000231158692455574e+04  1.000250868756880300e+04  1.000283031538769501e+04
40 801 8.710501e-01 2.269384e+01  1.994990899190086338e+03  1.000236475717289795e+04  1.000250077635484195e+04  1.000300054497819110e+04
41 821 8.682283e-01 2.270145e+01  1.994990899190086338e+03  1.000241590115684630e+04  1.000256269054862787e+04  1.000344185587334141e+04
42 841 8.623329e-01 2.270178e+01  1.994990899190086338e+03  1.000227915556839980e+04  1.000258210905190390e+04  1.000343384353158763e+04
43 861 8.598587e-01 2.270504e+01  1.994990899190086338e+03  1.000228132500046377e+04  1.000254037223475098e+04  1.000298130669513557e+04
44 881 8.566201e-01 2.271687e+01  1.994990899190086338e+03  1.000238499170678369e+04  1.000264057859440800e+04  1.000330593706621221e+04
45 901 8.553190e-01 2.271062e+01  1.994990899190086338e+03  1.000232957006287324e+04  1.000250437824297842e+04  1.000285145526671477e+04
46 921 8.529962e-01 2.273077e+01  1.994990899190086338e+03  1.000237773523019860e+04  1.000256414712448168e+04  1.000351398888652875e+04
47 941 8.533389e-01 2.273072e+01  1.994990899190086338e+03  1.000226802108053926e+04  1.000255668440658337e+04  1.000282178829056647e+04
48 961 8.493233e-01 2.273638e+01  1.994990899190086338e+03  1.000237384845661654e+04  1.000259704295308256e+04  1.000359575223278262e+04
49 981 8.482430e-01 2.274510e+01  1.994990899190086338e+03  1.000224654035740241e+04  1.000252741023734416e+04  1.000272617499302396e+04
50 1001 8.509087e-01 2.275760e+01  1.994990899190086338e+03  1.000236627933849559e+04  1.000257452003261278e+04  1.000361578527845086e+04
51 1021 8.522833e-01 2.276755e+01  1.994990899190086338e+03  1.000234309786557969e+04  1.000257435707042350e+04  1.000309993648581985e+04
52 1041 8.508040e-01 2.277618e+01  1.994990899190086338e+03  1.000223972694716031e+04  1.000262895728258081e+04  1.000404066944088481e+04
53 1061 8.461572e-01 2.279606e+01  1.994990899190086338e+03  1.000214618336438070e+04  1.000255873180990966e+04  1.000291030192689323e+04
54 1081 8.377013e-01 2.280489e+01  1.994990899190086338e+03  1.000232941415272580e+04  1.000251916839091791e+04  1.000363910355889675e+04
55 1101 8.271380e-01 2.281579e+01  1.994990899190086338e+03  1.000237392996699964e+04  1.000252725318229204e+04  1.000311168665934201e+04
56 1121 8.208517e-01 2.282388e+01  1.994990899190086338e+03  1.000233182701952319e+04  1.000242413126162501e+04  1.000284968523903808e+04
57 1141 8.170860e-01 2.282879e+01  1.994990899190086338e+03  1.000232733007873139e+04  1.000252407397095158e+04  1.000318614470903231e+04
58 1161 8.139449e-01 2.283372e+01  1.994990899190086338e+03  1.000231637205081279e+04  1.000253484776797268e+04  1.000325312228341863e+04
59 1181 8.063847e-01 2.283494e+01  1.994990899190086338e+03  1.000230764954729784e+04  1.000253557548084609e+04  1.000377547155226603e+04
60 1201 7.996986e-01 2.284224e+01  1.994990899190086338e+03  1.000228441801992267e+04  1.000245853029126556e+04  1.000282471646005251e+04
61 1221 7.956336e-01 2.284333e+01  1.994990899190086338e+03  1.000224254215151268e+04  1.000247152075781196e+04  1.000377843293404294e+04
62 1241 7.913119e-01 2.284368e+01  1.994990899190086338e+03  1.000228783581487369e+04  1.000254483075510689e+04  1.000338458122736665e+04
63 1261 7.879280e-01 2.285381e+01  1.994990899190086338e+03  1.000224630986832562e+04  1.000248326496679874e+04  1.000288718082650485e+04
64 1281 7.839314e-01 2.285796e+01  1.994990899190086338e+03  1.000223288747199695e+04  1.000247970060650186e+04  1.000332841119379009e+04
65 1301 7.821518e-01 2.285612e+01  1.994990899190086338e+03  1.000224529126595007e+04  1.000239753866591127e+04  1.000349232613917957e+04
66 1321 7.775938e-01 2.285630e+01  1.994990899190086338e+03  1.000233920079885138e+04  1.000247295682036383e+04  1.000338116340777560e+04
67 1341 7.723621e-01 2.286480e+01  1.994990899190086338e+03  1.000227143240144142e+04  1.000250702420561174e+04  1.000332630199184678e+04
68 1361 7.657047e-01 2.285868e+01  1.994990899190086338e+03  1.000231911984156977e+04  1.000251332804250706e+04  1.000347275189139327e+04
69 1381 7.616945e-01 2.286170e+01  1.994990899190086338e+03  1.000226261658792100e+04  1.000245356522382099e+04  1.000268474800952754e+04
70 1401 7.614878e-01 2.285974e+01  1.994990899190086338e+03  1.000229437405186036e+04  1.000251849044528899e+04  1.000311817824658647e+04
71 1421 7.593898e-01 2.286109e+01  1.994990899190086338e+03  1.000227580148783636e+04  1.000251582926075935e+04  1.000345704362072320e+04
72 1441 7.550329e-01 2.286565e+01  1.994990899190086338e+03  1.000235519303642650e+04  1.000255420484836941e+04  1.000361595848780598e+04
73 1461 7.489702e-01 2.287279e+01  1.994990899190086338e+03  1.000224288357782643e+04  1.000246472407551482e+04  1.000312552620806127e+04
74 1481 7.456184e-01 2.288718e+01  1.994990899190086338e+03  1.000230145967679528e+04  1.000244409180346338e+04  1.000369765720830037e+04
75 1501 7.423177e-01 2.290290e+01  1.994990899190086338e+03  1.000224671544453122e+04  1.000245590864727637e+04  1.000364080011534497e+04
76 1521 7.392400e-01 2.290926e+01  1.994990899190086338e+03  1.000222498627585264e+04  1.000241639177488833e+04  1.000260382766106522e+04
77 1541 7.369328e-01 2.291078e+01  1.994990899190086338e+03  1.000229394691546804e+04  1.000243683162676643e+04  1.000351522650731386e+04
78 1561 7.357261e-01 2.291309e+01  1.994990899190086338e+03  1.000223616511712316e+04  1.000237413048190501e+04  1.000358191779341723e+04
79 1581 7.337863e-01 2.291537e+01  1.994990899190086338e+03  1.000223195496365588e+04  1.000246409101038262e+04  1.000357177387516458e+04
80 1601 7.267808e-01 2.292263e+01  1.994990899190086338e+03  1.000229239525454614e+04  1.000240557588372030e+04  1.000265403424369106e+04
81 1621 7.189133e-01 2.294018e+01  1.994990899190086338e+03  1.000222789240936072e+04  1.000234357885633290e+04  1.000350325204021465e+04
82 1641 7.125648e-01 2.295072e+01  1.994990899190086338e+03  1.000222075228401263e+04  1.000235229511833313e+04  1.000371677050092148e+04
83 1661 7.077747e-01 2.295392e+01  1.994990899190086338e+03  1.000225343928265465e+04  1.000240012176778691e+04  1.000348477023634223e+04
84 1681 7.016740e-01 2.295939e+01  1.994990899190086338e+03  1.000222674705348072e+04  1.000237657479373956e+04  1.000326701743881131e+04
85 1701 6.971860e-01 2.296314e+01  1.994990899190086338e+03  1.000223397978056528e+04  1.000236359405974508e+04  1.000344566248290175e+04
86 1721 6.962219e-01 2.297397e+01  1.994990899190086338e+03  1.000223564224104848e+04  1.000234048639659886e+04  1.000253887738811136e+04
87 1741 6.951303e-01 2.297804e+01  1.994990899190086338e+03  1.000222733369334310e+04  1.000237314375225833e+04  1.000263729434559355e+04
88 1761 6.912355e-01 2.299488e+01  1.994990899190086338e+03  1.000220239019766268e+04  1.000242565712702526e+04  1.000265713790727204e+04
89 1781 6.860309e-01 2.300668e+01  1.994990899190086338e+03  1.000220873702696554e+04  1.000231084953691970e+04  1.000272764009794446e+04
90 1801 6.819705e-01 2.303147e+01  1.994990899190086338e+03  1.000221860411360467e+04  1.000238870939325352e+04  1.000358852269538511e+04
91 1821 6.796130e-01 2.303872e+01  1.994990899190086338e+03  1.000219187039715325e+04  1.000232755424298739e+04  1.000286507733453982e+04
92 1841 6.777792e-01 2.305132e+01  1.994990899190086338e+03  1.000214314955138252e+04  1.000232721632527318e+04  1.000345255491654461e+04
93 1861 6.747511e-01 2.306241e+01  1.994990899190086338e+03  1.000219112782481716e+04  1.000235762455378062e+04  1.000299406854663175e+04
94 1881 6.695593e-01 2.308164e+01  1.994990899190086338e+03  1.000217654373899131e+04  1.000230583978181676e+04  1.000260645521444894e+04
95 1901 6.649464e-01 2.308856e+01  1.994990899190086338e+03  1.000215152150128779e+04  1.000232873247736825e+04  1.000343594018825388e+04
96 1921 6.630042e-01 2.309109e+01  1.994990899190086338e+03  1.000217548909721154e+04  1.000231681856418072e+04  1.000342315530320593e+04
97 1941 6.569338e-01 2.311436e+01  1.994990899190086338e+03  1.000214977779006949e+04  1.000228861341731317e+04  1.000263977545212038e+04
98 1961 6.518206e-01 2.311670e+01  1.994990899190086338e+03  1.000210192115352766e+04  1.000239555927024776e+04  1.000262493068408003e+04
99 1981 6.446535e-01 2.313055e+01  1.994990899190086338e+03  1.000215632563192776e+04  1.000229359100777219e+04  1.000257918317056829e+04
100 2001 6.374618e-01 2.312572e+01  1.994990899190086338e+03  1.000217573901195647e+04  1.000227979230502024e+04  1.000257518259734570e+04
101 2021 6.354003e-01 2.312599e+01  1.994990899190086338e+03  1.000213574510858052e+04  1.000230653010739479e+04  1.000261027723092411e+04
102 2041 6.345820e-01 2.313445e+01  1.994990899190086338e+03  1.000214319488512774e+04  1.000232677630844228e+04  1.000347946023733493e+04
103 2061 6.333123e-01 2.313361e+01  1.994990899190086338e+03  1.000215938749314773e+04  1.000230492310368572e+04  1.000261975065757179e+04
104 2081 6.321109e-01 2.314200e+01  1.994990899190086338e+03  1.000213518916917747e+04  1.000233485958584424e+04  1.000338586055207270e+04
105 2101 6.326250e-01 2.314562e+01  1.994990899190086338e+03  1.000218226569885519e+04  1.000235948849183478e+04  1.000325913862745256e+04
106 2121 6.322718e-01 2.317030e+01  1.994990899190086338e+03  1.000213285889078543e+04  1.000228252176647766e+04  1.000252194123209665e+04
107 2141 6.334728e-01 2.317442e+01  1.994990899190086338e+03  1.000219421997534118e+04  1.000231801242959045e+04  1.000367575999119981e+04
108 2161 6.358106e-01 2.318106e+01  1.994990899190086338e+03  1.000209873625016007e+04  1.000234065826210826e+04  1.000329786652442635e+04
109 2181 6.342850e-01 2.317808e+01  1.994990899190086338e+03  1.000216853297734997e+04  1.000231498217026092e+04  1.000253413244764852e+04
110 2201 6.312199e-01 2.319746e+01  1.994990899190086338e+03  1.000207719807043759e+04  1.000229918950834690e+04  1.000317402743304046e+04
111 2221 6.263310e-01 2.320531e+01  1.994990899190086338e+03  1.000214526921455399e+04  1.000230484570143199e+04  1.000255709763896630e+04
112 2241 6.204758e-01 2.320809e+01  1.994990899190086338e+03  1.000217492849340306e+04  1.000229398854184183e+04  1.000355777034965831e+04
113 2261 6.163392e-01 2.322268e+01  1.994990899190086338e+03  1.000221463020285591e+04  1.000230690209331988e+04  1.000383497601501767e+04
114 2281 6.132984e-01 2.324148e+01  1.994990899190086338e+03  1.000211883555715758e+04  1.000228963590354397e+04  1.000344789990818572e+04
115 2301 6.141038e-01 2.325445e+01  1.994990899190086338e+03  1.000211835111853179e+04  1.000225681984484982e+04  1.000348364773568392e+04
116 2321 6.166071e-01 2.325430e+01  1.994990899190086338e+03  1.000213642904760127e+04  1.000226615535178280e+04  1.000251621804818205e+04
117 2341 6.205726e-01 2.325899e+01  1.994990899190086338e+03  1.000214944998550527e+04  1.000226897267987442e+04  1.000267342188321163e+04
118 2361 6.281251e-01 2.327011e+01  1.994990899190086338e+03  1.000214210978450865e+04  1.000234656639288369e+04  1.000351711452909149e+04
119 2381 6.342426e-01 2.327660e+01  1.994990899190086338e+03  1.000214126026956183e+04  1.000226879285418545e+04  1.000243569568740349e+04
120 2401 6.403755e-01 2.329861e+01  1.994990899190086338e+03  1.000215988809337614e+04  1.000230993036812288e+04  1.000263743877967318e+04
121 2421 6.434941e-01 2.329743e+01  1.994990899190086338e+03  1.000214911841731737e+04  1.000230371070305773e+04  1.000265731207746103e+04
122 2441 6.486729e-01 2.331078e+01  1.994990899190086338e+03  1.000214961326658886e+04  1.000232986730292760e+04  1.000296301762660732e+04
123 2461 6.496131e-01 2.331967e+01  1.994990899190086338e+03  1.000215847640295397e+04  1.000232015248614516e+04  1.000250792392330368e+04
124 2481 6.509408e-01 2.332301e+01  1.994990899190086338e+03  1.000214791716528998e+04  1.000228688942069857e+04  1.000255587388707863e+04
125 2501 6.523541e-01 2.332364e+01  1.994990899190086338e+03  1.000212946019250376e+04  1.000225979150220519e+04  1.000244880702196861e+04
126 2521 6.502608e-01 2.333406e+01  1.994990899190086338e+03  1.000211666503976085e+04  1.000230053774583575e+04  1.000355180863949136e+04
127 2541 6.472079e-01 2.334597e+01  1.994990899190086338e+03  1.000216243970558753e+04  1.000226818050545990e+04  1.000259583834911609e+04
128 2561 6.420218e-01 2.335680e+01  1.994990899190086338e+03  1.000220911762522155e+04  1.000231448241312319e+04  1.000292419120140221e+04
129 2581 6.398562e-01 2.336464e+01  1.994990899190086338e+03  1.000213069861833537e+04  1.000233034933455201e+04  1.000245084606355522e+04
130 2601 6.381885e-01 2.338282e+01  1.994990899190086338e+03  1.000214887909287245e+04  1.000233611972930885e+04  1.000257256451462490e+04
131 2621 6.371246e-01 2.338888e+01  1.994990899190086338e+03  1.000216641040091417e+04  1.000234382819181701e+04  1.000292755605074308e+04
132 2641 6.344387e-01 2.339508e+01  1.994990899190086338e+03  1.000218069058959009e+04  1.000230951319883388e+04  1.000369287599577365e+04
133 2661 6.332621e-01 2.341005e+01  1.994990899190086338e+03  1.000211182708315573e+04  1.000229171164477884e+04  1.000319563694186218e+04
134 2681 6.333431e-01 2.343952e+01  1.994990899190086338e+03  1.000211325460593616e+04  1.000225995444241198e+04  1.000265231006210706e+04
135 2701 6.317181e-01 2.344911e+01  1.994990899190086338e+03  1.000210502652073410e+04  1.000230238835252021e+04  1.000287722214130918e+04
136 2721 6.304716e-01 2.345607e+01  1.994990899190086338e+03  1.000216047630564935e+04  1.000225228157055972e+04  1.000244220505675912e+04
137 2741 6.312973e-01 2.346535e+01  1.994990899190086338e+03  1.000214334476315526e+04  1.000227690146459281e+04  1.000255143229261193e+04
138 2761 6.349063e-01 2.347322e+01  1.994990899190086338e+03  1.000214579067490376e+04  1.000228710671985755e+04  1.000353147661741423e+04
139 2781 6.400827e-01 2.348411e+01  1.994990899190086338e+03  1.000211293110799124e+04  1.000226079923542420e+04  1.000246785412302961e+04
140 2801 6.417936e-01 2.349980e+01  1.994990899190086338e+03  1.000209306614177149e+04  1.000224616846583376e+04  1.000248236647515296e+04
141 2821 6.407818e-01 2.351868e+01  1.994990899190086338e+03  1.000212384037045558e+04  1.000229092273738752e+04  1.000260896286221578e+04
142 2841 6.356021e-01 2.351858e+01  1.994990899190086338e+03  1.000214417615938328e+04  1.000230909997648996e+04  1.000258968002475740e+04
143 2861 6.266012e-01 2.353072e+01  1.994990899190086338e+03  1.000218940620253125e+04  1.000233945263619535e+04  1.000361893414639599e+04
144 2881 6.212703e-01 2.354347e+01  1.994990899190086338e+03  1.000208003713365724e+04  1.000223574682283288e+04  1.000239420528472147e+04
145 2901 6.149058e-01 2.354735e+01  1.994990899190086338e+03  1.000209156448089561e+04  1.000221852555893929e+04  1.000241995384335678e+04
146 2921 6.107253e-01 2.354958e+01  1.994990899190086338e+03  1.000207754484101497e+04  1.000224486866983898e+04  1.000323390831342113e+04
147 2941 6.070286e-01 2.355993e+01  1.994990899190086338e+03  1.000216222467155603e+04  1.000223885503223573e+04  1.000336878846501895e+04
148 2961 6.040787e-01 2.357140e+01  1.994990899190086338e+03  1.000212324775024172e+04  1.000226950887622297e+04  1.000248258809283834e+04
149 2981 6.009205e-01 2.357603e+01  1.994990899190086338e+03  1.000209402255831446e+04  1.000222224354469290e+04  1.000240222616354185e+04
150 3001 5.970783e-01 2.358020e+01  1.994990899190086338e+03  1.000213056372094252e+04  1.000230303548569645e+04  1.000269540900044376e+04
151 3021 5.914303e-01 2.359324e+01  1.994990899190086338e+03  1.000210820014984711e+04  1.000221052046907425e+04  1.000241986612304936e+04
152 3041 5.828760e-01 2.360950e+01  1.994990899190086338e+03  1.000207403802624503e+04  1.000219816039699435e+04  1.000247912576748240e+04
153 3061 5.763030e-01 2.363485e+01  1.994990899190086338e+03  1.000206544375974772e+04  1.000219316753711610e+04  1.000229966664620042e+04
154 3081 5.686656e-01 2.364398e+01  1.994990899190086338e+03  1.000207126483234606e+04  1.000218987102297251e+04  1.000253558787830298e+04
155 3101 5.602944e-01 2.364479e+01  1.994990899190086338e+03  1.000209007861303689e+04  1.000218872083927272e+04  1.000258615003249542e+04
156 3121 5.559657e-01 2.364786e+01  1.994990899190086338e+03  1.000209630947534788e+04  1.000224039703713788e+04  1.000348345364346642e+04
157 3141 5.517517e-01 2.366661e+01  1.994990899190086338e+03  1.000209964831292200e+04  1.000223211800449280e+04  1.000330236472010074e+04
158 3161 5.467927e-01 2.367436e+01  1.994990899190086338e+03  1.000209225660886113e+04  1.000222114075302306e+04  1.000279995552966284e+04
159 3181 5.405622e-01 2.368347e+01  1.994990899190086338e+03  1.000209578905155649e+04  1.000217907188954632e+04  1.000241133792794244e+04
160 3201 5.345004e-01 2.368612e+01  1.994990899190086338e+03  1.000212075779803854e+04  1.000217268933253945e+04  1.000265690638075466e+04
161 3221 5.276253e-01 2.369671e+01  1.994990899190086338e+03  1.000209945354813863e+04  1.000220870440943872e+04  1.000254561868875862e+04
162 3241 5.230964e-01 2.370492e+01  1.994990899190086338e+03  1.000205434080330269e+04  1.000221156767793036e+04  1.000345693306510657e+04
163 3261 5.197234e-01 2.374152e+01  1.994990899190086338e+03  1.000205703109252499e+04  1.000219304708467098e+04  1.000353679653959625e+04
164 3281 5.162495e-01 2.375342e+01  1.994990899190086338e+03  1.000202454991124796e+04  1.000216125639098391e+04  1.000278410316262125e+04
165 3301 5.127286e-01 2.375500e+01  1.994990899190086338e+03  1.000205955595874002e+04  1.000217271587867799e+04  1.000241192445730849e+04
166 3321 5.101927e-01 2.377611e+01  1.994990899190086338e+03  1.000207577015928655e+04  1.000219447697253418e+04  1.000341521912844473e+04
167 3341 5.120231e-01 2.378988e+01  1.994990899190086338e+03  1.000204794186517938e+04  1.000216653547655551e+04  1.000233245029643331e+04
168 3361 5.136910e-01 2.379935e+01  1.994990899190086338e+03  1.000207069119750122e+04  1.000215465847628184e+04  1.000233333074150323e+04
169 3381 5.160068e-01 2.380380e+01  1.994990899190086338e+03  1.000206804156944418e+04  1.000221289663700736e+04  1.000306720394052172e+04
170 3401 5.174134e-01 2.380424e+01  1.994990899190086338e+03  1.000207654634505889e+04  1.000219418085077996e+04  1.000295223077288028e+04
171 3421 5.188355e-01 2.381549e+01  1.994990899190086338e+03  1.000206090841185505e+04  1.000214111581723409e+04  1.000244592072907471e+04
172 3441 5.183057e-01 2.382525e+01  1.994990899190086338e+03  1.000202794278409419e+04  1.000219130184410096e+04  1.000230275519366842e+04
173 3461 5.173754e-01 2.382375e+01  1.994990899190086338e+03  1.000209719073771521e+04  1.000218870435676217e+04  1.000285608910199335e+04
174 3481 5.180138e-01 2.382541e+01  1.994990899190086338e+03  1.000210391595935653e+04  1.000219649666356054e+04  1.000250686104718079e+04
175 3501 5.189271e-01 2.385113e+01  1.994990899190086338e+03  1.000205771403874496e+04  1.000220532465657016e+04  1.000309379210055886e+04
176 3521 5.211423e-01 2.385415e+01  1.994990899190086338e+03  1.000206705823814082e+04  1.000219565301487273e+04  1.000339284637532000e+04
177 3541 5.231011e-01 2.386091e+01  1.994990899190086338e+03  1.000208426984248763e+04  1.000221656149150476e+04  1.000333207319161556e+04
178 3561 5.237111e-01 2.386811e+01  1.994990899190086338e+03  1.000204417815667875e+04  1.000220390930310896e+04  1.000255362386061643e+04
179 3581 5.263558e-01 2.389045e+01  1.994990899190086338e+03  1.000204404942051588e+04  1.000218202872812071e+04  1.000269038922878281e+04
180 3601 5.271238e-01 2.389751e+01  1.994990899190086338e+03  1.000212656897465786e+04  1.000222029001466581e+04  1.000250296089376934e+04
181 3621 5.243278e-01 2.390469e+01  1.994990899190086338e+03  1.000206407218781897e+04  1.000219932773418623e+04  1.000330044356337748e+04
182 3641 5.192501e-01 2.392022e+01  1.994990899190086338e+03  1.000205964192388637e+04  1.000215145627443781e+04  1.000251374417146872e+04
183 3661 5.158537e-01 2.392482e+01  1.994990899190086338e+03  1.000203740960849791e+04  1.000213392664015555e+04  1.000246868112429911e+04
184 3681 5.127040e-01 2.393081e+01  1.994990899190086338e+03  1.000208942095824750e+04  1.000223973809409108e+04  1.000276823514685384e+04
185 3701 5.119745e-01 2.393150e+01  1.994990899190086338e+03  1.000204368765484651e+04  1.000216023706479245e+04  1.000240484245001608e+04
186 3721 5.104819e-01 2.393459e+01  1.994990899190086338e+03  1.000205205358039166e+04  1.000219149867003944e+04  1.000264776593644274e+04
187 3741 5.077278e-01 2.393166e+01  1.994990899190086338e+03  1.000203171943218331e+04  1.000218067935296131e+04  1.000338825271370843e+04
188 3761 5.057824e-01 2.393386e+01  1.994990899190086338e+03  1.000206211998086292e+04  1.000216959713560937e+04  1.000266956154313266e+04
189 3781 5.047420e-01 2.394152e+01  1.994990899190086338e+03  1.000207896822241855e+04  1.000217022970686048e+04  1.000342531761052123e+04
190 3801 4.997746e-01 2.394190e+01  1.994990899190086338e+03  1.000202952206743976e+04  1.000217929304054633e+04  1.000291643619421848e+04
191 3821 4.957052e-01 2.394804e+01  1.994990899190086338e+03  1.000206094360570569e+04  1.000217477601192513e+04  1.000259673839918469e+04
192 3841 4.914688e-01 2.395150e+01  1.994990899190086338e+03  1.000205833378090574e+04  1.000218019461423501e+04  1.000227922620773279e+04
193 3861 4.899559e-01 2.395105e+01  1.994990899190086338e+03  1.000203102421336735e+04  1.000214966161412303e+04  1.000263258924482943e+04
194 3881 4.899461e-01 2.395342e+01  1.994990899190086338e+03  1.000210621095630449e+04  1.000223663078545724e+04  1.000494796677295199e+04
195 3901 4.894805e-01 2.395562e+01  1.994990899190086338e+03  1.000209209148055561e+04  1.000218681658773494e+04  1.000232310120139118e+04
196 3921 4.883038e-01 2.395737e+01  1.994990899190086338e+03  1.000206334574241191e+04  1.000216238796129619e+04  1.000342461644563627e+04
197 3941 4.878673e-01 2.396855e+01  1.994990899190086338e+03  1.000206272973122032e+04  1.000215363120327856e+04  1.000246203017353218e+04
198 3961 4.866186e-01 2.398158e+01  1.994990899190086338e+03  1.000207741997780067e+04  1.000216287520557671e+04  1.000235578033353704e+04
199 3981 4.848471e-01 2.398565e+01  1.994990899190086338e+03  1.000206948951143022e+04  1.000215727085725666e+04  1.000225008405220979e+04
200 4001 4.825533e-01 2.398746e+01  1.994990899190086338e+03  1.000204325687377059e+04  1.000216758242782817e+04  1.000238387729609531e+04
201 4021 4.815808e-01 2.399685e+01  1.994990899190086338e+03  1.000208031051711441e+04  1.000216474243674747e+04  1.000235166176096027e+04
202 4041 4.785693e-01 2.399747e+01  1.994990899190086338e+03  1.000207423303767791e+04  1.000215036362324827e+04  1.000226041628880012e+04
203 4061 4.758995e-01 2.399645e+01  1.994990899190086338e+03  1.000202130972767009e+04  1.000217379825465468e+04  1.000234969922541677e+04
204 4081 4.738771e-01 2.400232e+01  1.994990899190086338e+03  1.000202356838584637e+04  1.000214996975645045e+04  1.000311788591526783e+04
205 4101 4.700233e-01 2.401175e+01  1.994990899190086338e+03  1.000204527987285292e+04  1.000214615012358627e+04  1.000232227691028856e+04
206 4121 4.653055e-01 2.401101e+01  1.994990899190086338e+03  1.000203639550225125e+04  1.000212629948099675e+04  1.000225501464890840e+04
207 4141 4.625226e-01 2.401867e+01  1.994990899190086338e+03  1.000204113305528153e+04  1.000215128643100616e+04  1.000338809640401996e+04
208 4161 4.612869e-01 2.403282e+01  1.994990899190086338e+03  1.000204378594367518e+04  1.000213917363933797e+04  1.000336398510903928e+04
209 4181 4.605376e-01 2.404509e+01  1.994990899190086338e+03  1.000205254126418913e+04  1.000215913413320777e+04  1.000539109521518185e+04
210 4201 4.580978e-01 2.405085e+01  1.994990899190086338e+03  1.000204577019591306e+04  1.000221663414494651e+04  1.000328262967792762e+04
211 4221 4.591740e-01 2.405539e+01  1.994990899190086338e+03  1.000208112430501023e+04  1.000217290320551547e+04  1.000335278991382256e+04
212 4241 4.568576e-01 2.406091e+01  1.994990899190086338e+03  1.000206574608433402e+04  1.000219069518103061e+04  1.000342912803492618e+04
213 4261 4.543875e-01 2.406001e+01  1.994990899190086338e+03  1.000206804981619098e+04  1.000218288294694503e+04  1.000545165984921186e+04
214 4281 4.535991e-01 2.407222e+01  1.994990899190086338e+03  1.000205609091885708e+04  1.000218174279288360e+04  1.000228362803151867e+04
215 4301 4.507995e-01 2.406844e+01  1.994990899190086338e+03  1.000202979832124220e+04  1.000216114075533369e+04  1.000230909496603817e+04
216 4321 4.477509e-01 2.407206e+01  1.994990899190086338e+03  1.000203244565615387e+04  1.000213534108837484e+04  1.000240048276162452e+04
217 4341 4.451214e-01 2.407565e+01  1.994990899190086338e+03  1.000203266906254794e+04  1.000214536069732458e+04  1.000250732713094294e+04
218 4361 4.417790e-01 2.407863e+01  1.994990899190086338e+03  1.000203925883963893e+04  1.000217484299786338e+04  1.000245637764350795e+04
219 4381 4.383488e-01 2.407425e+01  1.994990899190086338e+03  1.000204460423977071e+04  1.000220411039319151e+04  1.000241945239683992e+04
220 4401 4.352497e-01 2.407714e+01  1.994990899190086338e+03  1.000207654654330508e+04  1.000214916876486677e+04  1.000332837489990743e+04
221 4421 4.310702e-01 2.408248e+01  1.994990899190086338e+03  1.000206090794454394e+04  1.000210847717594152e+04  1.000248091095392920e+04
222 4441 4.261984e-01 2.408601e+01  1.994990899190086338e+03  1.000206966113010822e+04  1.000212676031844785e+04  1.000232550771569549e+04
223 4461 4.224553e-01 2.408874e+01  1.994990899190086338e+03  1.000201401294661991e+04  1.000215258354384059e+04  1.000232798708696646e+04
224 4481 4.213259e-01 2.409683e+01  1.994990899190086338e+03  1.000200285675001032e+04  1.000212202759370484e+04  1.000238578594988576e+04
225 4501 4.210155e-01 2.409762e+01  1.994990899190086338e+03  1.000203565864581469e+04  1.000212060285243570e+04  1.000225389265786544e+04
226 4521 4.167302e-01 2.411164e+01  1.994990899190086338e+03  1.000202138429135812e+04  1.000210639630398146e+04  1.000239758160689053e+04
227 4541 4.150507e-01 2.410722e+01  1.994990899190086338e+03  1.000208170842955042e+04  1.000216099338461572e+04  1.000240331648907886e+04
228 4561 4.149014e-01 2.412436e+01  1.994990899190086338e+03  1.000203339453356239e+04  1.000213972750316316e+04  1.000317359427179690e+04
229 4581 4.142478e-01 2.413754e+01  1.994990899190086338e+03  1.000000000000000000e+04  1.000214456434155363e+04  1.000316320089681903e+04
230 4601 4.144167e-01 2.415659e+01  1.994990899190086338e+03  1.000203807890891585e+04  1.000216876161042455e+04  1.000249173306364355e+04
231 4621 4.158484e-01 2.414605e+01  1.994990899190086338e+03  1.000000000000000000e+04  1.000211020235850810e+04  1.000244906285462457e+04
232 4641 4.147371e-01 2.415752e+01  1.994990899190086338e+03  1.000200364380113388e+04  1.000212775115794648e+04  1.000307793502940876e+04
233 4661 4.150277e-01 2.416529e+01  1.994990899190086338e+03  1.000203698051914580e+04  1.000213811630994678e+04  1.000228494676034461e+04
234 4681 4.131193e-01 2.416954e+01  1.994990899190086338e+03  1.000202637719051745e+04  1.000209185799808984e+04  1.000227587064271574e+04
235 4701 4.121592e-01 2.418008e+01  1.994990899190086338e+03  1.000204538875467370e+04  1.000210236070656174e+04  1.000315854955212490e+04
236 4721 4.125231e-01 2.417366e+01  1.994990899190086338e+03  1.000203574614936224e+04  1.000213517871283329e+04  1.000232148617462371e+04
237 4741 4.126834e-01 2.417627e+01  1.994990899190086338e+03  1.000202503245785010e+04  1.000212566245309063e+04  1.000253123094450348e+04
238 4761 4.128190e-01 2.418620e+01  1.994990899190086338e+03  1.000207756556132699e+04  1.000216401430997576e+04  1.000306800791534988e+04
239 4781 4.118000e-01 2.418885e+01  1.994990899190086338e+03  1.000202006501302640e+04  1.000209824999671400e+04  1.000223850617201970e+04
240 4801 4.099681e-01 2.419055e+01  1.994990899190086338e+03  1.000206482383667571e+04  1.000212536585613998e+04  1.000231947655690601e+04
241 4821 4.078630e-01 2.419227e+01  1.994990899190086338e+03  1.000206920594725852e+04  1.000213351549509025e+04  1.000219386422190109e+04
242 4841 4.061776e-01 2.419528e+01  1.994990899190086338e+03  1.000203845125613952e+04  1.000210535052517298e+04  1.000230973692214138e+04
243 4861 4.039209e-01 2.419205e+01  1.994990899190086338e+03  1.000203252212881125e+04  1.000213052682110720e+04  1.000512674882585452e+04
244 4881 4.030250e-01 2.419972e+01  1.994990899190086338e+03  1.000202984497251418e+04  1.000211724528344712e+04  1.000326987658307371e+04
245 4901 4.033979e-01 2.420183e+01  1.994990899190086338e+03  1.000203732548846892e+04  1.000213798462731938e+04  1.000320633844131589e+04
246 4921 4.017968e-01 2.420288e+01  1.994990899190086338e+03  1.000203451322740693e+04  1.000212198042828823e+04  1.000247407542592919e+04
247 4941 4.004883e-01 2.420068e+01  1.994990899190086338e+03  1.000205044728735993e+04  1.000211539000197445e+04  1.000244581599547200e+04
248 4961 3.994527e-01 2.421070e+01  1.994990899190086338e+03  1.000202471619705102e+04  1.000212403066510160e+04  1.000225481599524755e+04
249 4981 3.970023e-01 2.421987e+01  1.994990899190086338e+03  1.000200638408571467e+04  1.000209368021875343e+04  1.000340035532383627e+04
250 5001 3.923856e-01 2.422539e+01  1.994990899190086338e+03  1.000201946987373412e+04  1.000213036434192691e+04  1.000232888235864266e+04
251 5021 3.888400e-01 2.423632e+01  1.994990899190086338e+03  1.000200831322575505e+04  1.000209702527709669e+04  1.000514399799231614e+04
252 5041 3.840835e-01 2.423619e+01  1.994990899190086338e+03  1.000202377524101394e+04  1.000210800451782234e+04  1.000233224009609512e+04
253 5061 3.791035e-01 2.424375e+01  1.994990899190086338e+03  1.000201422614424882e+04  1.000211099905900483e+04  1.000226739659622399e+04
254 5081 3.767780e-01 2.425345e+01  1.994990899190086338e+03  1.000200049960507931e+04  1.000213791462952031e+04  1.000318831671274165e+04
255 5101 3.761796e-01 2.426267e+01  1.994990899190086338e+03  1.000202349571709783e+04  1.000210325423793256e+04  1.000552256003892398e+04
256 5121 3.752061e-01 2.426141e+01  1.994990899190086338e+03  1.000201525342305649e+04  1.000206900832082101e+04  1.000232401803400717e+04
257 5141 3.753826e-01 2.426746e+01  1.994990899190086338e+03  1.000202502534125597e+04  1.000206788329551273e+04  1.000317871481566544e+04
258 5161 3.749626e-01 2.426782e+01  1.994990899190086338e+03  1.000000000000000000e+04  1.000208763652834750e+04  1.000229016732240962e+04
259 5181 3.742534e-01 2.427428e+01  1.994990899190086338e+03  1.000000000000000000e+04  1.000208694577204369e+04  1.000244485029281532e+04
260 5201 3.740248e-01 2.426957e+01  1.994990899190086338e+03  1.000000000000000000e+04  1.000207363492452168e+04  1.000324290700176425e+04
261 5221 3.731276e-01 2.427718e+01  1.994990899190086338e+03  1.000000000000000000e+04  1.000204425209369037e+04  1.000323070354056290e+04
262 5241 3.736477e-01 2.427786e+01  1.994990899190086338e+03  1.000000000000000000e+04  1.000211782112226501e+04  1.000229799894830103e+04
263 5261 3.727846e-01 2.427964e+01  1.994990899190086338e+03  1.000200157581970052e+04  1.000209236030865577e+04  1.000224714204061638e+04
264 5281 3.738105e-01 2.428915e+01  1.994990899190086338e+03  1.000000000000000000e+04  1.000207739157605647e+04  1.000226292135724907e+04
265 5301 3.743404e-01 2.430790e+01  1.994990899190086338e+03  1.000200061589812140e+04  1.000209396525725424e+04  1.000225984479058752e+04
266 5321 3.740295e-01 2.432589e+01  1.994990899190086338e+03  1.000000000000000000e+04  1.000208822112817143e+04  1.000258320308836483e+04
267 5341 3.749794e-01 2.433753e+01  1.994990899190086338e+03  1.000000000000000000e+04  1.000205125292112643e+04  1.000218613664773875e+04
268 5361 3.778693e-01 2.434015e+01  1.994990899190086338e+03  1.000000000000000000e+04  1.000207379317433697e+04  1.000243635448693203e+04
269 5381 3.809257e-01 2.434894e+01  1.994990899190086338e+03  1.000000000000000000e+04  1.000210127007847404e+04  1.000261242996637156e+04
270 5401 3.825459e-01 2.435604e+01  1.994990899190086338e+03  1.000200144704390368e+04  1.000208020795011180e+04  1.000326479505275347e+04
271 5421 3.846882e-01 2.437110e+01  1.994990899190086338e+03  1.000000000000000000e+04  1.000209444598588016e+04  1.000226469115104555e+04
272 5441 3.858591e-01 2.437919e+01  1.994990899190086338e+03  1.000200768309843625e+04  1.000209723247106012e+04  1.000245081615494382e+04
273 5461 3.871748e-01 2.438196e+01  1.994990899190086338e+03  1.000200335172238192e+04  1.000210847118613310e+04  1.000234642214449741e+04
274 5481 3.882632e-01 2.439659e+01  1.994990899190086338e+03  1.000200036308773451e+04  1.000209622290910920e+04  1.000243641578719689e+04
275 5501 3.882101e-01 2.442097e+01  1.994990899190086338e+03  1.000000000000000000e+04  1.000209841077751844e+04  1.000237853793017530e+04
276 5521 3.882092e-01 2.443525e+01  1.994990899190086338e+03  1.000000000000000000e+04  1.000207448336811285e+04  1.000219145847329855e+04
277 5541 3.891932e-01 2.445556e+01  1.994990899190086338e+03  1.000000000000000000e+04  1.000209499867977502e+04  1.000316393051019986e+04
278 5561 3.894964e-01 2.447182e+01  1.994990899190086338e+03  1.000203944741306623e+04  1.000208868333694409e+04  1.000248267653768926e+04
279 5581 3.890052e-01 2.448162e+01  1.994990899190086338e+03  1.000202108326329653e+04  1.000210661365538544e+04  1.000239893769162154e+04
280 5601 3.869854e-01 2.448864e+01  1.994990899190086338e+03  1.000202977986411497e+04  1.000212826478078932e+04  1.000321145206910114e+04
281 5621 3.876628e-01 2.450022e+01  1.994990899190086338e+03  1.000202432550332560e+04  1.000214057621844040e+04  1.000322087233901038e+04
282 5641 3.886173e-01 2.450114e+01  1.994990899190086338e+03  1.000000000000000000e+04  1.000210533643435338e+04  1.000239193822057496e+04
283 5661 3.886147e-01 2.451336e+01  1.994990899190086338e+03  1.000204479104031452e+04  1.000212066022067120e+04  1.000222840691457532e+04
284 5681 3.882109e-01 2.452163e+01  1.994990899190086338e+03  1.000204319413545272e+04  1.000210461239859796e+04  1.000229707856658933e+04
285 5701 3.863504e-01 2.452560e+01  1.994990899190086338e+03  1.000000000000000000e+04  1.000212529957936567e+04  1.000233470512683925e+04
286 5721 3.831218e-01 2.454642e+01  1.994990899190086338e+03  1.996936339329054135e+03  1.000208479901733881e+04  1.000239534200580420e+04
287 5741 3.799406e-01 2.456110e+01  1.994990899190086338e+03  1.000201226655735445e+04  1.000211222263212403e+04  1.000226610000184883e+04
288 5761 3.761439e-01 2.457195e+01  1.994990899190086338e+03  1.000202954385990415e+04  1.000208645520734171e+04  1.000215413345202251e+04
289 5781 3.719897e-01 2.458380e+01  1.994990899190086338e+03  1.000200114215011672e+04  1.000209135297620378e+04  1.000219361288237815e+04
290 5801 3.677114e-01 2.459189e+01  1.994990899190086338e+03  1.000202350546170965e+04  1.000208589666945045e+04  1.000330814994074353e+04
291 5821 3.641134e-01 2.460338e+01  1.994990899190086338e+03  2.000170102093178684e+03  1.000212125809585268e+04  1.000528189286950146e+04
292 5841 3.610779e-01 2.461288e+01  1.994990899190086338e+03  1.000202613967236175e+04  1.000209482205115637e+04  1.000245506593865321e+04
293 5861 3.583724e-01 2.461416e+01  1.994990899190086338e+03  1.000200930705957944e+04  1.000209330608718483e+04  1.000246016284194229e+04
294 5881 3.574153e-01 2.461501e+01  1.994990899190086338e+03  1.000200492651726199e+04  1.000206949232663101e+04  1.000227749801813115e+04
295 5901 3.568874e-01 2.462316e+01  1.994990899190086338e+03  1.000000000000000000e+04  1.000210282674810514e+04  1.000225284696185008e+04
296 5921 3.549764e-01 2.462513e+01  1.994990899190086338e+03  1.000200028461003421e+04  1.000210112124151601e+04  1.000314500961259000e+04
297 5941 3.541814e-01 2.461741e+01  1.994990899190086338e+03  1.000205257329318920e+04  1.000216350946126840e+04  1.000523191452406900e+04
298 5961 3.534676e-01 2.461543e+01  1.994990899190086338e+03  1.000203645985916592e+04  1.000209810716167704e+04  1.000327138651905079e+04
299 5981 3.528436e-01 2.462090e+01  1.994990899190086338e+03  1.000200076494543646e+04  1.000209460297624537e+04  1.000224167070952899e+04
300 6001 3.534984e-01 2.462933e+01  1.994990899190086338e+03  1.000200013839266830e+04  1.000208378854815055e+04  1.000220844971811312e+04
301 6021 3.543111e-01 2.461904e+01  1.994990899190086338e+03  1.000202008415541059e+04  1.000210437884418207e+04  1.000246673877490684e+04
302 6041 3.533035e-01 2.461728e+01  1.994990899190086338e+03  1.000200807699594407e+04  1.000208633543442193e+04  1.000304241060049571e+04
303 6061 3.525984e-01 2.461766e+01  1.994990899190086338e+03  1.000200014523762729e+04  1.000210592880685726e+04  1.000545631356403828e+04
304 6081 3.497290e-01 2.461709e+01  1.994990899190086338e+03  1.000200029535984140e+04  1.000207594991954466e+04  1.000499256529792365e+04
305 6101 3.475225e-01 2.462471e+01  1.994990899190086338e+03  1.000200222393713739e+04  1.000206418840270817e+04  1.000230147896952258e+04
306 6121 3.445484e-01 2.463038e+01  1.994990899190086338e+03  1.000203323092430946e+04  1.000210682634707337e+04  1.000317587253182501e+04
307 6141 3.408198e-01 2.464517e+01  1.994990899190086338e+03  1.000000000000000000e+04  1.000210901677088259e+04  1.000330624893376807e+04
308 6161 3.379276e-01 2.464290e+01  1.994990899190086338e+03  1.000201068557706276e+04  1.000208937850265647e+04  1.000278519704591054e+04
309 6181 3.343199e-01 2.464768e+01  1.994990899190086338e+03  1.000000000000000000e+04  1.000207313179224366e+04  1.000510688885513446e+04
310 6201 3.300983e-01 2.466263e+01  1.994990899190086338e+03  1.000000000000000000e+04  1.000207371009203962e+04  1.000231562751635829e+04
311 6221 3.270303e-01 2.466872e+01  1.994990899190086338e+03  1.000201459047444405e+04  1.000208000082496437e+04  1.000316008276259345e+04
312 6241 3.244261e-01 2.467972e+01  1.994990899190086338e+03  1.000201015768911566e+04  1.000205057429724548e+04  1.000311998714936999e+04
313 6261 3.213862e-01 2.468376e+01  1.994990899190086338e+03  1.000201641382735397e+04  1.000205422493710648e+04  1.000317896151796413e+04
314 6281 3.181133e-01 2.468734e+01  1.994990899190086338e+03  1.000000000000000000e+04  1.000205054829282017e+04  1.000330034306662310e+04
315 6301 3.149233e-01 2.468909e+01  1.994990899190086338e+03  1.000000000000000000e+04  1.000204005469776530e+04  1.000242596392969426e+04
316 6321 3.120503e-01 2.469122e+01  1.994990899190086338e+03  1.000000000000000000e+04  1.000206836329166799e+04  1.000309274719833957e+04
317 6341 3.087183e-01 2.470100e+01  1.994990899190086338e+03  1.000000000000000000e+04  1.000202843460927761e+04  1.000234896175398535e+04
318 6361 3.056863e-01 2.470591e+01  1.994990899190086338e+03  1.000000000000000000e+04  1.000204834632785605e+04  1.000221400286467178e+04
319 6381 3.018616e-01 2.471167e+01  1.994990899190086338e+03  1.000000000000000000e+04  1.000206538513891428e+04  1.000231006657491344e+04
320 6401 2.998852e-01 2.471621e+01  1.994990899190086338e+03  1.000000000000000000e+04  1.000205438985168621e+04  1.000245295900408200e+04
321 6421 2.974587e-01 2.472287e+01  1.994990899190086338e+03  1.000000000000000000e+04  1.000205068452632986e+04  1.000220936103765598e+04
322 6441 2.946445e-01 2.472094e+01  1.994990899190086338e+03  1.000000000000000000e+04  1.000207651470231940e+04  1.000239305240629801e+04
323 6461 2.915955e-01 2.472052e+01  1.994990899190086338e+03  1.997038025347599842e+03  1.000204483701275240e+04  1.000227184420368940e+04
324 6481 2.883335e-01 2.473368e+01  1.994990899190086338e+03  1.000000000000000000e+04  1.000207791508857918e+04  1.000318355748541035e+04
325 6501 2.857524e-01 2.473948e+01  1.994990899190086338e+03  1.000000000000000000e+04  1.000203556625756937e+04  1.000263546717368263e+04
326 6521 2.838513e-01 2.475181e+01  1.994990899190086338e+03  1.997199005510179177e+03  1.000206000550833414e+04  1.000312063889963065e+04
327 6541 2.831857e-01 2.475978e+01  1.994990899190086338e+03  1.000000000000000000e+04  1.000206170071731322e+04  1.000311085197799730e+04
328 6561 2.834612e-01 2.477074e+01  1.994990899190086338e+03  1.000000000000000000e+04  1.000205866068903561e+04  1.000232899496844402e+04
329 6581 2.842413e-01 2.477226e+01  1.994990899190086338e+03  1.000000000000000000e+04  1.000203116599898749e+04  1.000318967440570486e+04
330 6601 2.847570e-01 2.476393e+01  1.994990899190086338e+03  1.000000000000000000e+04  1.000203739424682863e+04  1.000229218065795976e+04
331 6621 2.844118e-01 2.476491e+01  1.994990899190086338e+03  2.000171242099915844e+03  1.000202901930316330e+04  1.000228195565776878e+04
332 6641 2.833659e-01 2.477579e+01  1.994990899190086338e+03  1.000000000000000000e+04  1.000202501346628560e+04  1.000213502339163097e+04
333 6661 2.825909e-01 2.478000e+01  1.994990899190086338e+03  2.000169670139730670e+03  1.000203434917681625e+04  1.000308970329157819e+04
334 6681 2.815250e-01 2.478125e+01  1.994990899190086338e+03  2.000141976434420940e+03  1.000203577070777283e+04  1.000229573372958839e+04
335 6701 2.817190e-01 2.477650e+01  1.994990899190086338e+03  1.000000000000000000e+04  1.000203212947300563e+04  1.000216529289649952e+04
336 6721 2.817702e-01 2.477219e+01  1.994990899190086338e+03  1.000000000000000000e+04  1.000200609861133307e+04  1.000215027023634866e+04
337 6741 2.809412e-01 2.477822e+01  1.994990899190086338e+03  2.000169979017893411e+03  1.000202210741565978e+04  1.000216732290006075e+04
338 6761 2.803767e-01 2.481488e+01  1.994990899190086338e+03  1.000000000000000000e+04  1.000206631334224403e+04  1.000228110014732010e+04
339 6781 2.800387e-01 2.481616e+01  1.994990899190086338e+03  1.000000000000000000e+04  1.000205359265988955e+04  1.000221793981132942e+04
340 6801 2.794285e-01 2.481773e+01  1.994990899190086338e+03  1.000000000000000000e+04  1.000202269404525396e+04  1.000302059252898107e+04
341 6821 2.789158e-01 2.483029e+01  1.994990899190086338e+03  1.000200458199322384e+04  1.000203174111555199e+04  1.000211448878433293e+04
342 6841 2.776130e-01 2.484098e+01  1.994990899190086338e+03  2.000153578287619894e+03  1.000203867496194471e+04  1.000286527414433112e+04
343 6861 2.763094e-01 2.484221e+01  1.994990899190086338e+03  1.996946566426282061e+03  1.000203532208315301e+04  1.000222551559206295e+04
344 6881 2.743372e-01 2.485044e+01  1.994990899190086338e+03  1.000000000000000000e+04  1.000200674035407246e+04  1.000309818655795243e+04
345 6901 2.745918e-01 2.484610e+01  1.994990899190086338e+03  1.000000000000000000e+04  1.000203222578184068e+04  1.000215969960582333e+04
346 6921 2.751630e-01 2.483659e+01  1.994990899190086338e+03  1.000000000000000000e+04  1.000204471400006514e+04  1.000219397859457786e+04
347 6941 2.775813e-01 2.483067e+01  1.994990899190086338e+03  2.000171478638410008e+03  1.000201447242330687e+04  1.000232278238981235e+04
348 6961 2.801145e-01 2.484241e+01  1.994990899190086338e+03  1.000000000000000000e+04  1.000201868320489848e+04  1.000215309537509893e+04
349 6981 2.813444e-01 2.484290e+01  1.994990899190086338e+03  1.000000000000000000e+04  1.000204043272965464e+04  1.000224980176829376e+04
350 7001 2.813220e-01 2.484406e+01  1.994990899190086338e+03  1.000000000000000000e+04  1.000203819656764244e+04  1.000213014635451873e+04
351 7021 2.802911e-01 2.483492e+01  1.994990899190086338e+03  1.000000000000000000e+04  1.000204249587441154e+04  1.000209038496840003e+04
352 7041 2.794445e-01 2.483534e+01  1.994990899190086338e+03  1.000000000000000000e+04  1.000202727935447183e+04  1.000315363649713436e+04
353 7061 2.775964e-01 2.485243e+01  1.994990899190086338e+03  1.000000000000000000e+04  1.000203464627718859e+04  1.000311713597959897e+04
354 7081 2.756366e-01 2.483027e+01  1.994990899190086338e+03  2.000150965737601382e+03  1.000202849507077917e+04  1.000220126868134503e+04
355 7101 2.734522e-01 2.484537e+01  1.994990899190086338e+03  1.000000000000000000e+04  1.000202222246484234e+04  1.000211317786705513e+04
356 7121 2.712034e-01 2.485921e+01  1.994990899190086338e+03  1.000000000000000000e+04  1.000200842335879133e+04  1.000216170528064868e+04
357 7141 2.713599e-01 2.486063e+01  1.994990899190086338e+03  1.000000000000000000e+04  1.000203592567640226e+04  1.000224792881299254e+04
358 7161 2.708124e-01 2.485969e+01  1.994990899190086338e+03  2.000156334648263282e+03  1.000201866820236683e+04  1.000222264937391083e+04
359 7181 2.695442e-01 2.486123e+01  1.994990899190086338e+03  1.000000000000000000e+04  1.000202117621537218e+04  1.000214514415727172e+04
360 7201 2.689007e-01 2.487328e+01  1.994990899190086338e+03  1.000000000000000000e+04  1.000206237538383721e+04  1.000515688597204462e+04
361 7221 2.685320e-01 2.487622e+01  1.994990899190086338e+03  2.000162664919419967e+03  1.000202796980986750e+04  1.000324525676055600e+04
362 7241 2.677082e-01 2.488099e+01  1.994990899190086338e+03  1.000000000000000000e+04  1.000200957507758358e+04  1.000206895267437903e+04
363 7261 2.672001e-01 2.488943e+01  1.994990899190086338e+03  2.000168109354103990e+03  1.000201603533705929e+04  1.000245233632125746e+04
364 7281 2.665488e-01 2.490112e+01  1.994990899190086338e+03  1.000000000000000000e+04  1.000203130654108281e+04  1.000221545761303787e+04
365 7301 2.660490e-01 2.489896e+01  1.994990899190086338e+03  1.000000000000000000e+04  1.000204190362990266e+04  1.000219803617785874e+04
366 7321 2.644240e-01 2.490858e+01  1.994990899190086338e+03  2.000170694390555127e+03  1.000202005085627570e+04  1.000236699768806284e+04
367 7341 2.629000e-01 2.493077e+01  1.994990899190086338e+03  1.996926767034928162e+03  1.000203263451782550e+04  1.000318545232833822e+04
368 7361 2.632818e-01 2.493810e+01  1.994990899190086338e+03  2.000166941571784264e+03  1.000202661478139999e+04  1.000209772247101682e+04
369 7381 2.629360e-01 2.496618e+01  1.994990899190086338e+03  1.000000000000000000e+04  1.000202002813548461e+04  1.000225610577287807e+04
370 7401 2.631022e-01 2.497647e+01  1.994990899190086338e+03  1.000000000000000000e+04  1.000202678579809435e+04  1.000236918367366343e+04
371 7421 2.632976e-01 2.498328e+01  1.994990899190086338e+03  2.000163406653517541e+03  1.000202400182315796e+04  1.000214690805181635e+04
372 7441 2.635895e-01 2.497716e+01  1.994990899190086338e+03  2.000163687444425022e+03  1.000202767348619454e+04  1.000213571248792323e+04
373 7461 2.634362e-01 2.498169e+01  1.994990899190086338e+03  1.996864443838532452e+03  1.000201087791669306e+04  1.000312731494433137e+04
374 7481 2.616688e-01 2.497848e+01  1.994990899190086338e+03  1.997097036632256277e+03  1.000205482980137822e+04  1.000219464540501031e+04
375 7501 2.604964e-01 2.497139e+01  1.994990899190086338e+03  2.000166911246181144e+03  1.000000000000000000e+04  1.000207189868182832e+04
376 7521 2.590694e-01 2.496572e+01  1.994990899190086338e+03  1.996972374008928909e+03  1.000200684448216634e+04  1.000207185534317978e+04
377 7541 2.570489e-01 2.496456e+01  1.994990899190086338e+03  1.000000000000000000e+04  1.000201431921519361e+04  1.000220094449315002e+04
378 7561 2.561699e-01 2.496162e+01  1.994990899190086338e+03  1.000000000000000000e+04  1.000202146666975750e+04  1.000215559040581866e+04
379 7581 2.553872e-01 2.495142e+01  1.994990899190086338e+03  1.996439137871525190e+03  1.000202249100629342e+04  1.000227261768326571e+04
380 7601 2.557648e-01 2.495590e+01  1.994990899190086338e+03  2.000156208366947794e+03  1.000201952763354711e+04  1.000210475816244980e+04
381 7621 2.557100e-01 2.497209e+01  1.994990899190086338e+03  2.000167962329953070e+03  1.000202103510043526e+04  1.000315069232612041e+04
382 7641 2.546113e-01 2.497288e+01  1.994990899190086338e+03  1.000000000000000000e+04  1.000201830307010096e+04  1.000208177181552674e+04
383 7661 2.532358e-01 2.497084e+01  1.994990899190086338e+03  1.000000000000000000e+04  1.000201037683705727e+04  1.000230694907358156e+04
384 7681 2.523676e-01 2.497238e+01  1.994990899190086338e+03  1.000000000000000000e+04  1.000201521291946119e+04  1.000213458252788223e+04
385 7701 2.512246e-01 2.498031e+01  1.994990899190086338e+03  1.000000000000000000e+04  1.000200608532843034e+04  1.000503874342217932e+04
386 7721 2.495449e-01 2.498070e+01  1.994990899190086338e+03  1.000000000000000000e+04  1.000202550728453389e+04  1.000208085781226873e+04
387 7741 2.486865e-01 2.499230e+01  1.994990899190086338e+03  1.000000000000000000e+04  1.000000000000000000e+04  1.000503155393454472e+04
388 7761 2.458381e-01 2.498565e+01  1.994990899190086338e+03  1.000000000000000000e+04  1.000200146481478623e+04  1.000498148516152833e+04
389 7781 2.438593e-01 2.499171e+01  1.994990899190086338e+03  2.000147830877020624e+03  1.000100208034224852e+04  1.000210361451836798e+04
390 7801 2.413916e-01 2.498179e+01  1.994990899190086338e+03  1.996929855548695514e+03  1.000200287206413486e+04  1.000325378077541063e+04
391 7821 2.393134e-01 2.498969e+01  1.994990899190086338e+03  1.000000000000000000e+04  1.000202446755460733e+04  1.000320799162993353e+04
392 7841 2.375211e-01 2.499236e+01  1.994990899190086338e+03  2.000154798652851014e+03  1.000201486310951441e+04  1.000208263833126330e+04
393 7861 2.352028e-01 2.500605e+01  1.994990899190086338e+03  1.996870679346621273e+03  1.000200218512119864e+04  1.000222729782847273e+04
394 7881 2.321854e-01 2.500817e+01  1.994990899190086338e+03  1.000000000000000000e+04  1.000000000000000000e+04  1.000319089319745217e+04
395 7901 2.287268e-01 2.500225e+01  1.994990899190086338e+03  1.000000000000000000e+04  1.000200611316357026e+04  1.000213105769182221e+04
396 7921 2.249606e-01 2.500642e+01  1.994990899190086338e+03  1.000000000000000000e+04  1.000201905421294214e+04  1.000319873281171385e+04
397 7941 2.220779e-01 2.500436e+01  1.994990899190086338e+03  1.996854463223704670e+03  1.000000000000000000e+04  1.000212600978016781e+04
398 7961 2.189919e-01 2.500278e+01  1.994990899190086338e+03  2.000165630810718994e+03  1.000200291672025196e+04  1.000318012191207345e+04
399 7981 2.157666e-01 2.499953e+01  1.994990899190086338e+03  1.000000000000000000e+04  1.000201800327143792e+04  1.000225154711225696e+04
400 8001 2.130616e-01 2.499681e+01  1.994990899190086338e+03  2.000163235836588910e+03  1.000200948474693359e+04  1.000213918729977922e+04
401 8021 2.099169e-01 2.500535e+01  1.994990899190086338e+03  1.997053490426554845e+03  1.000000000000000000e+04  1.000208067729785762e+04
402 8041 2.076908e-01 2.501467e+01  1.994990899190086338e+03  1.000000000000000000e+04  1.000200795646878760e+04  1.000213646694841373e+04
403 8061 2.064997e-01 2.501071e+01  1.994990899190086338e+03  2.000170302409106853e+03  1.000100157560071966e+04  1.000202841733891728e+04
404 8081 2.049704e-01 2.499525e+01  1.994990899190086338e+03  1.000000000000000000e+04  1.000000000000000000e+04  1.000221508264821387e+04
405 8101 2.028776e-01 2.499560e+01  1.994990899190086338e+03  1.000000000000000000e+04  1.000100097855400236e+04  1.000217211162333842e+04
406 8121 2.012000e-01 2.499312e+01  1.994990899190086338e+03  1.000000000000000000e+04  1.000000000000000000e+04  1.000206769738395815e+04
407 8141 2.000361e-01 2.499413e+01  1.994990899190086338e+03  2.000165804289290918e+03  1.000200884028642395e+04  1.000323766016915943e+04
408 8161 1.977616e-01 2.499132e+01  1.994990899190086338e+03  1.000000000000000000e+04  1.000200357502547558e+04  1.000229315650235912e+04
409 8181 1.959891e-01 2.500151e+01  1.994990899190086338e+03  1.000000000000000000e+04  1.000000000000000000e+04  1.000207262220073244e+04
410 8201 1.944009e-01 2.499970e+01  1.994990899190086338e+03  2.000164826722589623e+03  1.000000000000000000e+04  1.000209913993312693e+04
411 8221 1.922292e-01 2.499334e+01  1.994990899190086338e+03  1.000000000000000000e+04  1.000200273870526144e+04  1.000323214893598379e+04
412 8241 1.910219e-01 2.499612e+01  1.994990899190086338e+03  2.000170602089887097e+03  1.000200428762149750e+04  1.000208149468724878e+04
413 8261 1.893569e-01 2.498947e+01  1.994990899190086338e+03  2.000164696889952438e+03  1.000000000000000000e+04  1.000208322827079792e+04
414 8281 1.876550e-01 2.499490e+01  1.994990899190086338e+03  2.000165869942649806e+03  1.000000000000000000e+04  1.000326288493150787e+04
415 8301 1.866410e-01 2.499410e+01  1.994990899190086338e+03  1.000000000000000000e+04  1.000000000000000000e+04  1.000318703995774558e+04
416 8321 1.856774e-01 2.499629e+01  1.994990899190086338e+03  1.996919423291246630e+03  1.000100086540775010e+04  1.000313308610434069e+04
417 8341 1.842098e-01 2.499607e+01  1.994990899190086338e+03  1.000000000000000000e+04  1.000100310891588742e+04  1.000210051069902329e+04
418 8361 1.820556e-01 2.499510e+01  1.994990899190086338e+03  1.996876955889503961e+03  1.000000000000000000e+04  1.000205160464609980e+04
419 8381 1.799943e-01 2.500992e+01  1.994990899190086338e+03  1.996901664317194900e+03  1.000000000000000000e+04  1.000202859327549595e+04
420 8401 1.778382e-01 2.501275e+01  1.994990899190086338e+03  1.000000000000000000e+04  1.000000000000000000e+04  1.000321858121118021e+04
421 8421 1.761182e-01 2.500090e+01  1.994990899190086338e+03  2.000160792487448361e+03  1.000000000000000000e+04  1.000320757032699657e+04
422 8441 1.745357e-01 2.500567e+01  1.994990899190086338e+03  1.000000000000000000e+04  1.000100025075094891e+04  1.000314088869735860e+04
423 8461 1.733909e-01 2.501199e+01  1.994990899190086338e+03  2.000169168503464789e+03  1.000000000000000000e+04  1.000211841608786381e+04
424 8481 1.725985e-01 2.501506e+01  1.994990899190086338e+03  1.996979359004810931e+03  1.000000000000000000e+04  1.000313294065113769e+04
425 8501 1.716113e-01 2.502306e+01  1.994990899190086338e+03  1.000000000000000000e+04  1.000000000000000000e+04  1.000208576188847474e+04
426 8521 1.702568e-01 2.503596e+01  1.994990899190086338e+03  1.000000000000000000e+04  1.000100058587515741e+04  1.000206894010975338e+04
427 8541 1.686610e-01 2.503906e+01  1.994990899190086338e+03  1.000000000000000000e+04  1.000000000000000000e+04  1.000204402220822521e+04
428 8561 1.676934e-01 2.504597e+01  1.994990899190086338e+03  2.000163225970729854e+03  1.000000000000000000e+04  1.000316383949804913e+04
429 8581 1.670588e-01 2.505492e+01  1.994990899190086338e+03  2.000170783788080598e+03  1.000200200803689768e+04  1.000226534678724784e+04
430 8601 1.662910e-01 2.505697e+01  1.994990899190086338e+03  2.000166258191005682e+03  1.000100031574241802e+04  1.000318816246754432e+04
431 8621 1.652486e-01 2.505584e+01  1.994990899190086338e+03  2.000167039333877028e+03  1.000000000000000000e+04  1.000322163865071525e+04
432 8641 1.647486e-01 2.505986e+01  1.994990899190086338e+03  1.000000000000000000e+04  1.000000000000000000e+04  1.000205018274097529e+04
433 8661 1.645484e-01 2.509344e+01  1.994990899190086338e+03  2.000170901826956879e+03  1.000000000000000000e+04  1.000205858014694786e+04
434 8681 1.645652e-01 2.511205e+01  1.994990899190086338e+03  2.000153304813461318e+03  1.000000000000000000e+04  1.000204323584672238e+04
435 8701 1.644192e-01 2.512048e+01  1.994990899190086338e+03  1.000000000000000000e+04  1.000201342898178518e+04  1.000218389423869849e+04
436 8721 1.642122e-01 2.512321e+01  1.994990899190086338e+03  2.000158310312288449e+03  1.000000000000000000e+04  1.000204049522531204e+04
437 8741 1.638589e-01 2.512612e+01  1.994990899190086338e+03  2.000141003176074719e+03  1.000000000000000000e+04  1.000205165200496413e+04
438 8761 1.636781e-01 2.512694e+01  1.994990899190086338e+03  1.996958536639413069e+03  1.000000000000000000e+04  1.000201749480146464e+04
439 8781 1.628615e-01 2.514227e+01  1.994990899190086338e+03  2.000166059495925992e+03  1.000000000000000000e+04  1.000206237311041514e+04
440 8801 1.617400e-01 2.514752e+01  1.994990899190086338e+03  2.000163713307259513e+03  1.000000000000000000e+04  1.000202564215222628e+04
441 8821 1.604222e-01 2.515470e+01  1.994990899190086338e+03  2.000165613152607875e+03  1.000000000000000000e+04  1.000214318573129094e+04
442 8841 1.595307e-01 2.517185e+01  1.994990899190086338e+03  2.000160562404913662e+03  1.000000000000000000e+04  1.000203971263610401e+04
443 8861 1.589335e-01 2.517739e+01  1.994990899190086338e+03  2.000160765817067386e+03  1.000000000000000000e+04  1.000318960191642509e+04
444 8881 1.587417e-01 2.518339e+01  1.994990899190086338e+03  2.000170125030484996e+03  1.000000000000000000e+04  1.000203453815100329e+04
445 8901 1.579763e-01 2.520951e+01  1.994990899190086338e+03  1.996912544514647834e+03  1.000000000000000000e+04  1.000206937546686640e+04
446 8921 1.573588e-01 2.520763e+01  1.994990899190086338e+03  1.997001810874551893e+03  1.000000000000000000e+04  1.000206914424292700e+04
447 8941 1.569816e-01 2.521936e+01  1.994990899190086338e+03  1.000000000000000000e+04  1.000000000000000000e+04  1.000200516103323753e+04
448 8961 1.570520e-01 2.522306e+01  1.994990899190086338e+03  1.000000000000000000e+04  1.000000000000000000e+04  1.000312267071318092e+04
449 8981 1.577789e-01 2.522510e+01  1.994990899190086338e+03  1.000000000000000000e+04  1.000000000000000000e+04  1.000314101295750879e+04
450 9001 1.581820e-01 2.522370e+01  1.994990899190086338e+03  2.000146318428960285e+03  1.000000000000000000e+04  1.000203808152466809e+04
451 9021 1.588447e-01 2.522393e+01  1.994990899190086338e+03  1.997171502209929940e+03  1.000000000000000000e+04  1.000205010141226921e+04
452 9041 1.594201e-01 2.522688e+01  1.994990899190086338e+03  1.996931791882600010e+03  1.000000000000000000e+04  1.000315407240215609e+04
453 9061 1.607931e-01 2.522717e+01  1.994990899190086338e+03  1.996888785453745413e+03  1.000000000000000000e+04  1.000205381913315978e+04
454 9081 1.616374e-01 2.522387e+01  1.994990899190086338e+03  1.996354232987345085e+03  1.000100334635158288e+04  1.000293423750301918e+04
455 9101 1.617440e-01 2.522480e+01  1.994990899190086338e+03  2.000137077732253147e+03  1.000000000000000000e+04  1.000201725482434995e+04
456 9121 1.622317e-01 2.524027e+01  1.994990899190086338e+03  2.000164061987913783e+03  1.000000000000000000e+04  1.000203602371320812e+04
457 9141 1.628778e-01 2.524306e+01  1.994990899190086338e+03  1.000000000000000000e+04  1.000000000000000000e+04  1.000206389914680949e+04
458 9161 1.630115e-01 2.524656e+01  1.994990899190086338e+03  2.000169838734663927e+03  1.000000000000000000e+04  1.000312137467140383e+04
459 9181 1.635374e-01 2.525538e+01  1.994990899190086338e+03  1.000000000000000000e+04  1.000000000000000000e+04  1.000210810971782485e+04
460 9201 1.637527e-01 2.525845e+01  1.994990899190086338e+03  2.000170354905557815e+03  1.000000000000000000e+04  1.000207927411612400e+04
461 9221 1.634317e-01 2.526799e+01  1.994990899190086338e+03  2.000169625503237967e+03  1.000000000000000000e+04  1.000311017007743067e+04
462 9241 1.628477e-01 2.526881e+01  1.994990899190086338e+03  1.000000000000000000e+04  1.000000000000000000e+04  1.000228263164090095e+04
463 9261 1.634363e-01 2.527935e+01  1.994990899190086338e+03  1.996933028976566902e+03  1.000000000000000000e+04  1.000201759706068697e+04
464 9281 1.650933e-01 2.531283e+01  1.994990899190086338e+03  2.000166636630541916e+03  1.000000000000000000e+04  1.000201664928268656e+04
465 9301 1.663644e-01 2.532637e+01  1.994990899190086338e+03  2.000141608008143294e+03  1.000000000000000000e+04  1.000203521382750841e+04
466 9321 1.665864e-01 2.534130e+01  1.994990899190086338e+03  1.996930660316909325e+03  1.000000000000000000e+04  1.000312480759775644e+04
467 9341 1.665799e-01 2.535293e+01  1.994990899190086338e+03  1.996930774517201826e+03  1.000000000000000000e+04  1.000313021737199779e+04
468 9361 1.673498e-01 2.536736e+01  1.994990899190086338e+03  1.997049812393858247e+03  1.000000000000000000e+04  1.000201495047685421e+04
469 9381 1.684393e-01 2.538210e+01  1.994990899190086338e+03  1.996934809114421569e+03  1.000000000000000000e+04  1.000209857040495990e+04
470 9401 1.695892e-01 2.541913e+01  1.994990899190086338e+03  1.000000000000000000e+04  1.000000000000000000e+04  1.000204141197699209e+04
471 9421 1.698856e-01 2.544658e+01  1.994990899190086338e+03  1.996950445929314128e+03  1.000000000000000000e+04  1.000215072551356934e+04
472 9441 1.698361e-01 2.548696e+01  1.994990899190086338e+03  1.000000000000000000e+04  1.000000000000000000e+04  1.000212289766739923e+04
473 9461 1.700331e-01 2.552675e+01  1.994990899190086338e+03  2.000167463189646696e+03  1.000100019018375860e+04  1.000263612815166562e+04
474 9481 1.695424e-01 2.555582e+01  1.994990899190086338e+03  2.000138889545308302e+03  1.000000000000000000e+04  1.000307943313639225e+04
475 9501 1.686519e-01 2.558782e+01  1.994990899190086338e+03  1.996447738694588907e+03  1.000000000000000000e+04  1.000315764367224983e+04
476 9521 1.680547e-01 2.562738e+01  1.994990899190086338e+03  1.000000000000000000e+04  1.000000000000000000e+04  1.000314265019127924e+04
477 9541 1.675880e-01 2.566400e+01  1.994990899190086338e+03  1.000000000000000000e+04  1.000000000000000000e+04  1.000315044266143013e+04
478 9561 1.675084e-01 2.571948e+01  1.994990899190086338e+03  2.000165502931120272e+03  1.000000000000000000e+04  1.000309425406176160e+04
479 9581 1.682254e-01 2.577307e+01  1.994990899190086338e+03  2.000161825287874763e+03  1.000000000000000000e+04  1.000306976404021771e+04
480 9601 1.693059e-01 2.581226e+01  1.994990899190086338e+03  1.996970423311182230e+03  1.000200078169297922e+04  1.000205462204499599e+04
481 9621 1.702337e-01 2.586172e+01  1.994990899190086338e+03  1.000000000000000000e+04  1.000000000000000000e+04  1.000204619459268906e+04
482 9641 1.706816e-01 2.589745e+01  1.994990899190086338e+03  2.000166338201818462e+03  1.000000000000000000e+04  1.000206797763167015e+04
483 9661 1.698435e-01 2.592802e+01  1.994990899190086338e+03  2.000133580004968508e+03  1.000201065520980956e+04  1.000233106246935495e+04
484 9681 1.694921e-01 2.596357e+01  1.994990899190086338e+03  2.000169821638055055e+03  1.000200593242909235e+04  1.000207406956630621e+04
485 9701 1.696994e-01 2.598970e+01  1.994990899190086338e+03  2.000166916439116903e+03  1.000000000000000000e+04  1.000205467155117913e+04
486 9721 1.701585e-01 2.602104e+01  1.994990899190086338e+03  1.996954207350873048e+03  1.000000000000000000e+04  1.000206480717474369e+04
487 9741 1.709338e-01 2.605845e+01  1.994990899190086338e+03  1.000000000000000000e+04  1.000200287813017712e+04  1.000313032247385854e+04
488 9761 1.711675e-01 2.613599e+01  1.994990899190086338e+03  1.000000000000000000e+04  1.000200298995887897e+04  1.000207267112583759e+04
489 9781 1.706800e-01 2.618370e+01  1.994990899190086338e+03  1.996959961957068117e+03  1.000000000000000000e+04  1.000318589017019622e+04
490 9801 1.709332e-01 2.623827e+01  1.994990899190086338e+03  1.996925667452986772e+03  1.000000000000000000e+04  1.000202384728551442e+04
491 9821 1.714203e-01 2.628198e+01  1.994990899190086338e+03  1.996937446788365378e+03  1.000200258862761257e+04  1.000207829296620548e+04
492 9841 1.716356e-01 2.631677e+01  1.994990899190086338e+03  1.000000000000000000e+04  1.000000000000000000e+04  1.000204515959031232e+04
493 9861 1.713090e-01 2.635546e+01  1.994990899190086338e+03  2.000168033083446971e+03  1.000200566686111233e+04  1.000241128343583478e+04
494 9881 1.705980e-01 2.639138e+01  1.994990899190086338e+03  2.000163359713443469e+03  1.000000000000000000e+04  1.000318926008217204e+04
495 9901 1.699424e-01 2.643261e+01  1.994990899190086338e+03  1.000000000000000000e+04  1.000100308379927083e+04  1.000322640840414351e+04
496 9921 1.687867e-01 2.647406e+01  1.994990899190086338e+03  1.996944177620391883e+03  1.000000000000000000e+04  1.000243003290079287e+04
497 9941 1.674861e-01 2.651251e+01  1.994990899190086338e+03  2.000160411252781842e+03  1.000000000000000000e+04  1.000317951364114197e+04
498 9961 1.669601e-01 2.657173e+01  1.994990899190086338e+03  1.000000000000000000e+04  1.000201220112875490e+04  1.000317546544852485e+04
499 9981 1.656291e-01 2.659957e+01  1.994990899190086338e+03  1.997179856749517739e+03  1.000200157733425658e+04  1.000205251741698885e+04
500 10001 1.651760e-01 2.664201e+01  1.994990899190086338e+03  2.000171394619352441e+03  1.000000000000000000e+04  1.000205821009081046e+04
501 10021 1.642332e-01 2.667911e+01  1.994990899190086338e+03  1.000000000000000000e+04  1.000000000000000000e+04  1.000312776101760210e+04
502 10041 1.632527e-01 2.671365e+01  1.994990899190086338e+03  1.000000000000000000e+04  1.000000000000000000e+04  1.000206167563121744e+04
503 10061 1.625494e-01 2.674923e+01  1.994990899190086338e+03  1.996915326820392011e+03  1.000000000000000000e+04  1.000315246723879500e+04
504 10081 1.617193e-01 2.677913e+01  1.994990899190086338e+03  2.000164790882186253e+03  1.000000000000000000e+04  1.000203953686937166e+04
505 10101 1.605337e-01 2.681872e+01  1.994990899190086338e+03  1.996982532310090619e+03  1.000000000000000000e+04  1.000201240485552808e+04
506 10121 1.598447e-01 2.684560e+01  1.994990899190086338e+03  1.996311334483937344e+03  1.000000000000000000e+04  1.000218919020993599e+04
507 10141 1.595861e-01 2.688239e+01  1.994990899190086338e+03  2.000138764472284947e+03  1.000000000000000000e+04  1.000312089609180111e+04
508 10161 1.590369e-01 2.691945e+01  1.994990899190086338e+03  1.996926220039216332e+03  1.000000000000000000e+04  1.000206728642168855e+04
509 10181 1.578695e-01 2.695240e+01  1.994990899190086338e+03  1.997131128817249646e+03  1.000202502182629178e+04  1.000318520591623019e+04
510 10201 1.567745e-01 2.698833e+01  1.994990899190086338e+03  2.000156400434244688e+03  1.000000000000000000e+04  1.000310251727622199e+04
511 10221 1.561620e-01 2.699005e+01  1.994990899190086338e+03  2.000162689648773267e+03  1.000000000000000000e+04  1.000206722604487368e+04
512 10241 1.552877e-01 2.700092e+01  1.994990899190086338e+03  2.000140049901705879e+03  1.000200092250397574e+04  1.000312394519184454e+04
513 10261 1.537090e-01 2.700647e+01  1.994990899190086338e+03  1.996944484160849015e+03  1.000000000000000000e+04  1.000208317734224693e+04
514 10281 1.521738e-01 2.701233e+01  1.994990899190086338e+03  2.000146493093602430e+03  1.000000000000000000e+04  1.000315006791692940e+04
515 10301 1.503633e-01 2.701684e+01  1.994990899190086338e+03  1.996897688662470046e+03  1.000000000000000000e+04  1.000206978670121498e+04
516 10321 1.489594e-01 2.702044e+01  1.994990899190086338e+03  2.000140732087031211e+03  1.000000000000000000e+04  1.000204991618120039e+04
517 10341 1.481435e-01 2.702336e+01  1.994990899190086338e+03  2.000147907057020802e+03  1.000000000000000000e+04  1.000201475552187367e+04
518 10361 1.475307e-01 2.702290e+01  1.994990899190086338e+03  2.000134608394271027e+03  1.000000000000000000e+04  1.000204809015449609e+04
519 10381 1.469905e-01 2.702746e+01  1.994990899190086338e+03  2.000152854029251557e+03  1.000000000000000000e+04  1.000201695183192533e+04
520 10401 1.464367e-01 2.703976e+01  1.994990899190086338e+03  1.996916277854066493e+03  1.000000000000000000e+04  1.000224309535247085e+04
521 10421 1.458603e-01 2.705582e+01  1.994990899190086338e+03  1.996749559206635240e+03  1.000000000000000000e+04  1.000316628176646554e+04
522 10441 1.446599e-01 2.706131e+01  1.994990899190086338e+03  2.000165060525252557e+03  1.000000000000000000e+04  1.000203657220749301e+04
523 10461 1.438137e-01 2.705587e+01  1.994990899190086338e+03  2.000158882386193909e+03  1.000000000000000000e+04  1.000317973292323404e+04
524 10481 1.430379e-01 2.704624e+01  1.994990899190086338e+03  1.997054104953688238e+03  1.000000000000000000e+04  1.000201433205806825e+04
525 10501 1.428210e-01 2.704955e+01  1.994990899190086338e+03  1.996891925516293213e+03  1.000000000000000000e+04  1.000205885961579406e+04
526 10521 1.424456e-01 2.705903e+01  1.994990899190086338e+03  2.000151238312148053e+03  1.000000000000000000e+04  1.000316065574976892e+04
527 10541 1.424613e-01 2.707687e+01  1.994990899190086338e+03  1.996864035340856844e+03  1.000000000000000000e+04  1.000252163253279832e+04
528 10561 1.426759e-01 2.708400e+01  1.994990899190086338e+03  1.000000000000000000e+04  1.000000000000000000e+04  1.000206840391074911e+04
529 10581 1.432795e-01 2.709772e+01  1.994990899190086338e+03  1.996496923930459161e+03  1.000000000000000000e+04  1.000317932112370363e+04
530 10601 1.437259e-01 2.711207e+01  1.994990899190086338e+03  1.997004856035250896e+03  1.000000000000000000e+04  1.000205991820502277e+04
531 10621 1.441659e-01 2.711076e+01  1.994990899190086338e+03  2.000158787320618330e+03  1.000000000000000000e+04  1.000320632881626807e+04
532 10641 1.442052e-01 2.711240e+01  1.994990899190086338e+03  1.996777744569603101e+03  1.000000000000000000e+04  1.000203602743633928e+04
533 10661 1.443494e-01 2.711486e+01  1.994990899190086338e+03  2.000169795995635468e+03  1.000000000000000000e+04  1.000201642655322939e+04
534 10681 1.439572e-01 2.710736e+01  1.994990899190086338e+03  2.000137618311941424e+03  1.000000000000000000e+04  1.000204924184562151e+04
535 10701 1.433837e-01 2.711806e+01  1.994990899190086338e+03  2.000163547537085606e+03  1.000000000000000000e+04  1.000209596683255040e+04
536 10721 1.429272e-01 2.712831e+01  1.994990899190086338e+03  1.996881794499910484e+03  1.000000000000000000e+04  1.000316214338988902e+04
537 10741 1.424088e-01 2.712573e+01  1.994990899190086338e+03  1.996881957979574736e+03  1.000000000000000000e+04  1.000313862263712872e+04
538 10761 1.414568e-01 2.712103e+01  1.994990899190086338e+03  1.000000000000000000e+04  1.000000000000000000e+04  1.000310325160190769e+04
539 10781 1.404674e-01 2.711793e+01  1.994990899190086338e+03  1.996893466036017116e+03  1.000000000000000000e+04  1.000202424182637515e+04
540 10801 1.395300e-01 2.712318e+01  1.994990899190086338e+03  1.996933254789944385e+03  1.000000000000000000e+04  1.000203208978043585e+04
541 10821 1.390618e-01 2.713801e+01  1.994990899190086338e+03  2.000170035708504884e+03  1.000000000000000000e+04  1.000200244699935320e+04
542 10841 1.387579e-01 2.714865e+01  1.994990899190086338e+03  1.996881827619766682e+03  1.000000000000000000e+04  1.000312818070887442e+04
543 10861 1.387676e-01 2.715215e+01  1.994990899190086338e+03  2.000169213609389089e+03  1.000000000000000000e+04  1.000202905491164893e+04
544 10881 1.389921e-01 2.716586e+01  1.994990899190086338e+03  1.996496326279732330e+03  1.000000000000000000e+04  1.000204640946340078e+04
545 10901 1.389911e-01 2.717456e+01  1.994990899190086338e+03  1.996891117385168172e+03  1.000000000000000000e+04  1.000204077437384331e+04
546 10921 1.387331e-01 2.717776e+01  1.994990899190086338e+03  2.000142518287892699e+03  1.000000000000000000e+04  1.000202903137236171e+04
547 10941 1.386117e-01 2.718295e+01  1.994990899190086338e+03  1.996631168376566166e+03  1.000000000000000000e+04  1.000202437146586817e+04
548 10961 1.381848e-01 2.720962e+01  1.994990899190086338e+03  1.997142800292412403e+03  1.000000000000000000e+04  1.000202454899186705e+04
549 10981 1.381356e-01 2.720660e+01  1.994990899190086338e+03  1.996903825763085479e+03  1.000000000000000000e+04  1.000317160333518586e+04
550 11001 1.378488e-01 2.722176e+01  1.994990899190086338e+03  1.996921003155980998e+03  1.000000000000000000e+04  1.000317471866111555e+04
551 11021 1.371111e-01 2.724151e+01  1.994990899190086338e+03  1.996896147975475060e+03  1.000000000000000000e+04  1.000202504442464124e+04
552 11041 1.363160e-01 2.725614e+01  1.994990899190086338e+03  2.000152241946842878e+03  1.000000000000000000e+04  1.000203235255533946e+04
553 11061 1.354949e-01 2.728603e+01  1.994990899190086338e+03  1.996409715850057182e+03  1.000000000000000000e+04  1.000309100912345457e+04
554 11081 1.348612e-01 2.729674e+01  1.994990899190086338e+03  2.000163074137269632e+03  1.000000000000000000e+04  1.000315636199404253e+04
555 11101 1.344489e-01 2.733918e+01  1.994990899190086338e+03  1.996393989420020944e+03  1.000000000000000000e+04  1.000201142324739521e+04
556 11121 1.343767e-01 2.735561e+01  1.994990899190086338e+03  1.996921971938560546e+03  1.000000000000000000e+04  1.000232432541579510e+04
557 11141 1.336879e-01 2.736909e+01  1.994990899190086338e+03  1.996904422876329136e+03  1.000000000000000000e+04  1.000311744645685030e+04
558 11161 1.335830e-01 2.738297e+01  1.994990899190086338e+03  1.996936692303549080e+03  1.000000000000000000e+04  1.000204130222307685e+04
559 11181 1.335681e-01 2.738691e+01  1.994990899190086338e+03  1.996974874682201516e+03  1.000000000000000000e+04  1.000310115815353674e+04
560 11201 1.336292e-01 2.739341e+01  1.994990899190086338e+03  2.000166349798801775e+03  1.000000000000000000e+04  1.000201856449964362e+04
561 11221 1.338226e-01 2.739588e+01  1.994990899190086338e+03  2.000170411059351181e+03  1.000000000000000000e+04  1.000313358825100113e+04
562 11241 1.330881e-01 2.740394e+01  1.994990899190086338e+03  1.996531902566026247e+03  1.000000000000000000e+04  1.000203809140872545e+04
563 11261 1.319383e-01 2.740908e+01  1.994990899190086338e+03  1.000000000000000000e+04  1.000000000000000000e+04  1.000207947339095335e+04
564 11281 1.307579e-01 2.740792e+01  1.994990899190086338e+03  1.000000000000000000e+04  1.000000000000000000e+04  1.000318731842413035e+04
565 11301 1.299268e-01 2.740899e+01  1.994990899190086338e+03  2.000159301637015005e+03  1.000000000000000000e+04  1.000317117084024540e+04
566 11321 1.291891e-01 2.740948e+01  1.994990899190086338e+03  1.996886944072188271e+03  1.000000000000000000e+04  1.000200933905456259e+04
567 11341 1.282050e-01 2.742117e+01  1.994990899190086338e+03  1.996881133507906725e+03  1.000000000000000000e+04  1.000317121860827319e+04
568 11361 1.269904e-01 2.743153e+01  1.994990899190086338e+03  2.000164588063800920e+03  1.000000000000000000e+04  1.000201192394285863e+04
569 11381 1.261682e-01 2.742773e+01  1.994990899190086338e+03  2.000167253208750026e+03  1.000000000000000000e+04  1.000201498141885168e+04
570 11401 1.252557e-01 2.742599e+01  1.994990899190086338e+03  1.996887832230427648e+03  1.000000000000000000e+04  1.000319692406196918e+04
571 11421 1.241461e-01 2.741673e+01  1.994990899190086338e+03  2.000167358092490986e+03  1.000000000000000000e+04  1.000202565449009126e+04
572 11441 1.237026e-01 2.741886e+01  1.994990899190086338e+03  1.996882914770673551e+03  1.000000000000000000e+04  1.000318486560061319e+04
573 11461 1.225204e-01 2.742777e+01  1.994990899190086338e+03  1.000000000000000000e+04  1.000000000000000000e+04  1.000000000000000000e+04
574 11481 1.216111e-01 2.742472e+01  1.994990899190086338e+03  1.996940171624545656e+03  1.000000000000000000e+04  1.000200705736882628e+04
575 11501 1.211849e-01 2.742202e+01  1.994990899190086338e+03  2.000159142096366395e+03  1.000000000000000000e+04  1.000319965033891822e+04
576 11521 1.210002e-01 2.743827e+01  1.994990899190086338e+03  2.000168487448630231e+03  1.000000000000000000e+04  1.000317798939405111e+04
577 11541 1.202980e-01 2.746033e+01  1.994990899190086338e+03  1.996915058007878542e+03  1.000000000000000000e+04  1.000201370593914180e+04
578 11561 1.198985e-01 2.747138e+01  1.994990899190086338e+03  1.996944825498281944e+03  1.000000000000000000e+04  1.000201904496861061e+04
579 11581 1.196503e-01 2.748750e+01  1.994990899190086338e+03  1.996569896287455322e+03  1.000000000000000000e+04  1.000201792319169544e+04
580 11601 1.195866e-01 2.750056e+01  1.994990899190086338e+03  1.996897948656039716e+03  1.000000000000000000e+04  1.000000000000000000e+04
581 11621 1.191598e-01 2.751273e+01  1.994990899190086338e+03  1.000000000000000000e+04  1.000000000000000000e+04  1.000319302138141211e+04
582 11641 1.177638e-01 2.752045e+01  1.994990899190086338e+03  1.996654109232551491e+03  1.000000000000000000e+04  1.000200114619242777e+04
583 11661 1.164881e-01 2.752954e+01  1.994990899190086338e+03  1.996901210319369738e+03  1.000000000000000000e+04  1.000000000000000000e+04
584 11681 1.154000e-01 2.752044e+01  1.994990899190086338e+03  2.000163628841874697e+03  1.000000000000000000e+04  1.000315339044909160e+04
585 11701 1.143505e-01 2.752840e+01  1.994990899190086338e+03  2.000149701736876750e+03  1.000000000000000000e+04  1.000202380082582567e+04
586 11721 1.137571e-01 2.752637e+01  1.994990899190086338e+03  1.000000000000000000e+04  1.000000000000000000e+04  1.000200846091777748e+04
587 11741 1.129971e-01 2.753503e+01  1.994990899190086338e+03  1.996909460382367342e+03  1.000000000000000000e+04  1.000317807332134544e+04
588 11761 1.123332e-01 2.753142e+01  1.994990899190086338e+03  2.000161887496034524e+03  1.000000000000000000e+04  1.000316093778624236e+04
589 11781 1.115808e-01 2.754826e+01  1.994990899190086338e+03  1.996945789058494483e+03  1.000000000000000000e+04  1.000279658955332161e+04
590 11801 1.110415e-01 2.755309e+01  1.994990899190086338e+03  2.000162524549468344e+03  1.000000000000000000e+04  1.000318342345896963e+04
591 11821 1.109638e-01 2.752665e+01  1.994990899190086338e+03  2.000168110846839454e+03  1.000000000000000000e+04  1.000202657675890805e+04
592 11841 1.105192e-01 2.753470e+01  1.994990899190086338e+03  1.996897781389636293e+03  1.000000000000000000e+04  1.000317620128918497e+04
593 11861 1.105875e-01 2.754156e+01  1.994990899190086338e+03  2.000163567945917293e+03  1.000000000000000000e+04  1.000201028588462395e+04
594 11881 1.108114e-01 2.754538e+01  1.994990899190086338e+03  1.997123250638284844e+03  1.000000000000000000e+04  1.000318506361646723e+04
595 11901 1.109648e-01 2.755169e+01  1.994990899190086338e+03  1.997053068482420031e+03  1.000000000000000000e+04  1.000201220576030209e+04
596 11921 1.107102e-01 2.756835e+01  1.994990899190086338e+03  1.996936258297212134e+03  1.000000000000000000e+04  1.000000000000000000e+04
597 11941 1.096819e-01 2.758652e+01  1.994990899190086338e+03  2.000140899130977004e+03  1.000000000000000000e+04  1.000201919079625986e+04
598 11961 1.085697e-01 2.758146e+01  1.994990899190086338e+03  1.996935774245278935e+03  1.000000000000000000e+04  1.000201200932936445e+04
599 11981 1.080868e-01 2.757994e+01  1.994990899190086338e+03  1.996896250058223359e+03  1.000000000000000000e+04  1.000200526804490073e+04
600 12001 1.077630e-01 2.759091e+01  1.994990899190086338e+03  1.996892326011084833e+03  1.000000000000000000e+04  1.000200920760675399e+04
