%  columns="iteration, evaluation, sigma, axis ratio, bestever, best, median, worst fitness function value, further objective values of best" (startseed=212368, 2017/07/31 15:3:50.69)
1 21 1.070290e+00 1.120373e+02  1.996868257892304044e+00  2.205786381011171748e+00  2.491928391901430118e+00  3.610913628684564447e+00
2 41 1.029784e+00 1.120592e+02  1.996868257892304044e+00  2.186722071016379942e+00  2.524296442778898975e+00  2.762829258369486229e+00
3 61 9.910682e-01 1.122074e+02  1.996868257892304044e+00  2.257618765439463271e+00  2.560564396360350159e+00  2.775770790851554093e+00
4 81 9.623745e-01 1.122305e+02  1.996868257892304044e+00  2.314234715647957241e+00  2.539241390410016841e+00  3.260456289935723007e+00
5 101 9.365540e-01 1.122333e+02  1.996868257892304044e+00  2.170102558965839368e+00  2.520147000991232566e+00  3.212219052238789896e+00
6 121 9.163581e-01 1.122372e+02  1.996868257892304044e+00  2.321852915181473520e+00  2.624796324305944228e+00  3.865119699127324893e+00
7 141 8.972188e-01 1.122847e+02  1.996868257892304044e+00  2.249909161177572781e+00  2.562454342962480425e+00  2.995471835578749520e+00
8 161 8.808315e-01 1.122644e+02  1.996868257892304044e+00  2.262224125611805636e+00  2.578438302757417588e+00  4.062670349213986398e+00
9 181 8.674765e-01 1.122573e+02  1.996868257892304044e+00  2.236127740388141660e+00  2.511915393428785670e+00  6.155862735674693553e+00
10 201 8.614274e-01 1.123601e+02  1.996868257892304044e+00  2.283441547375194336e+00  2.556671273631355490e+00  3.148761036789862633e+00
11 221 8.542060e-01 1.123981e+02  1.996868257892304044e+00  2.170044507425304747e+00  2.489592090969566129e+00  5.977653056723936764e+00
12 241 8.472930e-01 1.124275e+02  1.996868257892304044e+00  2.215392444516476544e+00  2.398901383418604816e+00  2.995202060873828565e+00
13 261 8.376392e-01 1.124217e+02  1.996868257892304044e+00  2.108795264383429124e+00  2.421660692636153023e+00  2.656510684935168509e+00
14 281 8.318603e-01 1.124388e+02  1.996868257892304044e+00  2.124977489887490023e+00  2.516758747062566304e+00  2.721361965292399265e+00
15 301 8.263874e-01 1.124700e+02  1.996868257892304044e+00  2.194842132687612857e+00  2.423974634609961321e+00  2.712516341454553004e+00
16 321 8.207184e-01 1.124647e+02  1.996868257892304044e+00  2.246622482167883295e+00  2.517828709090208505e+00  2.953854085095102722e+00
17 341 8.138340e-01 1.125311e+02  1.996868257892304044e+00  2.227817095322461416e+00  2.345133350501057201e+00  2.770384867866494627e+00
18 361 8.083922e-01 1.125290e+02  1.996868257892304044e+00  2.198100107609379794e+00  2.396277012900820402e+00  3.996437176429608940e+00
19 381 7.995631e-01 1.125511e+02  1.996868257892304044e+00  2.155827076150533816e+00  2.380312708967514013e+00  2.624967952960676865e+00
20 401 7.912141e-01 1.125776e+02  1.996868257892304044e+00  2.150562870843674812e+00  2.473624269547948451e+00  5.955585950882372082e+00
21 421 7.816913e-01 1.124713e+02  1.996868257892304044e+00  2.179179208187803418e+00  2.412256432961616515e+00  3.120267449201746590e+00
22 441 7.704991e-01 1.124858e+02  1.996868257892304044e+00  2.157693731017611416e+00  2.398602200416472208e+00  3.056858223956711029e+00
23 461 7.621439e-01 1.125208e+02  1.996868257892304044e+00  2.279883927736773952e+00  2.380109600472237741e+00  2.727838722767283564e+00
24 481 7.540080e-01 1.125419e+02  1.996868257892304044e+00  2.087934291413835020e+00  2.341142452759568116e+00  3.094644495208460633e+00
25 501 7.467301e-01 1.125477e+02  1.996868257892304044e+00  2.176411748227325305e+00  2.357495124941510145e+00  2.761427207815976725e+00
26 521 7.392093e-01 1.125405e+02  1.996868257892304044e+00  2.119509184653522560e+00  2.392494484752402784e+00  4.020000114368919242e+00
27 541 7.314300e-01 1.125327e+02  1.996868257892304044e+00  2.230666071610165613e+00  2.492763485913292776e+00  3.905681355098371998e+00
28 561 7.229525e-01 1.125516e+02  1.996868257892304044e+00  2.217369920378479353e+00  2.403878486002371417e+00  2.791400756931831317e+00
29 581 7.154323e-01 1.125703e+02  1.996868257892304044e+00  2.121068823089720112e+00  2.315991544799642199e+00  2.957373075736577483e+00
30 601 7.085177e-01 1.125905e+02  1.996868257892304044e+00  2.112071328971206530e+00  2.287644195833983041e+00  2.685650772899062400e+00
31 621 6.986625e-01 1.125904e+02  1.996868257892304044e+00  2.163768219354865963e+00  2.313208260989354947e+00  2.864125667623819371e+00
32 641 6.902126e-01 1.126508e+02  1.996868257892304044e+00  2.125765402140336935e+00  2.271934168842695279e+00  3.990865532683197880e+00
33 661 6.849043e-01 1.126689e+02  1.996868257892304044e+00  2.173142275580879801e+00  2.419499083682813190e+00  6.249884744882462151e+00
34 681 6.828050e-01 1.126860e+02  1.996868257892304044e+00  2.210569545535420399e+00  2.380824041039092620e+00  2.748535456017303868e+00
35 701 6.788481e-01 1.127220e+02  1.996868257892304044e+00  2.163497523531565658e+00  2.302144863411506037e+00  3.883450856626114778e+00
36 721 6.763645e-01 1.126214e+02  1.996868257892304044e+00  2.122999312859060517e+00  2.412907951311634047e+00  3.886006360576679253e+00
37 741 6.726275e-01 1.126560e+02  1.996868257892304044e+00  2.159451919299284928e+00  2.288398051038456948e+00  2.919982630926517775e+00
38 761 6.713981e-01 1.126414e+02  1.996868257892304044e+00  2.123622662543801276e+00  2.328866593798519791e+00  2.638097920462075141e+00
39 781 6.690995e-01 1.126390e+02  1.996868257892304044e+00  2.112756671135310071e+00  2.354079667934890097e+00  4.992790032808472667e+00
40 801 6.659024e-01 1.126513e+02  1.996868257892304044e+00  2.116801406900527649e+00  2.313161109726471043e+00  2.588056224062427635e+00
41 821 6.602049e-01 1.126420e+02  1.996868257892304044e+00  2.213925968849381754e+00  2.314911149407906876e+00  2.775690358400455526e+00
42 841 6.561561e-01 1.126598e+02  1.996868257892304044e+00  2.159190106452963054e+00  2.392410216518939148e+00  2.912069867648914734e+00
43 861 6.499640e-01 1.126820e+02  1.996868257892304044e+00  2.126396894985496111e+00  2.358736510175345025e+00  2.643679110265967580e+00
44 881 6.442037e-01 1.126536e+02  1.996868257892304044e+00  2.142888964116452133e+00  2.293984313332068758e+00  2.687582990535561489e+00
45 901 6.409774e-01 1.126312e+02  1.996868257892304044e+00  2.168659883514551634e+00  2.384469453458251120e+00  3.921522311221229184e+00
46 921 6.390893e-01 1.126543e+02  1.996868257892304044e+00  2.138190125922031282e+00  2.309285456666839931e+00  3.777402950320831287e+00
47 941 6.382538e-01 1.126864e+02  1.996868257892304044e+00  2.148631953659197347e+00  2.288630564076264307e+00  2.515538861579778906e+00
48 961 6.365683e-01 1.126664e+02  1.996868257892304044e+00  2.081512955346343841e+00  2.242604861380746328e+00  2.576087874421947088e+00
49 981 6.366880e-01 1.126791e+02  1.996868257892304044e+00  2.109361821001920489e+00  2.234046068882737046e+00  2.524209874715397817e+00
50 1001 6.357690e-01 1.127306e+02  1.996868257892304044e+00  2.105277605177910960e+00  2.349417066019266365e+00  5.923029259722345508e+00
51 1021 6.342468e-01 1.127323e+02  1.996868257892304044e+00  2.129156055626761912e+00  2.292577323742484019e+00  2.622863510252809949e+00
52 1041 6.327627e-01 1.127435e+02  1.996868257892304044e+00  2.079906084908171415e+00  2.308001981660577684e+00  2.834499235444872589e+00
53 1061 6.291740e-01 1.127589e+02  1.996868257892304044e+00  2.187129488102475428e+00  2.296661436534273903e+00  3.015824098993151292e+00
54 1081 6.258249e-01 1.127504e+02  1.996868257892304044e+00  2.109444799181856123e+00  2.296457322411616708e+00  2.581074263148232628e+00
55 1101 6.228212e-01 1.127712e+02  1.996868257892304044e+00  2.127581871362778543e+00  2.281369370370724958e+00  3.490371095234670484e+00
56 1121 6.212431e-01 1.127865e+02  1.996868257892304044e+00  2.131170692739794870e+00  2.301807991877811155e+00  2.509943155688545868e+00
57 1141 6.205056e-01 1.128313e+02  1.996868257892304044e+00  2.147953498275853246e+00  2.356466314049859179e+00  4.017116302747600010e+00
58 1161 6.216010e-01 1.130227e+02  1.996868257892304044e+00  2.060574030216418606e+00  2.211851823574874754e+00  2.419673107016237168e+00
59 1181 6.202598e-01 1.130148e+02  1.996868257892304044e+00  2.079277247192763856e+00  2.177813478625027610e+00  2.581332261368262770e+00
60 1201 6.170952e-01 1.130808e+02  1.996868257892304044e+00  2.065028027438171598e+00  2.221724208538502943e+00  2.674369858338322192e+00
61 1221 6.164944e-01 1.130859e+02  1.996868257892304044e+00  2.099870159158166327e+00  2.282876443611506989e+00  3.770602488852181633e+00
62 1241 6.142194e-01 1.131160e+02  1.996868257892304044e+00  2.066911968797375820e+00  2.226607606410499152e+00  2.507658854606790833e+00
63 1261 6.138708e-01 1.130545e+02  1.996868257892304044e+00  2.120266312726143187e+00  2.301566716296509885e+00  3.795846360229712779e+00
64 1281 6.095691e-01 1.130610e+02  1.996868257892304044e+00  2.137603311393632577e+00  2.305946731553285112e+00  2.778087624299894198e+00
65 1301 6.055572e-01 1.131042e+02  1.996868257892304044e+00  2.072164428987139484e+00  2.286365935580599196e+00  2.975089794937310295e+00
66 1321 6.021450e-01 1.131038e+02  1.996868257892304044e+00  2.133118852654645625e+00  2.224182216346382912e+00  3.752925472701130971e+00
67 1341 5.992991e-01 1.130858e+02  1.996868257892304044e+00  2.098300636629432780e+00  2.219905764564813033e+00  2.721142225036647933e+00
68 1361 5.945349e-01 1.130242e+02  1.996868257892304044e+00  2.125480559321547336e+00  2.269096940505369808e+00  3.670389880958397910e+00
69 1381 5.906053e-01 1.130364e+02  1.996868257892304044e+00  2.161555440820309038e+00  2.256388771583238917e+00  2.467522185176997951e+00
70 1401 5.855460e-01 1.129875e+02  1.996868257892304044e+00  2.115455802049009737e+00  2.280005611901944285e+00  2.845835615967269749e+00
71 1421 5.791820e-01 1.130404e+02  1.996868257892304044e+00  2.126212926091747946e+00  2.334311051331741105e+00  2.626538068339523413e+00
72 1441 5.751751e-01 1.129140e+02  1.996868257892304044e+00  2.124986597826377999e+00  2.219259512775150434e+00  2.707335339805669427e+00
73 1461 5.726170e-01 1.129522e+02  1.996868257892304044e+00  2.085388185455320009e+00  2.280065763093171327e+00  4.088937320147113752e+00
74 1481 5.701383e-01 1.130230e+02  1.996868257892304044e+00  2.079982852641216073e+00  2.307181956965468128e+00  2.483330137754963474e+00
75 1501 5.696651e-01 1.129974e+02  1.996868257892304044e+00  2.070846629218619839e+00  2.232274691409167122e+00  2.633850920632240467e+00
76 1521 5.679902e-01 1.130037e+02  1.996868257892304044e+00  2.091598348283719488e+00  2.201839548271972813e+00  3.963663003649167571e+00
77 1541 5.660942e-01 1.129693e+02  1.996868257892304044e+00  2.073617703588246375e+00  2.256073513466573921e+00  3.981727191108292541e+00
78 1561 5.620960e-01 1.129937e+02  1.996868257892304044e+00  2.054299533461223071e+00  2.165941976815626724e+00  2.580921514801152838e+00
79 1581 5.570032e-01 1.130116e+02  1.996868257892304044e+00  2.063051464592612128e+00  2.219474630625458467e+00  2.991826089426143920e+00
80 1601 5.501624e-01 1.129749e+02  1.996868257892304044e+00  2.132364992531972536e+00  2.214608017330880863e+00  3.915870955919746432e+00
81 1621 5.455672e-01 1.129909e+02  1.996868257892304044e+00  2.082693770482176632e+00  2.210221682367022655e+00  4.018012157535370221e+00
82 1641 5.455217e-01 1.130227e+02  1.996868257892304044e+00  2.091335010796832705e+00  2.187734028133875075e+00  3.912472534357562370e+00
83 1661 5.460373e-01 1.130644e+02  1.996868257892304044e+00  2.097624829643555788e+00  2.193937036696155474e+00  3.788476780163758217e+00
84 1681 5.441852e-01 1.130698e+02  1.996868257892304044e+00  2.103590005931860407e+00  2.193716046861910129e+00  2.466881084356647325e+00
85 1701 5.437879e-01 1.131001e+02  1.996868257892304044e+00  2.085589466015076887e+00  2.234130051812993845e+00  2.582948001130491278e+00
86 1721 5.445450e-01 1.131164e+02  1.996868257892304044e+00  2.102730278209859804e+00  2.181791186920469805e+00  3.839781111728840735e+00
87 1741 5.446897e-01 1.131726e+02  1.996868257892304044e+00  2.082675229927149818e+00  2.237279470734913289e+00  2.422290183727588531e+00
88 1761 5.438472e-01 1.131793e+02  1.996868257892304044e+00  2.077894769379807549e+00  2.245579992190529950e+00  3.774465388941812716e+00
89 1781 5.414561e-01 1.132020e+02  1.996868257892304044e+00  2.095762041554584343e+00  2.182400554483512334e+00  2.745467789755557497e+00
90 1801 5.361148e-01 1.132999e+02  1.996868257892304044e+00  2.099953621229941003e+00  2.217736652119226104e+00  5.402323387787642872e+00
91 1821 5.316043e-01 1.133284e+02  1.996868257892304044e+00  2.114117858809658301e+00  2.183579325967413887e+00  2.430596146429687465e+00
92 1841 5.254538e-01 1.133208e+02  1.996868257892304044e+00  2.127425366987739874e+00  2.192023734790871980e+00  2.743479915414561709e+00
93 1861 5.203533e-01 1.133594e+02  1.996868257892304044e+00  2.085678943361700455e+00  2.250350075715441100e+00  2.513969001449940954e+00
94 1881 5.159907e-01 1.134049e+02  1.996868257892304044e+00  2.091284780300821655e+00  2.154898769171528450e+00  2.554777882225916397e+00
95 1901 5.124801e-01 1.134142e+02  1.996868257892304044e+00  2.052308034582255747e+00  2.161221173366594250e+00  3.766290007262150574e+00
96 1921 5.106133e-01 1.134415e+02  1.996868257892304044e+00  2.061344438365954268e+00  2.160015972165312270e+00  3.508786716394762806e+00
97 1941 5.085430e-01 1.135675e+02  1.996868257892304044e+00  2.075162365674469989e+00  2.200757040566074352e+00  2.956061443423846136e+00
98 1961 5.066308e-01 1.135974e+02  1.996868257892304044e+00  2.084845504019496865e+00  2.216107427365776150e+00  2.509925265603988542e+00
99 1981 5.072462e-01 1.136911e+02  1.996868257892304044e+00  2.070568674669901021e+00  2.152969368536198580e+00  2.537854805640527012e+00
100 2001 5.081993e-01 1.136996e+02  1.996868257892304044e+00  2.086975626033835685e+00  2.219175025459955375e+00  2.628919881046453355e+00
101 2021 5.088381e-01 1.137618e+02  1.996868257892304044e+00  2.068988695030759661e+00  2.149971925619060364e+00  3.912329339945038065e+00
102 2041 5.096081e-01 1.137879e+02  1.996868257892304044e+00  2.051836994440203288e+00  2.163916341935623322e+00  2.641207398816650453e+00
103 2061 5.097482e-01 1.138202e+02  1.996868257892304044e+00  2.073424286000024264e+00  2.167764101069051375e+00  3.030255778239824949e+00
104 2081 5.106900e-01 1.138118e+02  1.996868257892304044e+00  2.058990794466967866e+00  2.167962566291898430e+00  2.600778043189515998e+00
105 2101 5.117492e-01 1.138173e+02  1.996868257892304044e+00  2.103134280719016758e+00  2.183801765222703750e+00  2.707893362791431890e+00
106 2121 5.103882e-01 1.138215e+02  1.996868257892304044e+00  2.039141648668958862e+00  2.162408398008904165e+00  3.775263587307616131e+00
107 2141 5.100240e-01 1.138148e+02  1.996868257892304044e+00  2.112954276981035662e+00  2.182632147898624364e+00  2.605568936769295352e+00
108 2161 5.104781e-01 1.138248e+02  1.996868257892304044e+00  2.102363532069700280e+00  2.197923090004612057e+00  2.403049863850173384e+00
109 2181 5.101796e-01 1.138812e+02  1.996868257892304044e+00  2.068504497703326006e+00  2.227872132598497146e+00  3.628772367733890558e+00
110 2201 5.095222e-01 1.139298e+02  1.996868257892304044e+00  2.056386794328552536e+00  2.172474449819033815e+00  2.511570568544160942e+00
111 2221 5.090078e-01 1.139668e+02  1.996868257892304044e+00  2.054567673416995977e+00  2.147222703627882368e+00  2.416047891826199834e+00
112 2241 5.061094e-01 1.139678e+02  1.996868257892304044e+00  2.035338326631871642e+00  2.165123108311854061e+00  2.680467647694309008e+00
113 2261 5.025285e-01 1.140910e+02  1.996868257892304044e+00  2.040244540255749417e+00  2.172334583478432002e+00  2.680003355906900975e+00
114 2281 5.005888e-01 1.140887e+02  1.996868257892304044e+00  2.075641702787566434e+00  2.172412221748902361e+00  2.544974310183927280e+00
115 2301 4.979819e-01 1.141191e+02  1.996868257892304044e+00  2.062732798172564053e+00  2.169472248991456631e+00  2.520604473627617192e+00
116 2321 4.932081e-01 1.141502e+02  1.996868257892304044e+00  2.053703609880990211e+00  2.161059852654299451e+00  2.335667526514624726e+00
117 2341 4.882471e-01 1.141231e+02  1.996868257892304044e+00  2.065183252691028759e+00  2.162889629906016964e+00  2.565553587602294794e+00
118 2361 4.844391e-01 1.141253e+02  1.996868257892304044e+00  2.067936365124582565e+00  2.159219327983742609e+00  2.530388542355145987e+00
119 2381 4.801207e-01 1.141654e+02  1.996868257892304044e+00  2.047640424796516978e+00  2.172051350195618014e+00  2.416346097268355475e+00
120 2401 4.757913e-01 1.142706e+02  1.996868257892304044e+00  2.056506963491329554e+00  2.166597290802769749e+00  3.733090372113090361e+00
121 2421 4.713665e-01 1.142808e+02  1.996868257892304044e+00  2.066102331499721778e+00  2.149226565619887452e+00  2.831923805236827629e+00
122 2441 4.669431e-01 1.143116e+02  1.996868257892304044e+00  2.055183705810489148e+00  2.175884181338833212e+00  5.819756164716835656e+00
123 2461 4.617641e-01 1.143507e+02  1.996868257892304044e+00  2.057734259254924147e+00  2.152870067509076613e+00  2.315206002638070970e+00
124 2481 4.590797e-01 1.143890e+02  1.996868257892304044e+00  2.066395244603777215e+00  2.130343154875533607e+00  2.337841033483432973e+00
125 2501 4.572298e-01 1.143970e+02  1.996868257892304044e+00  2.041642179045871863e+00  2.121267179842575956e+00  2.920569319567620337e+00
126 2521 4.534182e-01 1.145031e+02  1.996868257892304044e+00  2.058019022401283760e+00  2.159019741962333150e+00  2.318605504339682710e+00
127 2541 4.519985e-01 1.145153e+02  1.996868257892304044e+00  2.064148481936784574e+00  2.198944345464644456e+00  2.526589227295943374e+00
128 2561 4.463696e-01 1.145711e+02  1.996868257892304044e+00  2.043858654033756661e+00  2.165589799543305993e+00  2.600861904654773404e+00
129 2581 4.420578e-01 1.145886e+02  1.996868257892304044e+00  2.040183052622761117e+00  2.122469972314826592e+00  2.572741099786049812e+00
130 2601 4.365705e-01 1.146015e+02  1.996868257892304044e+00  2.043237334137746775e+00  2.131769961772874478e+00  3.621832968441975442e+00
131 2621 4.307271e-01 1.146103e+02  1.996868257892304044e+00  2.065156746271124888e+00  2.109189179358074817e+00  3.772917369584672720e+00
132 2641 4.261328e-01 1.146034e+02  1.996868257892304044e+00  2.053728640823857088e+00  2.130489294906268150e+00  2.227169617150801528e+00
133 2661 4.213556e-01 1.146432e+02  1.996868257892304044e+00  2.054484592614926886e+00  2.119987374680522230e+00  3.275443370783762909e+00
134 2681 4.177330e-01 1.146582e+02  1.996868257892304044e+00  2.073575735233460726e+00  2.126143830784819500e+00  2.479843450572071450e+00
135 2701 4.141459e-01 1.145680e+02  1.996868257892304044e+00  2.057314264897500689e+00  2.156995456970761005e+00  2.497647386607457332e+00
136 2721 4.117574e-01 1.146093e+02  1.996868257892304044e+00  2.032469478147961972e+00  2.122309747531859081e+00  2.543199356340799966e+00
137 2741 4.106210e-01 1.146339e+02  1.996868257892304044e+00  2.083276701506067585e+00  2.111130720774826663e+00  2.542121868396731266e+00
138 2761 4.071366e-01 1.146606e+02  1.996868257892304044e+00  2.064611840844213564e+00  2.124596974195315013e+00  2.320757939662354996e+00
139 2781 4.055024e-01 1.146387e+02  1.996868257892304044e+00  2.058398585826776817e+00  2.118561181380924641e+00  2.267639245608904286e+00
140 2801 4.029762e-01 1.146094e+02  1.996868257892304044e+00  2.041201298218716431e+00  2.121296917579407193e+00  3.688399373548923776e+00
141 2821 4.017768e-01 1.146245e+02  1.996868257892304044e+00  2.034932808857450759e+00  2.089016752349047046e+00  2.185806878427227762e+00
142 2841 4.013150e-01 1.146481e+02  1.996868257892304044e+00  2.032652912343570151e+00  2.093775639626193730e+00  2.685590609121307093e+00
143 2861 3.997516e-01 1.147283e+02  1.996868257892304044e+00  2.031233906389352750e+00  2.116348244750884344e+00  3.819181430660489429e+00
144 2881 3.980666e-01 1.147454e+02  1.996868257892304044e+00  2.061508336950857778e+00  2.116247335235705407e+00  5.805613102028456041e+00
145 2901 3.963240e-01 1.147814e+02  1.996868257892304044e+00  2.029893673866789428e+00  2.100476018414303425e+00  2.154066663328399134e+00
146 2921 3.940650e-01 1.147800e+02  1.996868257892304044e+00  2.034725048240654033e+00  2.113376888028383860e+00  2.267131682172230267e+00
147 2941 3.925040e-01 1.147841e+02  1.996868257892304044e+00  2.041158197363656335e+00  2.129314685231404880e+00  2.546297612867950644e+00
148 2961 3.900771e-01 1.148156e+02  1.996868257892304044e+00  2.044309196126686601e+00  2.077963043325866010e+00  2.518692067591596917e+00
149 2981 3.893968e-01 1.148453e+02  1.996868257892304044e+00  2.029216497307438694e+00  2.107322742562888429e+00  2.516285018719151889e+00
150 3001 3.908910e-01 1.148462e+02  1.996868257892304044e+00  2.042834751217054823e+00  2.100625992261777597e+00  3.679432748621153326e+00
151 3021 3.894633e-01 1.148547e+02  1.996868257892304044e+00  2.032939973180136306e+00  2.102488376892864608e+00  2.290786444207081995e+00
152 3041 3.877664e-01 1.148448e+02  1.996868257892304044e+00  2.038396766721002784e+00  2.079561649183191641e+00  3.760171572559520836e+00
153 3061 3.865055e-01 1.148508e+02  1.996868257892304044e+00  2.023029069797284585e+00  2.095615934687016235e+00  4.293127314416921969e+00
154 3081 3.865680e-01 1.148510e+02  1.996868257892304044e+00  2.034751273712322561e+00  2.112145430595396611e+00  2.530290997489410998e+00
155 3101 3.863454e-01 1.149035e+02  1.996868257892304044e+00  2.031488293356055852e+00  2.097663610947444024e+00  2.575328812993658900e+00
156 3121 3.862229e-01 1.149102e+02  1.996868257892304044e+00  2.038136317296558087e+00  2.109649715774946088e+00  3.805822013415324889e+00
157 3141 3.826899e-01 1.150281e+02  1.996868257892304044e+00  2.031333271827888254e+00  2.106652815455846373e+00  3.181047525380834795e+00
158 3161 3.778767e-01 1.149915e+02  1.996868257892304044e+00  2.024870895502286050e+00  2.103296885324455801e+00  3.755665525966107143e+00
159 3181 3.751954e-01 1.149898e+02  1.996868257892304044e+00  2.064579480265825939e+00  2.106264435668247614e+00  2.259015297277344292e+00
160 3201 3.733022e-01 1.149695e+02  1.996868257892304044e+00  2.031131453977583767e+00  2.075371759028517005e+00  3.872110643108026107e+00
161 3221 3.701653e-01 1.150431e+02  1.996868257892304044e+00  2.026525510177489942e+00  2.064078161836062186e+00  2.155205315534864052e+00
162 3241 3.695234e-01 1.150623e+02  1.996868257892304044e+00  2.033466547460107243e+00  2.099837158083146527e+00  3.773593194496338121e+00
163 3261 3.678288e-01 1.151570e+02  1.996868257892304044e+00  2.044883619347266368e+00  2.105364256011339918e+00  3.785268021936041727e+00
164 3281 3.653697e-01 1.150708e+02  1.996868257892304044e+00  2.031055493627331288e+00  2.116697821429115667e+00  3.923721468245896737e+00
165 3301 3.626408e-01 1.150849e+02  1.996868257892304044e+00  2.027654786518899410e+00  2.089250627831911178e+00  2.321674242937379340e+00
166 3321 3.582413e-01 1.151755e+02  1.996868257892304044e+00  2.017128745871756390e+00  2.074292215053377575e+00  2.366374125597281886e+00
167 3341 3.552482e-01 1.152370e+02  1.996868257892304044e+00  2.041273518809460619e+00  2.072858448204347059e+00  2.309715135942771447e+00
168 3361 3.525787e-01 1.152368e+02  1.996868257892304044e+00  2.033645349782565503e+00  2.061549751001063413e+00  2.533449963612647515e+00
169 3381 3.503221e-01 1.152428e+02  1.996868257892304044e+00  2.044327389004039652e+00  2.078416720978200960e+00  2.377742241928023859e+00
170 3401 3.502250e-01 1.152169e+02  1.996868257892304044e+00  2.047106786828871705e+00  2.084918974872315811e+00  2.526668785752150370e+00
171 3421 3.500070e-01 1.152194e+02  1.996868257892304044e+00  2.019598469458327994e+00  2.084428147355311900e+00  2.369708576911817133e+00
172 3441 3.477856e-01 1.152256e+02  1.996868257892304044e+00  2.028580224296911982e+00  2.062658370784176132e+00  2.533792911712963836e+00
173 3461 3.466290e-01 1.152599e+02  1.996868257892304044e+00  2.053486754090457111e+00  2.075789079364839473e+00  2.274862996612687205e+00
174 3481 3.457174e-01 1.152384e+02  1.996868257892304044e+00  2.044832897398893401e+00  2.112951295011896491e+00  3.768165641768146390e+00
175 3501 3.454646e-01 1.153429e+02  1.996868257892304044e+00  2.049978827191671460e+00  2.116926925126363379e+00  3.557451092309252605e+00
176 3521 3.445268e-01 1.154198e+02  1.996868257892304044e+00  2.037248788134847111e+00  2.090209919412455264e+00  2.193168322531924730e+00
177 3541 3.450199e-01 1.154765e+02  1.996868257892304044e+00  2.046153953713631957e+00  2.094255086447586400e+00  2.580208136081969084e+00
178 3561 3.466335e-01 1.155055e+02  1.996868257892304044e+00  2.047261063095604516e+00  2.101327065535294469e+00  3.708622150220281632e+00
179 3581 3.478204e-01 1.155458e+02  1.996868257892304044e+00  2.032064300279147862e+00  2.113917959103635003e+00  2.548654793463521973e+00
180 3601 3.487786e-01 1.155278e+02  1.996868257892304044e+00  2.038291287080041148e+00  2.122754635219290087e+00  3.814125245449382362e+00
181 3621 3.468298e-01 1.155864e+02  1.996868257892304044e+00  2.034178636377932836e+00  2.099918810703890415e+00  2.331071719290534361e+00
182 3641 3.458911e-01 1.155891e+02  1.996868257892304044e+00  2.028310489197928668e+00  2.078548497891069324e+00  3.734112003841753680e+00
183 3661 3.460337e-01 1.155724e+02  1.996868257892304044e+00  2.032722115705750454e+00  2.097228491563334352e+00  2.385079354368508486e+00
184 3681 3.450380e-01 1.156323e+02  1.996868257892304044e+00  2.031858257283934766e+00  2.118523928973515158e+00  3.624869907490497312e+00
185 3701 3.447421e-01 1.156485e+02  1.996868257892304044e+00  2.026706307377484695e+00  2.065613592924895769e+00  3.801281621502618169e+00
186 3721 3.453920e-01 1.156842e+02  1.996868257892304044e+00  2.045801941971336912e+00  2.072790207467382295e+00  3.620888588026192512e+00
187 3741 3.450069e-01 1.156982e+02  1.996868257892304044e+00  2.031653038474426243e+00  2.073574017600090968e+00  2.555535812922200112e+00
188 3761 3.453632e-01 1.156790e+02  1.996868257892304044e+00  2.028329014382396434e+00  2.130579777473368353e+00  2.395485237894278807e+00
189 3781 3.465912e-01 1.157304e+02  1.996868257892304044e+00  2.036638787110955473e+00  2.074204635844363764e+00  2.580660295719817476e+00
190 3801 3.437963e-01 1.157217e+02  1.996868257892304044e+00  2.030180492114155300e+00  2.122780144587708584e+00  3.761571081249976078e+00
191 3821 3.402302e-01 1.157628e+02  1.996868257892304044e+00  2.014850648768318653e+00  2.078763903443595851e+00  2.157533011555024416e+00
192 3841 3.356766e-01 1.158020e+02  1.996868257892304044e+00  2.019557949620133019e+00  2.073135189982832305e+00  3.797436797119850382e+00
193 3861 3.321778e-01 1.158729e+02  1.996868257892304044e+00  2.026741571113825024e+00  2.067147051202854247e+00  3.702742638473806913e+00
194 3881 3.288223e-01 1.158782e+02  1.996868257892304044e+00  2.017382672193611892e+00  2.081556754964003275e+00  2.583984234726879325e+00
195 3901 3.244681e-01 1.158605e+02  1.996868257892304044e+00  2.026013748551796390e+00  2.073943880552532093e+00  4.163676850859397760e+00
196 3921 3.194745e-01 1.158535e+02  1.996868257892304044e+00  2.020565728483042278e+00  2.089342846788920127e+00  3.736637578173640950e+00
197 3941 3.153954e-01 1.158966e+02  1.996868257892304044e+00  2.020545275784913830e+00  2.060940658388486391e+00  2.111899304478059403e+00
198 3961 3.109727e-01 1.159136e+02  1.996868257892304044e+00  2.014765283171103594e+00  2.045571742242805247e+00  2.559609353453940805e+00
199 3981 3.064839e-01 1.159169e+02  1.996868257892304044e+00  2.020722063315251393e+00  2.064135047456905347e+00  4.246531816561330608e+00
200 4001 3.021756e-01 1.159084e+02  1.996868257892304044e+00  2.007554901215059306e+00  2.072376430641438283e+00  3.485519113411746250e+00
201 4021 2.971703e-01 1.159021e+02  1.996868257892304044e+00  2.017987631810700400e+00  2.053277664065149111e+00  2.166682557650624119e+00
202 4041 2.936040e-01 1.158862e+02  1.996868257892304044e+00  2.030886297589939549e+00  2.060162949917879516e+00  2.527439465059884149e+00
203 4061 2.905830e-01 1.158431e+02  1.996868257892304044e+00  2.015111450113230784e+00  2.062752881960462137e+00  2.521611635108792271e+00
204 4081 2.857425e-01 1.159414e+02  1.996868257892304044e+00  2.015069811807144173e+00  2.062721543197118201e+00  3.700458107171804567e+00
205 4101 2.836019e-01 1.159691e+02  1.996868257892304044e+00  2.018721874228525781e+00  2.066239089868127543e+00  2.598745495306831188e+00
206 4121 2.814833e-01 1.159582e+02  1.996868257892304044e+00  2.007614945462314449e+00  2.048551317930809912e+00  3.731337173218860936e+00
207 4141 2.795767e-01 1.159990e+02  1.996868257892304044e+00  2.016949858144480245e+00  2.062986954290950692e+00  3.731409406949536489e+00
208 4161 2.781305e-01 1.160447e+02  1.996868257892304044e+00  2.021828955076313772e+00  2.053721422576851197e+00  2.357695945293014628e+00
209 4181 2.751191e-01 1.160678e+02  1.996868257892304044e+00  2.020987603978591007e+00  2.053218602103029422e+00  2.272615983753786484e+00
210 4201 2.721143e-01 1.160933e+02  1.996868257892304044e+00  2.011003854759568110e+00  2.046977685307540540e+00  3.779440465724946296e+00
211 4221 2.691248e-01 1.161136e+02  1.996868257892304044e+00  2.023176410910596523e+00  2.046736252195813677e+00  2.262227612502008878e+00
212 4241 2.652650e-01 1.161145e+02  1.996868257892304044e+00  2.005783034608811910e+00  2.048473318565290135e+00  3.745267126834972427e+00
213 4261 2.616256e-01 1.161246e+02  1.996868257892304044e+00  2.007826343396442059e+00  2.045410758793771322e+00  2.139954146623764153e+00
214 4281 2.589702e-01 1.161594e+02  1.996868257892304044e+00  2.006689732146892613e+00  2.042849263379034941e+00  2.752264897511873531e+00
215 4301 2.566544e-01 1.161516e+02  1.996868257892304044e+00  2.020957301004890017e+00  2.041593786941328759e+00  3.729964948166671235e+00
216 4321 2.547853e-01 1.161555e+02  1.996868257892304044e+00  2.005501024137839483e+00  2.042324642584723016e+00  3.712020321018688840e+00
217 4341 2.526805e-01 1.161396e+02  1.996868257892304044e+00  2.019979524553832562e+00  2.042998013995707574e+00  2.572330763259240261e+00
218 4361 2.495511e-01 1.161473e+02  1.996868257892304044e+00  2.011046372154144724e+00  2.035962287384583291e+00  2.127182374309902979e+00
219 4381 2.471501e-01 1.161592e+02  1.996868257892304044e+00  2.014321672388091677e+00  2.043048415698965670e+00  2.535643154418393941e+00
220 4401 2.443015e-01 1.161742e+02  1.996868257892304044e+00  2.016507973855334424e+00  2.043250282545788998e+00  2.279239233090422534e+00
221 4421 2.409583e-01 1.162037e+02  1.996868257892304044e+00  2.018002979815358700e+00  2.045532307566103825e+00  3.477748239140312059e+00
222 4441 2.376973e-01 1.162024e+02  1.996868257892304044e+00  2.008911102198587706e+00  2.054284794803052705e+00  2.138855492883344755e+00
223 4461 2.347009e-01 1.162056e+02  1.996868257892304044e+00  2.015615936524006724e+00  2.043009314432994827e+00  3.164432213253054016e+00
224 4481 2.319299e-01 1.162487e+02  1.996868257892304044e+00  2.015010911153108708e+00  2.040164761991345443e+00  5.164442375319914902e+00
225 4501 2.295080e-01 1.162548e+02  1.996868257892304044e+00  2.012880983091034359e+00  2.032219728061614550e+00  3.728385833125934301e+00
226 4521 2.274606e-01 1.162323e+02  1.996868257892304044e+00  2.010760826223022324e+00  2.034622430248375302e+00  2.615674524870340356e+00
227 4541 2.253253e-01 1.162177e+02  1.996868257892304044e+00  2.011019733620199812e+00  2.039230463532232918e+00  2.522468193084631771e+00
228 4561 2.230775e-01 1.162833e+02  1.996868257892304044e+00  2.011365978811938682e+00  2.043565932165593679e+00  3.292626015003143003e+00
229 4581 2.206048e-01 1.163369e+02  1.996868257892304044e+00  2.012477986492050341e+00  2.031752907058605118e+00  4.168938691425249310e+00
230 4601 2.185716e-01 1.163449e+02  1.996868257892304044e+00  2.010045480772935544e+00  2.037318896335890805e+00  3.723562561587757891e+00
231 4621 2.172271e-01 1.163195e+02  1.996868257892304044e+00  2.005745773865219128e+00  2.030995504124446516e+00  2.104716631304157204e+00
232 4641 2.155354e-01 1.163133e+02  1.996868257892304044e+00  2.004299761442677408e+00  2.037134685637059128e+00  3.757326505386139548e+00
233 4661 2.145085e-01 1.163552e+02  1.996868257892304044e+00  2.009118025410026487e+00  2.034576991596251716e+00  3.724906083693866332e+00
234 4681 2.132700e-01 1.163633e+02  1.996868257892304044e+00  2.004921213430166382e+00  2.044853381238346923e+00  3.688590234603940754e+00
235 4701 2.121686e-01 1.163474e+02  1.996868257892304044e+00  2.007530832093957329e+00  2.031433027059212915e+00  2.504158074908297671e+00
236 4721 2.118722e-01 1.163231e+02  1.996868257892304044e+00  2.003831390871766871e+00  2.029628173417463266e+00  3.682749571190298443e+00
237 4741 2.119516e-01 1.163329e+02  1.996868257892304044e+00  1.999772589646871657e+00  2.043626118016497628e+00  3.861196169583521076e+00
238 4761 2.124344e-01 1.164634e+02  1.996868257892304044e+00  2.009490250321491533e+00  2.036670691229935493e+00  3.705982350203251841e+00
239 4781 2.131381e-01 1.164617e+02  1.996868257892304044e+00  2.009154572865126553e+00  2.023822192728753855e+00  3.819366803670848132e+00
240 4801 2.143979e-01 1.163310e+02  1.996868257892304044e+00  2.007803734571614651e+00  2.042562617766588318e+00  3.729921540189951479e+00
241 4821 2.162531e-01 1.163315e+02  1.996868257892304044e+00  2.007583039242480716e+00  2.028176704629744087e+00  2.061590117869246175e+00
242 4841 2.170942e-01 1.163609e+02  1.996868257892304044e+00  2.005720449187002430e+00  2.021035710968417831e+00  2.271020457943916604e+00
243 4861 2.185615e-01 1.163938e+02  1.996868257892304044e+00  2.015502286292368606e+00  2.042839824382269853e+00  2.500981426926007778e+00
244 4881 2.195099e-01 1.164277e+02  1.996868257892304044e+00  2.007233903366407279e+00  2.041221040393971897e+00  2.572338867021189746e+00
245 4901 2.207231e-01 1.165316e+02  1.996868257892304044e+00  2.013557193996675210e+00  2.036770407277788575e+00  2.486766118426275263e+00
246 4921 2.227138e-01 1.165487e+02  1.996868257892304044e+00  2.005431136612066290e+00  2.042686294404862934e+00  2.230005542366416460e+00
247 4941 2.234133e-01 1.165658e+02  1.996868257892304044e+00  2.006348790395376724e+00  2.037575025817885521e+00  2.339327166846788764e+00
248 4961 2.238621e-01 1.166135e+02  1.996868257892304044e+00  2.011030389337128188e+00  2.030784774382792257e+00  3.717141029571635613e+00
249 4981 2.252871e-01 1.165582e+02  1.996868257892304044e+00  2.007254178933032041e+00  2.025964798083474072e+00  2.492885971906187770e+00
250 5001 2.261893e-01 1.165875e+02  1.996868257892304044e+00  1.998186771213731561e+00  2.040122953785303395e+00  5.775502347577311291e+00
251 5021 2.264062e-01 1.165966e+02  1.996868257892304044e+00  2.007443655683606831e+00  2.027628964044381643e+00  2.280828515359162090e+00
252 5041 2.269961e-01 1.165890e+02  1.996868257892304044e+00  2.003538957866016990e+00  2.022911491520451577e+00  2.090304946748023696e+00
253 5061 2.276916e-01 1.165999e+02  1.996868257892304044e+00  2.009433012645244876e+00  2.040544356495573197e+00  3.475955477730776177e+00
254 5081 2.278793e-01 1.166451e+02  1.996868257892304044e+00  2.004634337345569506e+00  2.040439673840544366e+00  3.374618965097094581e+00
255 5101 2.275013e-01 1.166707e+02  1.996868257892304044e+00  2.002372844269911134e+00  2.028651835944967452e+00  2.294976817574137407e+00
256 5121 2.281146e-01 1.166430e+02  1.996868257892304044e+00  1.997557538796610688e+00  2.027952994458162905e+00  2.516205702223669238e+00
257 5141 2.286296e-01 1.167517e+02  1.996868257892304044e+00  1.996945921844515581e+00  2.029257780851012605e+00  2.276667747916298445e+00
258 5161 2.299967e-01 1.167685e+02  1.996868257892304044e+00  2.000083397797657092e+00  2.030097931844580650e+00  2.072651575770193322e+00
259 5181 2.295934e-01 1.167890e+02  1.996868257892304044e+00  2.011566594465462376e+00  2.041425584384099601e+00  2.182833225443823189e+00
260 5201 2.297526e-01 1.167843e+02  1.996868257892304044e+00  2.004725027503630574e+00  2.031944566373343086e+00  2.494083470711284445e+00
261 5221 2.302013e-01 1.167691e+02  1.996868257892304044e+00  2.007256423971481851e+00  2.034878077956116194e+00  2.095903515982066256e+00
262 5241 2.314970e-01 1.167624e+02  1.996868257892304044e+00  2.011685505285912612e+00  2.044098730716479295e+00  3.740459828501897288e+00
263 5261 2.318572e-01 1.167617e+02  1.996868257892304044e+00  2.006392432499498391e+00  2.062493903017042829e+00  2.464128524826921129e+00
264 5281 2.321682e-01 1.167849e+02  1.996868257892304044e+00  2.013408855569211564e+00  2.045270815426169619e+00  3.721623358091051603e+00
265 5301 2.326527e-01 1.168407e+02  1.996868257892304044e+00  2.009610907004515390e+00  2.046102392582630269e+00  5.785822795984197242e+00
266 5321 2.320687e-01 1.168878e+02  1.996868257892304044e+00  2.006848841072594869e+00  2.039969337165912222e+00  3.738014967677553368e+00
267 5341 2.313968e-01 1.169199e+02  1.996868257892304044e+00  2.006938656752317307e+00  2.038491280805019290e+00  2.294886333156464175e+00
268 5361 2.313364e-01 1.169829e+02  1.996868257892304044e+00  2.003606237146555724e+00  2.022498664606710683e+00  2.067144470795889255e+00
269 5381 2.318865e-01 1.169960e+02  1.996868257892304044e+00  1.998766216710958998e+00  2.033865541745671912e+00  2.261427090492738046e+00
270 5401 2.320070e-01 1.170433e+02  1.996868257892304044e+00  1.998704790471504067e+00  2.039084419725512465e+00  5.800347398964605716e+00
271 5421 2.319457e-01 1.170581e+02  1.996868257892304044e+00  1.997641863116322414e+00  2.025118106031187359e+00  3.724555788392435396e+00
272 5441 2.322551e-01 1.170859e+02  1.995154408990718498e+00  1.995154408990718498e+00  2.028929923391437740e+00  5.730331135975070822e+00
273 5461 2.323949e-01 1.171332e+02  1.995154408990718498e+00  1.999799365009293339e+00  2.031106580290342301e+00  3.726130493926125720e+00
274 5481 2.325503e-01 1.171641e+02  1.995154408990718498e+00  2.003879389482879692e+00  2.043679747744797659e+00  2.726829661733226828e+00
275 5501 2.329765e-01 1.171953e+02  1.995154408990718498e+00  2.006280581848358668e+00  2.043359813406799397e+00  2.206847214303081728e+00
276 5521 2.333072e-01 1.171769e+02  1.995154408990718498e+00  2.004996766111638351e+00  2.021844796069265371e+00  2.718088515111646952e+00
277 5541 2.327058e-01 1.172139e+02  1.995154408990718498e+00  2.011223587756699072e+00  2.023755247041394867e+00  2.066588391130327551e+00
278 5561 2.316697e-01 1.172278e+02  1.995154408990718498e+00  1.998657197363314042e+00  2.031992043286857896e+00  2.524193215861335382e+00
279 5581 2.312652e-01 1.172135e+02  1.995154408990718498e+00  2.001369660822790220e+00  2.033057853911283352e+00  3.707367312414315830e+00
280 5601 2.295530e-01 1.172484e+02  1.995154408990718498e+00  1.997925369092700576e+00  2.028678470078276064e+00  2.077992044619742185e+00
281 5621 2.282211e-01 1.172727e+02  1.995154408990718498e+00  2.006127268041381750e+00  2.036143802509630341e+00  3.769930476923368357e+00
282 5641 2.261034e-01 1.172942e+02  1.995154408990718498e+00  2.003550312483991291e+00  2.036257663166824550e+00  2.304402593446263303e+00
283 5661 2.240457e-01 1.172934e+02  1.995154408990718498e+00  2.010257932305190121e+00  2.038522316757895858e+00  2.249358725610492993e+00
284 5681 2.216272e-01 1.172989e+02  1.995154408990718498e+00  2.004675036884855821e+00  2.036999988714322640e+00  2.505976919250217261e+00
285 5701 2.198334e-01 1.172984e+02  1.995154408990718498e+00  1.997723942997617685e+00  2.031740157932592439e+00  2.269190955728683345e+00
286 5721 2.180343e-01 1.173271e+02  1.995154408990718498e+00  1.997891727011985585e+00  2.020346704577931973e+00  2.052793429084474930e+00
287 5741 2.164321e-01 1.173450e+02  1.992185775260793212e+00  1.992185775260793212e+00  2.021489466706682059e+00  2.094194534292946219e+00
288 5761 2.146378e-01 1.173328e+02  1.992185775260793212e+00  2.002026735970148685e+00  2.027343902908711026e+00  2.306829777293669004e+00
289 5781 2.137849e-01 1.173658e+02  1.992185775260793212e+00  1.995510478705750268e+00  2.021074765590046951e+00  5.749343509320408607e+00
290 5801 2.138043e-01 1.173156e+02  1.992185775260793212e+00  2.001925179465164018e+00  2.019426414521777069e+00  2.559120256871539656e+00
291 5821 2.125428e-01 1.174158e+02  1.992185775260793212e+00  1.997396585233560895e+00  2.020502888231482608e+00  3.681028548707111270e+00
292 5841 2.117944e-01 1.175196e+02  1.992185775260793212e+00  1.994237038151287722e+00  2.019854823077924522e+00  2.465599524429436418e+00
293 5861 2.115238e-01 1.175072e+02  1.992185775260793212e+00  1.992297393070951106e+00  2.024337391397483366e+00  2.068862593666767058e+00
294 5881 2.111465e-01 1.175254e+02  1.992185775260793212e+00  1.993124094976274518e+00  2.018549005121906603e+00  2.526110926528269296e+00
295 5901 2.110180e-01 1.176366e+02  1.992185775260793212e+00  1.997164925513312150e+00  2.021232805718733871e+00  4.165449280156608758e+00
296 5921 2.107046e-01 1.176588e+02  1.992185775260793212e+00  2.000321606783542094e+00  2.025622422004766499e+00  3.463610905828829356e+00
297 5941 2.097289e-01 1.177040e+02  1.992185775260793212e+00  1.999712146489989850e+00  2.011434473179957827e+00  3.718393488883698694e+00
298 5961 2.077022e-01 1.177402e+02  1.992185775260793212e+00  1.998806300051667817e+00  2.015229905977183655e+00  2.064532447623740552e+00
299 5981 2.051902e-01 1.177814e+02  1.992185775260793212e+00  1.994193366783074461e+00  2.007641017594432586e+00  2.474077549976098300e+00
300 6001 2.032222e-01 1.178470e+02  1.991305342520365063e+00  1.991305342520365063e+00  2.010522571495613420e+00  3.685498036702063551e+00
