%  columns="iteration, evaluation, sigma, axis ratio, bestever, best, median, worst fitness function value, further objective values of best" (startseed=210494, 2017/09/15 20:14:29.95)
1 21 1.074026e+00 2.241902e+01  1.996076670144276704e+03  1.000218346273400493e+04  1.000286294426043241e+04  1.000352046859981783e+04
2 41 1.037927e+00 2.242493e+01  1.996076670144276704e+03  1.000222390985741913e+04  1.000262208368035135e+04  1.000380658427822527e+04
3 61 1.006010e+00 2.244577e+01  1.996076670144276704e+03  1.000212958545078800e+04  1.000253902138543708e+04  1.000342114965978180e+04
4 81 9.799648e-01 2.245061e+01  1.996076670144276704e+03  1.000229751198995291e+04  1.000255334991498239e+04  1.000325919555723158e+04
5 101 9.568686e-01 2.246000e+01  1.996076670144276704e+03  1.000229899059811760e+04  1.000256431079942377e+04  1.000327933594683418e+04
6 121 9.392431e-01 2.247266e+01  1.996076670144276704e+03  1.000225692268542116e+04  1.000251812319589408e+04  1.000325300269021136e+04
7 141 9.237025e-01 2.248913e+01  1.996076670144276704e+03  1.000226662592810862e+04  1.000260341611701369e+04  1.000354962017784055e+04
8 161 9.122913e-01 2.249300e+01  1.996076670144276704e+03  1.000223768923761781e+04  1.000259953241028416e+04  1.000366345925906353e+04
9 181 9.047416e-01 2.249813e+01  1.996076670144276704e+03  1.000216683035217466e+04  1.000293625319754574e+04  1.000414167493046625e+04
10 201 8.990771e-01 2.250896e+01  1.996076670144276704e+03  1.000223663070584007e+04  1.000249102590877192e+04  1.000348699080868391e+04
11 221 8.995854e-01 2.251056e+01  1.996076670144276704e+03  1.000220284507130600e+04  1.000249274757266903e+04  1.000321192972306926e+04
12 241 9.009939e-01 2.254905e+01  1.996076670144276704e+03  1.000218146462189543e+04  1.000242077229845017e+04  1.000344826706141430e+04
13 261 9.022880e-01 2.255096e+01  1.996076670144276704e+03  1.000224581968450730e+04  1.000261300746202323e+04  1.000341941174199201e+04
14 281 9.029121e-01 2.256084e+01  1.996076670144276704e+03  1.000216323173558339e+04  1.000243949293200421e+04  1.000328458835822676e+04
15 301 9.021472e-01 2.258341e+01  1.996076670144276704e+03  1.000221523120817255e+04  1.000242181815818003e+04  1.000339104633967145e+04
16 321 9.018232e-01 2.260103e+01  1.996076670144276704e+03  1.000232322365414802e+04  1.000253608592729688e+04  1.000313298679027321e+04
17 341 9.080258e-01 2.261542e+01  1.996076670144276704e+03  1.000216543337822986e+04  1.000261275723429753e+04  1.000357062648550527e+04
18 361 9.137184e-01 2.261706e+01  1.996076670144276704e+03  1.000218266292831868e+04  1.000249193815841136e+04  1.000323036912616590e+04
19 381 9.160017e-01 2.263393e+01  1.996076670144276704e+03  1.000222264394041122e+04  1.000244828178867829e+04  1.000348802047004210e+04
20 401 9.181079e-01 2.264981e+01  1.996076670144276704e+03  1.000218110107005486e+04  1.000251885549622421e+04  1.000582687673180953e+04
21 421 9.238031e-01 2.266572e+01  1.996076670144276704e+03  1.000226848283652907e+04  1.000250197420411860e+04  1.000324592780845705e+04
22 441 9.272931e-01 2.267233e+01  1.996076670144276704e+03  1.000216634443315706e+04  1.000251378659038892e+04  1.000298235004247908e+04
23 461 9.248441e-01 2.268553e+01  1.996076670144276704e+03  1.000233734930318860e+04  1.000263571299478645e+04  1.000350638807533142e+04
24 481 9.220410e-01 2.271132e+01  1.996076670144276704e+03  1.000225579647382983e+04  1.000249058396011969e+04  1.000326907793302234e+04
25 501 9.199654e-01 2.272064e+01  1.996076670144276704e+03  1.000216768898641021e+04  1.000252720042736109e+04  1.000293930370543603e+04
26 521 9.166355e-01 2.272823e+01  1.996076670144276704e+03  1.000218677422730616e+04  1.000243140184538788e+04  1.000293919948055191e+04
27 541 9.107661e-01 2.274234e+01  1.996076670144276704e+03  1.000219578083569832e+04  1.000245780076138544e+04  1.000287208219264721e+04
28 561 9.070761e-01 2.274958e+01  1.996076670144276704e+03  1.000213251140363172e+04  1.000244490196064726e+04  1.000309804801030623e+04
29 581 8.978536e-01 2.276335e+01  1.996076670144276704e+03  1.000214552253115835e+04  1.000240956824563909e+04  1.000337379428109671e+04
30 601 8.923249e-01 2.276961e+01  1.996076670144276704e+03  1.000222790931724921e+04  1.000248672371571774e+04  1.000361028263979642e+04
31 621 8.880822e-01 2.277801e+01  1.996076670144276704e+03  1.000223681737770312e+04  1.000252663640641913e+04  1.000320489661575812e+04
32 641 8.857011e-01 2.278896e+01  1.996076670144276704e+03  1.000224332997725105e+04  1.000252379254625703e+04  1.000301304187656933e+04
33 661 8.853900e-01 2.279605e+01  1.996076670144276704e+03  1.000225695316548808e+04  1.000240226804847407e+04  1.000268660732590251e+04
34 681 8.871507e-01 2.280064e+01  1.996076670144276704e+03  1.000220779936478721e+04  1.000246693365331703e+04  1.000302306291515924e+04
35 701 8.866662e-01 2.280001e+01  1.996076670144276704e+03  1.000232453721568709e+04  1.000250195436408467e+04  1.000296272564496212e+04
36 721 8.873848e-01 2.279368e+01  1.996076670144276704e+03  1.000230639912015795e+04  1.000251700265026375e+04  1.000575154536194896e+04
37 741 8.883880e-01 2.279782e+01  1.996076670144276704e+03  1.000221205622851994e+04  1.000250765461040828e+04  1.000308611723335707e+04
38 761 8.865100e-01 2.279425e+01  1.996076670144276704e+03  1.000224067129253308e+04  1.000242700373077241e+04  1.000331735374061464e+04
39 781 8.840224e-01 2.279867e+01  1.996076670144276704e+03  1.000225738888082924e+04  1.000240420385105608e+04  1.000268117432901818e+04
40 801 8.849726e-01 2.280612e+01  1.996076670144276704e+03  1.000225374378008019e+04  1.000246522490963616e+04  1.000308295783877475e+04
41 821 8.871831e-01 2.281379e+01  1.996076670144276704e+03  1.000226787693073129e+04  1.000248233314461322e+04  1.000521672832016338e+04
42 841 8.922755e-01 2.282194e+01  1.996076670144276704e+03  1.000221597559450493e+04  1.000249481430538617e+04  1.000335789031876629e+04
43 861 8.995283e-01 2.283196e+01  1.996076670144276704e+03  1.000211652532476728e+04  1.000245571358959751e+04  1.000322833564841858e+04
44 881 9.023144e-01 2.285393e+01  1.996076670144276704e+03  1.000231278237369406e+04  1.000258190035864754e+04  1.000370334038708643e+04
45 901 9.050109e-01 2.285218e+01  1.996076670144276704e+03  1.000227985258626177e+04  1.000247789260401623e+04  1.000321060092047628e+04
46 921 9.108758e-01 2.284000e+01  1.996076670144276704e+03  1.000223112926821523e+04  1.000238783296715337e+04  1.000314892951329239e+04
47 941 9.148538e-01 2.285208e+01  1.996076670144276704e+03  1.000217447316254402e+04  1.000241026495295591e+04  1.000268250027754402e+04
48 961 9.137181e-01 2.285338e+01  1.996076670144276704e+03  1.000223533118348860e+04  1.000241634111279745e+04  1.000304553121977733e+04
49 981 9.103179e-01 2.286413e+01  1.996076670144276704e+03  1.000218816282236730e+04  1.000234566963978250e+04  1.000330553672693713e+04
50 1001 9.081820e-01 2.287128e+01  1.996076670144276704e+03  1.000225074747355029e+04  1.000242184690933755e+04  1.000353172603463827e+04
51 1021 9.088037e-01 2.287943e+01  1.996076670144276704e+03  1.000219793069273328e+04  1.000254492270156697e+04  1.000343584064364768e+04
52 1041 9.110410e-01 2.288169e+01  1.996076670144276704e+03  1.000225598487451862e+04  1.000242751087448414e+04  1.000265983011762364e+04
53 1061 9.147938e-01 2.289278e+01  1.996076670144276704e+03  1.000214705723046427e+04  1.000239109763089800e+04  1.000275224298708599e+04
54 1081 9.159495e-01 2.290843e+01  1.996076670144276704e+03  1.000214389294665853e+04  1.000245784147386985e+04  1.000374163599090934e+04
55 1101 9.184120e-01 2.291286e+01  1.996076670144276704e+03  1.000222563196259034e+04  1.000244689337380805e+04  1.000579582412658965e+04
56 1121 9.199549e-01 2.291882e+01  1.996076670144276704e+03  1.000221265320533348e+04  1.000240015764244708e+04  1.000379694965664567e+04
57 1141 9.164933e-01 2.292675e+01  1.996076670144276704e+03  1.000222585314893149e+04  1.000262437111114377e+04  1.000348083171454527e+04
58 1161 9.080750e-01 2.293461e+01  1.996076670144276704e+03  1.000223506851815182e+04  1.000252528455110951e+04  1.000286282832465076e+04
59 1181 8.956857e-01 2.294641e+01  1.996076670144276704e+03  1.000218712206904274e+04  1.000242644795813612e+04  1.000305128365735436e+04
60 1201 8.878143e-01 2.295859e+01  1.996076670144276704e+03  1.000226099084242378e+04  1.000245628524072163e+04  1.000351417655614387e+04
61 1221 8.816444e-01 2.296204e+01  1.996076670144276704e+03  1.000225040033291225e+04  1.000255900317447595e+04  1.000386672991039450e+04
62 1241 8.740241e-01 2.297141e+01  1.996076670144276704e+03  1.000215413352751784e+04  1.000245882927447747e+04  1.000598234877450523e+04
63 1261 8.678532e-01 2.297638e+01  1.996076670144276704e+03  1.000223454857383877e+04  1.000243427288349631e+04  1.000588822848568816e+04
64 1281 8.652552e-01 2.298976e+01  1.996076670144276704e+03  1.000222345443927770e+04  1.000243613784858462e+04  1.000370450210265335e+04
65 1301 8.585540e-01 2.300238e+01  1.996076670144276704e+03  1.000226427158251136e+04  1.000241911499679190e+04  1.000295623916062141e+04
66 1321 8.565654e-01 2.300499e+01  1.996076670144276704e+03  1.000222557214955123e+04  1.000240670948115803e+04  1.000370161871917117e+04
67 1341 8.551246e-01 2.301570e+01  1.996076670144276704e+03  1.000226907266789021e+04  1.000246474625474730e+04  1.000479599628419055e+04
68 1361 8.504236e-01 2.301678e+01  1.996076670144276704e+03  1.000232874398649983e+04  1.000244520262542937e+04  1.000288962512589933e+04
69 1381 8.422482e-01 2.301833e+01  1.996076670144276704e+03  1.000219627719413074e+04  1.000249419030172430e+04  1.000271150590166872e+04
70 1401 8.329658e-01 2.301797e+01  1.996076670144276704e+03  1.000223635427937370e+04  1.000245543751455261e+04  1.000294387799782271e+04
71 1421 8.216143e-01 2.302933e+01  1.996076670144276704e+03  1.000224610758170820e+04  1.000246725229006188e+04  1.000339433625470883e+04
72 1441 8.152903e-01 2.304529e+01  1.996076670144276704e+03  1.000224006063751767e+04  1.000240485131313471e+04  1.000275924166060759e+04
73 1461 8.066650e-01 2.305022e+01  1.996076670144276704e+03  1.000223599162530263e+04  1.000246050923690746e+04  1.000375066970969783e+04
74 1481 7.977257e-01 2.306114e+01  1.996076670144276704e+03  1.000228247680981804e+04  1.000243709520137418e+04  1.000263381419267535e+04
75 1501 7.919956e-01 2.307793e+01  1.996076670144276704e+03  1.000213533923288196e+04  1.000238766795314768e+04  1.000369589794966851e+04
76 1521 7.854673e-01 2.308580e+01  1.996076670144276704e+03  1.000219906033889492e+04  1.000243044258880218e+04  1.000583481022041815e+04
77 1541 7.840696e-01 2.308805e+01  1.996076670144276704e+03  1.000222236844240615e+04  1.000238981228076227e+04  1.000340544126935856e+04
78 1561 7.793963e-01 2.309431e+01  1.996076670144276704e+03  1.000216040765878279e+04  1.000238672300272083e+04  1.000329266781292245e+04
79 1581 7.754012e-01 2.309655e+01  1.996076670144276704e+03  1.000222940516789276e+04  1.000232174693972047e+04  1.000560018017934271e+04
80 1601 7.701717e-01 2.310452e+01  1.996076670144276704e+03  1.000222771822581126e+04  1.000239177464541353e+04  1.000346910347940502e+04
81 1621 7.632699e-01 2.310726e+01  1.996076670144276704e+03  1.000216590428263407e+04  1.000236662060740855e+04  1.000268492715219327e+04
82 1641 7.558405e-01 2.311613e+01  1.996076670144276704e+03  1.000213783871918713e+04  1.000234549201293339e+04  1.000289989804188917e+04
83 1661 7.482842e-01 2.312347e+01  1.996076670144276704e+03  1.000217451800769231e+04  1.000236315070790806e+04  1.000276636266627611e+04
84 1681 7.395350e-01 2.313387e+01  1.996076670144276704e+03  1.000222313165300875e+04  1.000231892289708776e+04  1.000354329487042924e+04
85 1701 7.290682e-01 2.313601e+01  1.996076670144276704e+03  1.000214679413961494e+04  1.000238672141097413e+04  1.000338504855403335e+04
86 1721 7.225550e-01 2.313637e+01  1.996076670144276704e+03  1.000222510428671194e+04  1.000235827146652809e+04  1.000306357656338878e+04
87 1741 7.160686e-01 2.314076e+01  1.996076670144276704e+03  1.000219719748390889e+04  1.000243825080717397e+04  1.000281806556141782e+04
88 1761 7.091967e-01 2.314815e+01  1.996076670144276704e+03  1.000226426985609032e+04  1.000243038438930125e+04  1.000311820133635410e+04
89 1781 7.038627e-01 2.316434e+01  1.996076670144276704e+03  1.000220962967781088e+04  1.000237530313896241e+04  1.000264118111654716e+04
90 1801 6.949512e-01 2.316799e+01  1.996076670144276704e+03  1.000217391860781754e+04  1.000236054462816719e+04  1.000263095484597761e+04
91 1821 6.920002e-01 2.317421e+01  1.996076670144276704e+03  1.000221936300462585e+04  1.000235279676065511e+04  1.000270782192045590e+04
92 1841 6.878708e-01 2.318718e+01  1.996076670144276704e+03  1.000215223080829674e+04  1.000227243241968790e+04  1.000264584894199470e+04
93 1861 6.820893e-01 2.319012e+01  1.996076670144276704e+03  1.000222444702316352e+04  1.000232648942472588e+04  1.000269202668915023e+04
94 1881 6.745484e-01 2.319631e+01  1.996076670144276704e+03  1.000212879556688131e+04  1.000230748433663030e+04  1.000328090496450932e+04
95 1901 6.649722e-01 2.320156e+01  1.996076670144276704e+03  1.000217311101065388e+04  1.000235073432813078e+04  1.000248674458974892e+04
96 1921 6.566083e-01 2.321424e+01  1.996076670144276704e+03  1.000216835258845276e+04  1.000231418281505830e+04  1.000563827230760580e+04
97 1941 6.493506e-01 2.322441e+01  1.996076670144276704e+03  1.000216692237107782e+04  1.000238155683691002e+04  1.000662253075822446e+04
98 1961 6.454077e-01 2.323302e+01  1.996076670144276704e+03  1.000217070669250643e+04  1.000229002903528817e+04  1.000299163308726384e+04
99 1981 6.415506e-01 2.324330e+01  1.996076670144276704e+03  1.000216661224520067e+04  1.000227297784330949e+04  1.000358185027160471e+04
100 2001 6.375734e-01 2.324803e+01  1.996076670144276704e+03  1.000216493201873709e+04  1.000234215346691781e+04  1.000283645578983305e+04
101 2021 6.317770e-01 2.324919e+01  1.996076670144276704e+03  1.000218476712174925e+04  1.000229044097935548e+04  1.000356827590968169e+04
102 2041 6.285260e-01 2.327097e+01  1.996076670144276704e+03  1.000217365399554910e+04  1.000231034723624543e+04  1.000261461139932180e+04
103 2061 6.258450e-01 2.328174e+01  1.996076670144276704e+03  1.000211847823294920e+04  1.000231638539438245e+04  1.000254427262100762e+04
104 2081 6.256641e-01 2.327880e+01  1.996076670144276704e+03  1.000214931376905952e+04  1.000228831116658512e+04  1.000551089525659336e+04
105 2101 6.277253e-01 2.327959e+01  1.996076670144276704e+03  1.000220983135343158e+04  1.000228297632275644e+04  1.000543466524954783e+04
106 2121 6.303591e-01 2.327477e+01  1.996076670144276704e+03  1.000214219035751739e+04  1.000227501415926235e+04  1.000328549451121398e+04
107 2141 6.313589e-01 2.327988e+01  1.996076670144276704e+03  1.000212417546146207e+04  1.000231448687832017e+04  1.000254517982877587e+04
108 2161 6.318940e-01 2.329509e+01  1.996076670144276704e+03  1.000215366738658486e+04  1.000232364209752086e+04  1.000247152829002516e+04
109 2181 6.333942e-01 2.329945e+01  1.996076670144276704e+03  1.000219121928212189e+04  1.000225978696355014e+04  1.000307203478144766e+04
110 2201 6.343630e-01 2.330384e+01  1.996076670144276704e+03  1.000216254993926304e+04  1.000226264899624766e+04  1.000374316861625630e+04
111 2221 6.343928e-01 2.330396e+01  1.996076670144276704e+03  1.000217340835195682e+04  1.000234133564108015e+04  1.000331874075546511e+04
112 2241 6.365469e-01 2.331223e+01  1.996076670144276704e+03  1.000217463145288821e+04  1.000234403013096562e+04  1.000289205878400571e+04
113 2261 6.401334e-01 2.332766e+01  1.996076670144276704e+03  1.000218213381249552e+04  1.000232490405094723e+04  1.000257057758427254e+04
114 2281 6.413662e-01 2.333041e+01  1.996076670144276704e+03  1.000218456665111808e+04  1.000235145780767016e+04  1.000282494067554035e+04
115 2301 6.383138e-01 2.334562e+01  1.996076670144276704e+03  1.000220422483197217e+04  1.000237126769183851e+04  1.000333425233637900e+04
116 2321 6.317757e-01 2.334835e+01  1.996076670144276704e+03  1.000216171879482499e+04  1.000228231945194057e+04  1.000354761740686627e+04
117 2341 6.254986e-01 2.334545e+01  1.996076670144276704e+03  1.000219947137320014e+04  1.000228826576703432e+04  1.000286799008860908e+04
118 2361 6.204374e-01 2.334829e+01  1.996076670144276704e+03  1.000218116023240691e+04  1.000233705019912122e+04  1.000536350040892285e+04
119 2381 6.177560e-01 2.334829e+01  1.996076670144276704e+03  1.000218934271669605e+04  1.000237819661839239e+04  1.000340130012911322e+04
120 2401 6.166547e-01 2.335241e+01  1.996076670144276704e+03  1.000218452695224005e+04  1.000228522644778423e+04  1.000261330778181218e+04
121 2421 6.139556e-01 2.334636e+01  1.996076670144276704e+03  1.000222493116425721e+04  1.000235632742127564e+04  1.000254755812183066e+04
122 2441 6.108482e-01 2.335564e+01  1.996076670144276704e+03  1.000221529955917504e+04  1.000230383104118664e+04  1.000327872743685475e+04
123 2461 6.075216e-01 2.335967e+01  1.996076670144276704e+03  1.000217327153964288e+04  1.000229452874680283e+04  1.000245669289465332e+04
124 2481 6.049011e-01 2.338218e+01  1.996076670144276704e+03  1.000217738878841919e+04  1.000231900207669969e+04  1.000252354539114276e+04
125 2501 6.011025e-01 2.339181e+01  1.996076670144276704e+03  1.000215451631739961e+04  1.000227994989556464e+04  1.000250899713985928e+04
126 2521 5.951938e-01 2.339911e+01  1.996076670144276704e+03  1.000218271646400353e+04  1.000229862571968988e+04  1.000567641955136605e+04
127 2541 5.893451e-01 2.340515e+01  1.996076670144276704e+03  1.000213464653523079e+04  1.000225509127650366e+04  1.000242061415222088e+04
128 2561 5.853483e-01 2.343527e+01  1.996076670144276704e+03  1.000217393272556001e+04  1.000228014594040360e+04  1.000257992931326226e+04
129 2581 5.823346e-01 2.344788e+01  1.996076670144276704e+03  1.000218570683741018e+04  1.000221828412047762e+04  1.000278014899240588e+04
130 2601 5.790259e-01 2.345351e+01  1.996076670144276704e+03  1.000214743155880205e+04  1.000229721122510091e+04  1.000265596165474926e+04
131 2621 5.739408e-01 2.347255e+01  1.996076670144276704e+03  1.000216635726152526e+04  1.000229100722587282e+04  1.000242728743337102e+04
132 2641 5.707305e-01 2.347692e+01  1.996076670144276704e+03  1.000220136320724123e+04  1.000228059938841216e+04  1.000257539999713481e+04
133 2661 5.687944e-01 2.349281e+01  1.996076670144276704e+03  1.000215124767979069e+04  1.000226933570235269e+04  1.000252535503982108e+04
134 2681 5.694498e-01 2.350223e+01  1.996076670144276704e+03  1.000216820003056455e+04  1.000227405982889832e+04  1.000262930776887333e+04
135 2701 5.667756e-01 2.350544e+01  1.996076670144276704e+03  1.000220675116728671e+04  1.000228392438767150e+04  1.000341004224938297e+04
136 2721 5.644808e-01 2.351370e+01  1.996076670144276704e+03  1.000215104572955352e+04  1.000225422295752651e+04  1.000241477115396810e+04
137 2741 5.622766e-01 2.351352e+01  1.996076670144276704e+03  1.000217883369847914e+04  1.000229302998024650e+04  1.000267849857633155e+04
138 2761 5.569254e-01 2.351889e+01  1.996076670144276704e+03  1.000217835344328705e+04  1.000226926877586448e+04  1.000351962667694897e+04
139 2781 5.493465e-01 2.351671e+01  1.996076670144276704e+03  1.000219481308212562e+04  1.000227738253975622e+04  1.000271973384570629e+04
140 2801 5.419423e-01 2.352445e+01  1.996076670144276704e+03  1.000213665644520370e+04  1.000225963956075429e+04  1.000253503072241801e+04
141 2821 5.380364e-01 2.353209e+01  1.996076670144276704e+03  1.000212170508271265e+04  1.000221193850042800e+04  1.000231990243602559e+04
142 2841 5.347937e-01 2.353644e+01  1.996076670144276704e+03  1.000214260442491832e+04  1.000226577738671585e+04  1.000335655668321488e+04
143 2861 5.324122e-01 2.356324e+01  1.996076670144276704e+03  1.000213652414044191e+04  1.000223691806025818e+04  1.000267606884933411e+04
144 2881 5.285197e-01 2.356590e+01  1.996076670144276704e+03  1.000215164522326995e+04  1.000224738208900089e+04  1.000246232343572956e+04
145 2901 5.243214e-01 2.357024e+01  1.996076670144276704e+03  1.000210001425253358e+04  1.000218796262184696e+04  1.000568597029336706e+04
146 2921 5.230151e-01 2.357292e+01  1.996076670144276704e+03  1.000214665922540007e+04  1.000225079142022878e+04  1.000242136974388450e+04
147 2941 5.244173e-01 2.358090e+01  1.996076670144276704e+03  1.000212734129194905e+04  1.000225198054797511e+04  1.000260737617201812e+04
148 2961 5.267607e-01 2.358414e+01  1.996076670144276704e+03  1.000212565907304815e+04  1.000221753276494928e+04  1.000235650228490886e+04
149 2981 5.269245e-01 2.359053e+01  1.996076670144276704e+03  1.000213614192272325e+04  1.000226999260660523e+04  1.000262352594269942e+04
150 3001 5.272315e-01 2.359711e+01  1.996076670144276704e+03  1.000209592115145460e+04  1.000220181691499602e+04  1.000241177033641543e+04
151 3021 5.278392e-01 2.360069e+01  1.996076670144276704e+03  1.000213791043171113e+04  1.000218801553239246e+04  1.000228010045539304e+04
152 3041 5.288469e-01 2.361494e+01  1.996076670144276704e+03  1.000217116764610000e+04  1.000224236204922454e+04  1.000232514406311202e+04
153 3061 5.296251e-01 2.362968e+01  1.996076670144276704e+03  1.000215339093074545e+04  1.000220832988348411e+04  1.000268807816829394e+04
154 3081 5.299772e-01 2.365456e+01  1.996076670144276704e+03  1.000211524107066725e+04  1.000222046154169948e+04  1.000257700116223168e+04
155 3101 5.295163e-01 2.367349e+01  1.996076670144276704e+03  1.000211354434763598e+04  1.000220584021777177e+04  1.000326458844023546e+04
156 3121 5.305773e-01 2.368960e+01  1.996076670144276704e+03  1.000212918207652001e+04  1.000222889489933732e+04  1.000236743865410244e+04
157 3141 5.311627e-01 2.371681e+01  1.996076670144276704e+03  1.000209688796609407e+04  1.000218183954098640e+04  1.000242519591178643e+04
158 3161 5.290294e-01 2.373810e+01  1.996076670144276704e+03  1.000213060741140907e+04  1.000223012524906881e+04  1.000241361435612271e+04
159 3181 5.265404e-01 2.376779e+01  1.996076670144276704e+03  1.000211721168426084e+04  1.000229262754479896e+04  1.000333493552693835e+04
160 3201 5.241746e-01 2.378693e+01  1.996076670144276704e+03  1.000212515152080050e+04  1.000222705826978199e+04  1.000341612489670479e+04
161 3221 5.235572e-01 2.379750e+01  1.996076670144276704e+03  1.000211923512961766e+04  1.000219540658779079e+04  1.000265484885082333e+04
162 3241 5.231349e-01 2.380823e+01  1.996076670144276704e+03  1.000211604033868207e+04  1.000219433198156366e+04  1.000566169120008090e+04
163 3261 5.239380e-01 2.383407e+01  1.996076670144276704e+03  1.000213924674986629e+04  1.000219535947005897e+04  1.000234836886922676e+04
164 3281 5.242953e-01 2.386566e+01  1.996076670144276704e+03  1.000212675043288073e+04  1.000221734406088945e+04  1.000243366502142999e+04
165 3301 5.248711e-01 2.389870e+01  1.996076670144276704e+03  1.000211689980546907e+04  1.000223205934426187e+04  1.000276753796223602e+04
166 3321 5.235265e-01 2.394222e+01  1.996076670144276704e+03  1.000214895009615248e+04  1.000220401264719112e+04  1.000267344960587252e+04
167 3341 5.221944e-01 2.397456e+01  1.996076670144276704e+03  1.000218448878116760e+04  1.000227089325254565e+04  1.000244915762423261e+04
168 3361 5.208662e-01 2.399966e+01  1.996076670144276704e+03  1.000212351906345975e+04  1.000221014506225038e+04  1.000265290738581098e+04
169 3381 5.180130e-01 2.402213e+01  1.996076670144276704e+03  1.000212265975820810e+04  1.000222537696238214e+04  1.000257619429008628e+04
170 3401 5.148569e-01 2.404277e+01  1.996076670144276704e+03  1.000214043576439326e+04  1.000222084271764834e+04  1.000239120328267927e+04
171 3421 5.109384e-01 2.405395e+01  1.996076670144276704e+03  1.000216780249023941e+04  1.000222191700333497e+04  1.000240484612235741e+04
172 3441 5.074159e-01 2.407032e+01  1.996076670144276704e+03  1.000211641161054831e+04  1.000221085132309599e+04  1.000233695181817347e+04
173 3461 5.032869e-01 2.408867e+01  1.996076670144276704e+03  1.000216231620945473e+04  1.000222384040800534e+04  1.000235491478451513e+04
174 3481 5.022939e-01 2.408967e+01  1.996076670144276704e+03  1.000213201551052771e+04  1.000221225983435215e+04  1.000239732138378713e+04
175 3501 5.010710e-01 2.409692e+01  1.996076670144276704e+03  1.000212521095168449e+04  1.000221375814844578e+04  1.000242649875944153e+04
176 3521 4.981411e-01 2.411862e+01  1.996076670144276704e+03  1.000211966414336530e+04  1.000218323533564944e+04  1.000237354523150134e+04
177 3541 4.957695e-01 2.412030e+01  1.996076670144276704e+03  1.000211672484345945e+04  1.000218334032534403e+04  1.000245677467328278e+04
178 3561 4.943530e-01 2.412645e+01  1.996076670144276704e+03  1.000210937900673889e+04  1.000219087684464102e+04  1.000234363194670186e+04
179 3581 4.932094e-01 2.413610e+01  1.996076670144276704e+03  1.000210679157389677e+04  1.000220169051991797e+04  1.000326425339901652e+04
180 3601 4.901355e-01 2.414176e+01  1.996076670144276704e+03  1.000210360091125040e+04  1.000218417168134329e+04  1.000234189393589440e+04
181 3621 4.872676e-01 2.414324e+01  1.996076670144276704e+03  1.000209468396247757e+04  1.000216205801969591e+04  1.000234191053719951e+04
182 3641 4.850981e-01 2.415221e+01  1.996076670144276704e+03  1.000211708194342464e+04  1.000217070130260072e+04  1.000235249214055875e+04
183 3661 4.851071e-01 2.415450e+01  1.996076670144276704e+03  1.000211363415168125e+04  1.000216105482285275e+04  1.000234501427433679e+04
184 3681 4.856448e-01 2.417620e+01  1.996076670144276704e+03  1.000210438032600177e+04  1.000218834068143588e+04  1.000245754005112940e+04
185 3701 4.866519e-01 2.417747e+01  1.996076670144276704e+03  1.000211761822023618e+04  1.000219623025024703e+04  1.000233783287285587e+04
186 3721 4.859669e-01 2.417917e+01  1.996076670144276704e+03  1.000211761074167225e+04  1.000221386783073103e+04  1.000555570445016201e+04
187 3741 4.846692e-01 2.418404e+01  1.996076670144276704e+03  1.000210224945315895e+04  1.000218126125100389e+04  1.000232133220936885e+04
188 3761 4.825592e-01 2.419862e+01  1.996076670144276704e+03  1.000207978199440549e+04  1.000220463626895435e+04  1.000243534186482975e+04
189 3781 4.794925e-01 2.420380e+01  1.996076670144276704e+03  1.000210404168111745e+04  1.000216082876264772e+04  1.000247235259083573e+04
190 3801 4.756333e-01 2.420469e+01  1.996076670144276704e+03  1.000211361895157643e+04  1.000216548277963375e+04  1.000274962939734360e+04
191 3821 4.698648e-01 2.420514e+01  1.996076670144276704e+03  1.000211719573884147e+04  1.000220431754877063e+04  1.000241621445041346e+04
192 3841 4.646336e-01 2.421742e+01  1.996076670144276704e+03  1.000208661652673072e+04  1.000217168283695719e+04  1.000235423372590594e+04
193 3861 4.604809e-01 2.423748e+01  1.996076670144276704e+03  1.000211435962394899e+04  1.000215041448868215e+04  1.000553763242475907e+04
194 3881 4.574615e-01 2.425601e+01  1.996076670144276704e+03  1.000208371405743856e+04  1.000217551433518929e+04  1.000232303451168627e+04
195 3901 4.543451e-01 2.425758e+01  1.996076670144276704e+03  1.000208014475115851e+04  1.000215534169736929e+04  1.000230771702877246e+04
196 3921 4.486780e-01 2.426408e+01  1.996076670144276704e+03  1.000208390193836021e+04  1.000217258849348218e+04  1.000260687891807174e+04
197 3941 4.433752e-01 2.427357e+01  1.996076670144276704e+03  1.000208932927118258e+04  1.000215094198275983e+04  1.000260249043992371e+04
198 3961 4.371091e-01 2.428013e+01  1.996076670144276704e+03  1.000210367417952148e+04  1.000215965104959287e+04  1.000227608309482275e+04
199 3981 4.333688e-01 2.429041e+01  1.996076670144276704e+03  1.000209115520184241e+04  1.000216442089128759e+04  1.000233672065785322e+04
200 4001 4.293704e-01 2.429256e+01  1.996076670144276704e+03  1.000207041866254076e+04  1.000213880625650199e+04  1.000234324608007955e+04
201 4021 4.258306e-01 2.430641e+01  1.996076670144276704e+03  1.000206440263585864e+04  1.000212060171641861e+04  1.000224676937149707e+04
202 4041 4.209055e-01 2.431336e+01  1.996076670144276704e+03  1.000209351012009211e+04  1.000215516261717130e+04  1.000234987113330499e+04
203 4061 4.162144e-01 2.434158e+01  1.996076670144276704e+03  1.000205719634191883e+04  1.000213813887883953e+04  1.000224746315794619e+04
204 4081 4.126298e-01 2.436839e+01  1.996076670144276704e+03  1.000206072226105607e+04  1.000214381244371725e+04  1.000320373543482674e+04
205 4101 4.081103e-01 2.438495e+01  1.996076670144276704e+03  1.000207371815330043e+04  1.000210026073611880e+04  1.000221027090408279e+04
206 4121 4.061778e-01 2.439598e+01  1.996076670144276704e+03  1.000207857299093303e+04  1.000212095796645372e+04  1.000221657849851545e+04
207 4141 4.066125e-01 2.440869e+01  1.996076670144276704e+03  1.000207014569306921e+04  1.000213238995405845e+04  1.000410807706093692e+04
208 4161 4.065662e-01 2.441915e+01  1.996076670144276704e+03  1.000206221228748291e+04  1.000213020319630050e+04  1.000218004163549267e+04
209 4181 4.070410e-01 2.442911e+01  1.996076670144276704e+03  1.000207780008592999e+04  1.000215795421096846e+04  1.000558866653699442e+04
210 4201 4.057617e-01 2.444083e+01  1.996076670144276704e+03  1.000206051671099522e+04  1.000211345487236940e+04  1.000328676183486459e+04
211 4221 4.068253e-01 2.444415e+01  1.996076670144276704e+03  1.000206224128742906e+04  1.000212017384600586e+04  1.000223253147497599e+04
212 4241 4.066188e-01 2.444802e+01  1.996076670144276704e+03  1.000205312966770907e+04  1.000211227878272621e+04  1.000324797343611499e+04
213 4261 4.044197e-01 2.445148e+01  1.996076670144276704e+03  1.000204458702064403e+04  1.000211608784150303e+04  1.000227695650976966e+04
214 4281 4.006560e-01 2.446250e+01  1.996076670144276704e+03  1.000205728875999739e+04  1.000211032620611149e+04  1.000220260966542992e+04
215 4301 3.974182e-01 2.446529e+01  1.996076670144276704e+03  1.000205453376238984e+04  1.000213041166011681e+04  1.000218668791145319e+04
216 4321 3.947948e-01 2.448470e+01  1.996076670144276704e+03  1.000208051057856574e+04  1.000210662617298294e+04  1.000229205744806131e+04
217 4341 3.903863e-01 2.450150e+01  1.996076670144276704e+03  1.000205918134587955e+04  1.000212016991970086e+04  1.000244102011880386e+04
218 4361 3.868888e-01 2.450776e+01  1.996076670144276704e+03  1.000206431091665036e+04  1.000211403505322596e+04  1.000226505629450912e+04
219 4381 3.821392e-01 2.451443e+01  1.996076670144276704e+03  1.000207225274791381e+04  1.000212551587136841e+04  1.000222868877462679e+04
220 4401 3.782150e-01 2.452388e+01  1.996076670144276704e+03  1.000206856418878488e+04  1.000210152799449133e+04  1.000216857187296227e+04
221 4421 3.745253e-01 2.452934e+01  1.996076670144276704e+03  1.000206477872817413e+04  1.000212937347624393e+04  1.000225433990852980e+04
222 4441 3.700889e-01 2.453688e+01  1.996076670144276704e+03  1.000206846672083884e+04  1.000210872628204015e+04  1.000216491593085630e+04
223 4461 3.666848e-01 2.454004e+01  1.996076670144276704e+03  1.000206124828275824e+04  1.000212493428231755e+04  1.000240955733435294e+04
224 4481 3.637815e-01 2.454654e+01  1.996076670144276704e+03  1.000206710756041684e+04  1.000210888548086950e+04  1.000221182365142158e+04
225 4501 3.618514e-01 2.455449e+01  1.996076670144276704e+03  1.000205467284989390e+04  1.000213298353296886e+04  1.000228410546679515e+04
226 4521 3.584825e-01 2.456295e+01  1.996076670144276704e+03  1.000206955401153755e+04  1.000211794070689575e+04  1.000324640291285323e+04
227 4541 3.575504e-01 2.456107e+01  1.996076670144276704e+03  1.000204020528780165e+04  1.000208733023263267e+04  1.000221101020058995e+04
228 4561 3.573729e-01 2.456536e+01  1.996076670144276704e+03  1.000204330243556433e+04  1.000207837002404267e+04  1.000224916708388992e+04
229 4581 3.571088e-01 2.457736e+01  1.996076670144276704e+03  1.000203744554350305e+04  1.000208414409502984e+04  1.000332711102351459e+04
230 4601 3.557592e-01 2.458449e+01  1.996076670144276704e+03  1.000204611621484764e+04  1.000210216900033993e+04  1.000224723770721903e+04
231 4621 3.554533e-01 2.458898e+01  1.996076670144276704e+03  1.000204854957784300e+04  1.000209196696394429e+04  1.000332166546527878e+04
232 4641 3.551401e-01 2.458343e+01  1.996076670144276704e+03  1.000205846190183911e+04  1.000210967643806725e+04  1.000219153521515545e+04
233 4661 3.549686e-01 2.458574e+01  1.996076670144276704e+03  1.000204382627794985e+04  1.000209944448997703e+04  1.000226339321156047e+04
234 4681 3.534078e-01 2.458920e+01  1.996076670144276704e+03  1.000203155569816772e+04  1.000207926335722368e+04  1.000220629357169673e+04
235 4701 3.519451e-01 2.459154e+01  1.996076670144276704e+03  1.000203863977697802e+04  1.000208049627314904e+04  1.000222100319874517e+04
236 4721 3.514575e-01 2.459162e+01  1.996076670144276704e+03  1.000203512302305171e+04  1.000209079624163496e+04  1.000220813899421046e+04
237 4741 3.511757e-01 2.459037e+01  1.996076670144276704e+03  1.000203879725470870e+04  1.000208241002379145e+04  1.000228363373308639e+04
238 4761 3.486081e-01 2.460569e+01  1.996076670144276704e+03  1.000202950905840771e+04  1.000207016046896752e+04  1.000228084657803265e+04
239 4781 3.460179e-01 2.460976e+01  1.996076670144276704e+03  1.000204094477020226e+04  1.000207684150165551e+04  1.000218550423235138e+04
240 4801 3.451354e-01 2.461361e+01  1.996076670144276704e+03  1.000203020109304998e+04  1.000207824061283463e+04  1.000214162148200558e+04
241 4821 3.443342e-01 2.461958e+01  1.996076670144276704e+03  1.000204305059378021e+04  1.000206049057278142e+04  1.000218492780002816e+04
242 4841 3.427032e-01 2.462284e+01  1.996076670144276704e+03  1.000202777236537258e+04  1.000205395149513788e+04  1.000235176052651150e+04
243 4861 3.393532e-01 2.462234e+01  1.996076670144276704e+03  1.000202920618061944e+04  1.000207442524297221e+04  1.000318428064551699e+04
244 4881 3.369646e-01 2.464052e+01  1.996076670144276704e+03  1.000202486342838529e+04  1.000207056342394571e+04  1.000231805050930961e+04
245 4901 3.348960e-01 2.465701e+01  1.996076670144276704e+03  1.000200931149276948e+04  1.000205822587029252e+04  1.000232013800037748e+04
246 4921 3.323343e-01 2.466747e+01  1.996076670144276704e+03  1.000202030987553735e+04  1.000207750054036660e+04  1.000246514694979305e+04
247 4941 3.322278e-01 2.467168e+01  1.996076670144276704e+03  1.000203100787503172e+04  1.000204983841677677e+04  1.000326965328469123e+04
248 4961 3.328039e-01 2.467701e+01  1.996076670144276704e+03  1.000202124397431908e+04  1.000209115892583213e+04  1.000331782940048288e+04
249 4981 3.340111e-01 2.468170e+01  1.996076670144276704e+03  1.000202100006709225e+04  1.000206157844952031e+04  1.000217644464566183e+04
250 5001 3.353009e-01 2.470475e+01  1.996076670144276704e+03  1.000200701755520640e+04  1.000207208739808448e+04  1.000558639138924809e+04
251 5021 3.366190e-01 2.470703e+01  1.996076670144276704e+03  1.000200842517185265e+04  1.000205513842517939e+04  1.000224225892953655e+04
252 5041 3.370851e-01 2.471085e+01  1.996076670144276704e+03  1.000201874887246049e+04  1.000208024345681770e+04  1.000214236205045745e+04
253 5061 3.374377e-01 2.470944e+01  1.996076670144276704e+03  1.000201788078464051e+04  1.000205400879697663e+04  1.000228237064823225e+04
254 5081 3.367364e-01 2.471257e+01  1.996076670144276704e+03  1.000202905650624416e+04  1.000207575587604697e+04  1.000229283504897467e+04
255 5101 3.386448e-01 2.471948e+01  1.996076670144276704e+03  1.000201950414781459e+04  1.000206341230139878e+04  1.000217683295562711e+04
256 5121 3.403831e-01 2.472793e+01  1.996076670144276704e+03  1.000200831764762006e+04  1.000205848282686020e+04  1.000238347556684676e+04
257 5141 3.414501e-01 2.473544e+01  1.996076670144276704e+03  1.000200940567197358e+04  1.000205841050612435e+04  1.000323968311822500e+04
258 5161 3.404320e-01 2.474199e+01  1.996076670144276704e+03  1.000200317748605994e+04  1.000205960940931618e+04  1.000227572399584642e+04
259 5181 3.379474e-01 2.477065e+01  1.996076670144276704e+03  1.000200136487810960e+04  1.000208437983790100e+04  1.000227703589033445e+04
260 5201 3.377576e-01 2.477862e+01  1.996076670144276704e+03  1.000202327254954616e+04  1.000205905640988931e+04  1.000213884316121221e+04
261 5221 3.374302e-01 2.478128e+01  1.996076670144276704e+03  1.000200595913274447e+04  1.000205362979491110e+04  1.000211701967917907e+04
262 5241 3.380372e-01 2.478517e+01  1.996076670144276704e+03  2.000158182008254244e+03  1.000203943782210990e+04  1.000214331088506697e+04
263 5261 3.375286e-01 2.478802e+01  1.996076670144276704e+03  1.000201511180612033e+04  1.000207952046771243e+04  1.000310337957309275e+04
264 5281 3.364402e-01 2.479393e+01  1.996076670144276704e+03  1.000200368532221910e+04  1.000204320918418671e+04  1.000212172115466092e+04
265 5301 3.365444e-01 2.482883e+01  1.996076670144276704e+03  1.000200921951472992e+04  1.000204972462698970e+04  1.000227611914832960e+04
266 5321 3.357177e-01 2.484365e+01  1.996076670144276704e+03  2.000156462208105040e+03  1.000205481410481116e+04  1.000324496129680119e+04
267 5341 3.367509e-01 2.485678e+01  1.996076670144276704e+03  1.000201180201956595e+04  1.000204851699760911e+04  1.000213929561672740e+04
268 5361 3.384334e-01 2.485933e+01  1.996076670144276704e+03  1.000201236388297730e+04  1.000205482584827223e+04  1.000218587692543952e+04
269 5381 3.379916e-01 2.486053e+01  1.996076670144276704e+03  1.000202104843824418e+04  1.000206752044207315e+04  1.000323363866508407e+04
270 5401 3.362909e-01 2.486458e+01  1.996076670144276704e+03  1.000201203460168108e+04  1.000206016822122365e+04  1.000241380000592471e+04
271 5421 3.354171e-01 2.486862e+01  1.996076670144276704e+03  1.000201662198345730e+04  1.000204938591582868e+04  1.000215987598381435e+04
272 5441 3.343766e-01 2.486978e+01  1.996076670144276704e+03  1.000201039092562496e+04  1.000206025554312146e+04  1.000331048452706455e+04
273 5461 3.334769e-01 2.488848e+01  1.996076670144276704e+03  1.000203087106960083e+04  1.000206566889705937e+04  1.000214863793740005e+04
274 5481 3.326370e-01 2.490090e+01  1.996076670144276704e+03  1.000200155913202252e+04  1.000205076037889739e+04  1.000215713370196681e+04
275 5501 3.325711e-01 2.490881e+01  1.996076670144276704e+03  1.000200669513369394e+04  1.000204852360369114e+04  1.000224592409017896e+04
276 5521 3.318316e-01 2.491641e+01  1.996076670144276704e+03  1.000200206191238431e+04  1.000206699619965002e+04  1.000319471458878434e+04
277 5541 3.319558e-01 2.492012e+01  1.996076670144276704e+03  1.000201364097068654e+04  1.000205132374134701e+04  1.000216780819792621e+04
278 5561 3.328384e-01 2.493742e+01  1.996076670144276704e+03  1.000200287715770537e+04  1.000204683236400706e+04  1.000319566209522600e+04
279 5581 3.342547e-01 2.495041e+01  1.996076670144276704e+03  1.000200835241860477e+04  1.000203701906445713e+04  1.000334092380258699e+04
280 5601 3.343818e-01 2.496902e+01  1.996076670144276704e+03  1.000201253725030620e+04  1.000204613320825229e+04  1.000211856132771027e+04
281 5621 3.333607e-01 2.498602e+01  1.996076670144276704e+03  1.000200808930188032e+04  1.000204110792719803e+04  1.000323107572507070e+04
282 5641 3.335819e-01 2.500760e+01  1.996076670144276704e+03  1.000200734646135243e+04  1.000205780025856438e+04  1.000326034228001117e+04
283 5661 3.337318e-01 2.502191e+01  1.996076670144276704e+03  1.000201443447281235e+04  1.000204788906135946e+04  1.000209729957517629e+04
284 5681 3.330314e-01 2.503762e+01  1.996076670144276704e+03  1.000200508989569789e+04  1.000205696922782954e+04  1.000333146735168521e+04
285 5701 3.318492e-01 2.505059e+01  1.996076670144276704e+03  1.000200522260472280e+04  1.000203583071803587e+04  1.000213403817588551e+04
286 5721 3.295285e-01 2.506756e+01  1.996076670144276704e+03  1.000200311612063160e+04  1.000203416612297951e+04  1.000551717481452033e+04
287 5741 3.262891e-01 2.508132e+01  1.996076670144276704e+03  1.000200942058319197e+04  1.000204226085340815e+04  1.000330016009215615e+04
288 5761 3.232583e-01 2.509595e+01  1.996076670144276704e+03  1.000200667505631100e+04  1.000204213106680254e+04  1.000216212308698596e+04
289 5781 3.203538e-01 2.512324e+01  1.996076670144276704e+03  1.000200086320147420e+04  1.000203500187800455e+04  1.000208227115655245e+04
290 5801 3.164963e-01 2.513434e+01  1.996076670144276704e+03  1.000201583727117577e+04  1.000205363053539986e+04  1.000331085691934277e+04
291 5821 3.152293e-01 2.515525e+01  1.996076670144276704e+03  1.000200426783542571e+04  1.000204867010052476e+04  1.000214786080561316e+04
292 5841 3.141555e-01 2.517271e+01  1.996076670144276704e+03  1.000200678702643927e+04  1.000204708791003577e+04  1.000550740843690983e+04
293 5861 3.139727e-01 2.518108e+01  1.996076670144276704e+03  1.000201047148627003e+04  1.000204633934796584e+04  1.000210441750937753e+04
294 5881 3.143570e-01 2.520052e+01  1.996076670144276704e+03  1.996982739054056537e+03  1.000204520767778195e+04  1.000216845774106878e+04
295 5901 3.154482e-01 2.522154e+01  1.996076670144276704e+03  1.000201046018716443e+04  1.000204927436232174e+04  1.000211830130111775e+04
296 5921 3.153959e-01 2.523741e+01  1.996076670144276704e+03  1.000200152691032599e+04  1.000205615223265522e+04  1.000318608798692730e+04
297 5941 3.154349e-01 2.525335e+01  1.996076670144276704e+03  1.000200219322605153e+04  1.000202848977912254e+04  1.000212025634769088e+04
298 5961 3.170546e-01 2.525946e+01  1.996076670144276704e+03  1.000201714870163596e+04  1.000204128670691898e+04  1.000217896362349529e+04
299 5981 3.176747e-01 2.527022e+01  1.996076670144276704e+03  1.996871254956396115e+03  1.000204225531960947e+04  1.000317210000877276e+04
300 6001 3.184720e-01 2.528861e+01  1.996076670144276704e+03  1.000200404127669572e+04  1.000203939678791357e+04  1.000221181545893342e+04
301 6021 3.185385e-01 2.529261e+01  1.996076670144276704e+03  1.000200363799686056e+04  1.000207304837396077e+04  1.000327864336611856e+04
302 6041 3.162347e-01 2.529595e+01  1.996076670144276704e+03  1.000200696845675520e+04  1.000203996557463324e+04  1.000324978716180703e+04
303 6061 3.135949e-01 2.531513e+01  1.996076670144276704e+03  1.000201370553642664e+04  1.000204045542480162e+04  1.000318091331597498e+04
304 6081 3.113954e-01 2.532290e+01  1.996076670144276704e+03  1.000201538010324293e+04  1.000203464893532691e+04  1.000208657584638604e+04
305 6101 3.085984e-01 2.533330e+01  1.996076670144276704e+03  1.000200602761623850e+04  1.000204038278374719e+04  1.000326196554418129e+04
306 6121 3.053328e-01 2.535305e+01  1.996076670144276704e+03  1.000200335029851158e+04  1.000206111150467768e+04  1.000328491707149442e+04
307 6141 3.024721e-01 2.537605e+01  1.996076670144276704e+03  1.000200091255037842e+04  1.000205459022160721e+04  1.000328285533367307e+04
308 6161 3.016303e-01 2.539242e+01  1.996076670144276704e+03  2.000129390672975433e+03  1.000204436473679743e+04  1.000211203394400945e+04
309 6181 2.991189e-01 2.539992e+01  1.996076670144276704e+03  1.996957385530517286e+03  1.000201831400257288e+04  1.000204674514599174e+04
310 6201 2.970513e-01 2.540676e+01  1.996076670144276704e+03  1.000200039100333743e+04  1.000201682400300706e+04  1.000210166680715156e+04
311 6221 2.961282e-01 2.541654e+01  1.996076670144276704e+03  1.000200347160659658e+04  1.000203042798999013e+04  1.000209528336584117e+04
312 6241 2.968743e-01 2.542507e+01  1.996076670144276704e+03  1.000200305006846975e+04  1.000203110073569405e+04  1.000314322429766617e+04
313 6261 2.967176e-01 2.542380e+01  1.996076670144276704e+03  1.000200421739485319e+04  1.000202808706690121e+04  1.000209760040893343e+04
314 6281 2.979947e-01 2.542529e+01  1.996076670144276704e+03  1.000200542483643949e+04  1.000203884875682343e+04  1.000211560132491832e+04
315 6301 2.994153e-01 2.543264e+01  1.996076670144276704e+03  1.000201136011627932e+04  1.000203491735977695e+04  1.000207567691901022e+04
316 6321 2.988241e-01 2.544006e+01  1.996076670144276704e+03  1.996844284063674195e+03  1.000202009079802883e+04  1.000206928538836473e+04
317 6341 2.990961e-01 2.544012e+01  1.996076670144276704e+03  2.000151881558816058e+03  1.000203066048297114e+04  1.000209701639356535e+04
318 6361 2.998817e-01 2.544235e+01  1.996076670144276704e+03  1.000200041514111399e+04  1.000202111816272372e+04  1.000325724453777548e+04
319 6381 3.002600e-01 2.544726e+01  1.996076670144276704e+03  1.000200461241659286e+04  1.000203211153898519e+04  1.000207196995665436e+04
320 6401 3.007818e-01 2.545491e+01  1.996076670144276704e+03  1.000200133706169436e+04  1.000202337488062039e+04  1.000208209822472418e+04
321 6421 3.010236e-01 2.546231e+01  1.996076670144276704e+03  1.000200285870822700e+04  1.000203569605073972e+04  1.000259645957243447e+04
322 6441 3.007894e-01 2.545697e+01  1.996076670144276704e+03  2.000161412636490695e+03  1.000202791126233387e+04  1.000217081452863567e+04
323 6461 3.004183e-01 2.546617e+01  1.996076670144276704e+03  2.000150455825217023e+03  1.000201802640000460e+04  1.000207895102042312e+04
324 6481 3.006720e-01 2.547606e+01  1.996076670144276704e+03  1.996888503785118473e+03  1.000202182714644550e+04  1.000211106729043422e+04
325 6501 3.003463e-01 2.548318e+01  1.996076670144276704e+03  1.996888211361559343e+03  1.000202245039543777e+04  1.000332169606681055e+04
326 6521 3.008481e-01 2.549792e+01  1.996076670144276704e+03  1.000200173246715167e+04  1.000202981495264976e+04  1.000324859323839701e+04
327 6541 3.003351e-01 2.550395e+01  1.996076670144276704e+03  1.996972648159805885e+03  1.000203182253880732e+04  1.000322569109770848e+04
328 6561 3.011869e-01 2.552081e+01  1.996076670144276704e+03  1.996888585971272278e+03  1.000203795059208278e+04  1.000229829982639603e+04
329 6581 2.996461e-01 2.551659e+01  1.996076670144276704e+03  1.997112149506100877e+03  1.000202610699677098e+04  1.000315237788719787e+04
330 6601 2.978774e-01 2.551969e+01  1.996076670144276704e+03  1.996840986117106468e+03  1.000201951723072852e+04  1.000222404179023579e+04
331 6621 2.959772e-01 2.553140e+01  1.996076670144276704e+03  1.996953548994509674e+03  1.000201322754646026e+04  1.000314350494616883e+04
332 6641 2.940648e-01 2.554600e+01  1.996076670144276704e+03  1.000200067375859362e+04  1.000202229019349761e+04  1.000322105501017904e+04
333 6661 2.926670e-01 2.555432e+01  1.996076670144276704e+03  1.996952831136987470e+03  1.000202716131579291e+04  1.000211345271059508e+04
334 6681 2.896260e-01 2.556309e+01  1.996076670144276704e+03  1.997040248123108540e+03  1.000202311826475488e+04  1.000258134857962614e+04
335 6701 2.871610e-01 2.556421e+01  1.996076670144276704e+03  1.996958155830248415e+03  1.000202443644929008e+04  1.000214011148528334e+04
336 6721 2.840283e-01 2.556169e+01  1.996076670144276704e+03  2.000158579732086082e+03  1.000202869502306203e+04  1.000313019578573039e+04
337 6741 2.811146e-01 2.555737e+01  1.996076670144276704e+03  1.000200573993411490e+04  1.000202755217698541e+04  1.000316316717998234e+04
338 6761 2.782836e-01 2.556494e+01  1.996076670144276704e+03  1.000200100517866667e+04  1.000201241779945121e+04  1.000203962207917175e+04
339 6781 2.763660e-01 2.557020e+01  1.996076670144276704e+03  1.996872659416914530e+03  1.000203895916019610e+04  1.000322050809909342e+04
340 6801 2.748454e-01 2.559169e+01  1.996076670144276704e+03  1.000201854453509441e+04  1.000203012224997474e+04  1.000209507447223041e+04
341 6821 2.732286e-01 2.559879e+01  1.996076670144276704e+03  1.996878009620553485e+03  1.000202112724441395e+04  1.000208576378865473e+04
342 6841 2.710562e-01 2.561090e+01  1.996076670144276704e+03  1.996970776296725717e+03  1.000203767634206633e+04  1.000213087671744870e+04
343 6861 2.695214e-01 2.561264e+01  1.996076670144276704e+03  1.000200181870123015e+04  1.000202094331691296e+04  1.000205404858587644e+04
344 6881 2.672216e-01 2.562549e+01  1.996076670144276704e+03  1.997005637580429038e+03  1.000201879478577030e+04  1.000209361771976728e+04
345 6901 2.661017e-01 2.564058e+01  1.996076670144276704e+03  1.996945129217443309e+03  1.000201262802718702e+04  1.000205933481381908e+04
346 6921 2.644107e-01 2.564243e+01  1.996076670144276704e+03  1.000200164358404072e+04  1.000202655969306579e+04  1.000315466962875325e+04
347 6941 2.624477e-01 2.565051e+01  1.996076670144276704e+03  1.996882714731729038e+03  1.000203004592720208e+04  1.000318789229356116e+04
348 6961 2.607708e-01 2.566679e+01  1.996076670144276704e+03  1.996915937217645251e+03  1.000203610868609940e+04  1.000221818486033771e+04
349 6981 2.579158e-01 2.566347e+01  1.996076670144276704e+03  1.997014059812748883e+03  1.000201724716042008e+04  1.000254192281921860e+04
350 7001 2.559989e-01 2.566523e+01  1.996076670144276704e+03  1.996904680824576417e+03  1.000202749394644161e+04  1.000320155862384127e+04
351 7021 2.542533e-01 2.566899e+01  1.996076670144276704e+03  2.000164443519064662e+03  1.000202812674928828e+04  1.000207497529588909e+04
352 7041 2.527538e-01 2.568493e+01  1.996076670144276704e+03  1.996947424711885333e+03  1.000201762127488473e+04  1.000257667940116698e+04
353 7061 2.500131e-01 2.568879e+01  1.996076670144276704e+03  1.996905217755861486e+03  1.000202516878073038e+04  1.000209780403762488e+04
354 7081 2.465287e-01 2.570386e+01  1.996076670144276704e+03  1.000200667072315446e+04  1.000202528316133430e+04  1.000209524704367504e+04
355 7101 2.430964e-01 2.571640e+01  1.996076670144276704e+03  1.997064355049879623e+03  1.000202938015164546e+04  1.000329312982176089e+04
356 7121 2.412225e-01 2.574341e+01  1.996076670144276704e+03  1.996932228479473906e+03  1.000201896978851437e+04  1.000204310393983906e+04
357 7141 2.401861e-01 2.577652e+01  1.996076670144276704e+03  1.997017825105103839e+03  1.000202286812522289e+04  1.000204494729286125e+04
358 7161 2.390226e-01 2.579479e+01  1.996076670144276704e+03  1.997038392860639988e+03  1.000201130325450868e+04  1.000206221373625158e+04
359 7181 2.373638e-01 2.580990e+01  1.996076670144276704e+03  1.000200038081330786e+04  1.000201227247920542e+04  1.000206238200074222e+04
360 7201 2.360734e-01 2.580944e+01  1.996076670144276704e+03  1.997044860187354061e+03  1.000201986243394276e+04  1.000205939482566282e+04
361 7221 2.339213e-01 2.581701e+01  1.996076670144276704e+03  1.996888537105726755e+03  1.000202077502910834e+04  1.000206323650347076e+04
362 7241 2.329486e-01 2.583322e+01  1.996076670144276704e+03  2.000159362728080851e+03  1.000202022486643909e+04  1.000205746640829420e+04
363 7261 2.308715e-01 2.584527e+01  1.996076670144276704e+03  2.000164750701028652e+03  1.000201890759043090e+04  1.000203533677627274e+04
364 7281 2.290984e-01 2.587245e+01  1.996076670144276704e+03  1.996938573863608099e+03  1.000202046356618121e+04  1.000327920456242100e+04
365 7301 2.286257e-01 2.593205e+01  1.996076670144276704e+03  1.997052199362514784e+03  1.000201750237260785e+04  1.000328806117269050e+04
366 7321 2.285314e-01 2.595767e+01  1.996076670144276704e+03  1.000200022005578103e+04  1.000202383624289905e+04  1.000205208349297391e+04
367 7341 2.287375e-01 2.599214e+01  1.996076670144276704e+03  1.000200250760696508e+04  1.000202220408395078e+04  1.000206632203480694e+04
368 7361 2.290083e-01 2.601370e+01  1.996076670144276704e+03  1.000200054970306701e+04  1.000202029528963976e+04  1.000205652586068754e+04
369 7381 2.287460e-01 2.602577e+01  1.996076670144276704e+03  1.000200259000520236e+04  1.000202314443300202e+04  1.000207515147627601e+04
370 7401 2.291791e-01 2.603307e+01  1.996076670144276704e+03  1.000200107646962351e+04  1.000202032254234655e+04  1.000330002733815672e+04
371 7421 2.291652e-01 2.605871e+01  1.996076670144276704e+03  1.000200316900690814e+04  1.000202413131566209e+04  1.000208391310645129e+04
372 7441 2.281070e-01 2.607139e+01  1.996076670144276704e+03  1.997035061203992200e+03  1.000201868573091633e+04  1.000211020661500697e+04
373 7461 2.280304e-01 2.608752e+01  1.996076670144276704e+03  1.000200385167974855e+04  1.000202383487845691e+04  1.000328204562175415e+04
374 7481 2.285766e-01 2.611206e+01  1.996076670144276704e+03  1.997032039202236092e+03  1.000201972737265169e+04  1.000205815440248080e+04
375 7501 2.279776e-01 2.615367e+01  1.996076670144276704e+03  1.997074206880354495e+03  1.000201633276415123e+04  1.000206118955986130e+04
376 7521 2.292742e-01 2.619237e+01  1.996076670144276704e+03  1.000200058624920166e+04  1.000202318882284817e+04  1.000205099973819961e+04
377 7541 2.295936e-01 2.621482e+01  1.996076670144276704e+03  1.996824556217038889e+03  1.000201850531058881e+04  1.000257324212233470e+04
378 7561 2.303365e-01 2.623845e+01  1.996076670144276704e+03  1.996893442231244308e+03  1.000201355572445755e+04  1.000255806216719429e+04
379 7581 2.306744e-01 2.628364e+01  1.996076670144276704e+03  1.997035289573146656e+03  1.000202589925416396e+04  1.000205661684208280e+04
380 7601 2.306581e-01 2.630310e+01  1.996076670144276704e+03  2.000154373456084613e+03  1.000201836907520374e+04  1.000207516525686333e+04
381 7621 2.311847e-01 2.631108e+01  1.996076670144276704e+03  1.000200351669892552e+04  1.000202571120705034e+04  1.000208666178398016e+04
382 7641 2.309835e-01 2.635701e+01  1.996076670144276704e+03  1.997030796926050698e+03  1.000202250180685223e+04  1.000554427934299929e+04
383 7661 2.303501e-01 2.637350e+01  1.996076670144276704e+03  1.996936961755976881e+03  1.000201602886906039e+04  1.000207668696131987e+04
384 7681 2.291396e-01 2.638022e+01  1.996076670144276704e+03  1.997060035381615762e+03  1.000201289319117495e+04  1.000331995027527773e+04
385 7701 2.276692e-01 2.639047e+01  1.996076670144276704e+03  1.996920967575337727e+03  1.000201875510636455e+04  1.000207170225634218e+04
386 7721 2.279521e-01 2.640974e+01  1.996076670144276704e+03  1.000200332969263764e+04  1.000202429997350555e+04  1.000209471021609897e+04
387 7741 2.276575e-01 2.641409e+01  1.996076670144276704e+03  1.996852129385971239e+03  1.000202256282588860e+04  1.000207542835100685e+04
388 7761 2.264145e-01 2.642359e+01  1.996076670144276704e+03  1.997052556574288019e+03  1.000202332658499290e+04  1.000207624401052090e+04
389 7781 2.241134e-01 2.642197e+01  1.996076670144276704e+03  2.000163676552374454e+03  1.000201445935651282e+04  1.000324897989952478e+04
390 7801 2.222786e-01 2.644310e+01  1.996076670144276704e+03  1.997045874393695385e+03  1.000201275381073538e+04  1.000259526036264833e+04
391 7821 2.204165e-01 2.645933e+01  1.996076670144276704e+03  1.996920043148445757e+03  1.000200958799611362e+04  1.000209463133436111e+04
392 7841 2.185572e-01 2.646783e+01  1.996076670144276704e+03  1.997058796436090915e+03  1.000201914420467074e+04  1.000203514636440741e+04
393 7861 2.167844e-01 2.648230e+01  1.996076670144276704e+03  1.997050238155669149e+03  1.000201586785713152e+04  1.000204422574527780e+04
394 7881 2.145948e-01 2.648654e+01  1.996076670144276704e+03  1.996928790441407727e+03  1.000201591185934012e+04  1.000205226707958900e+04
395 7901 2.129883e-01 2.649196e+01  1.996076670144276704e+03  1.996914068864435649e+03  1.000200809944662615e+04  1.000553597643571629e+04
396 7921 2.124896e-01 2.651096e+01  1.996076670144276704e+03  2.000141313450339339e+03  1.000200664392593899e+04  1.000202756837646120e+04
397 7941 2.134757e-01 2.651852e+01  1.996076670144276704e+03  1.997038235051012862e+03  1.000200615086518519e+04  1.000204573130037352e+04
398 7961 2.143436e-01 2.654038e+01  1.996076670144276704e+03  1.997055665242861323e+03  1.000200699582400557e+04  1.000323118900405643e+04
399 7981 2.148336e-01 2.655569e+01  1.996076670144276704e+03  1.000200062171591890e+04  1.000201489711394606e+04  1.000205972314879727e+04
400 8001 2.152587e-01 2.656931e+01  1.996076670144276704e+03  1.997076227053465573e+03  1.000200610715113362e+04  1.000208287612259119e+04
401 8021 2.154747e-01 2.657686e+01  1.996076670144276704e+03  1.997056867685501174e+03  1.000201335520879184e+04  1.000203134441155271e+04
402 8041 2.158271e-01 2.660203e+01  1.996076670144276704e+03  1.000200013325251894e+04  1.000201576032148660e+04  1.000320576048240946e+04
403 8061 2.155095e-01 2.660523e+01  1.996076670144276704e+03  2.000145023058130619e+03  1.000201158724747074e+04  1.000203946270966117e+04
404 8081 2.138360e-01 2.661505e+01  1.996076670144276704e+03  1.996982886603236693e+03  1.000201067537429299e+04  1.000207498803871749e+04
405 8101 2.116673e-01 2.666361e+01  1.996076670144276704e+03  1.996938131869521158e+03  1.000201247423274071e+04  1.000205687336237679e+04
406 8121 2.088620e-01 2.667613e+01  1.996076670144276704e+03  1.000200061092106625e+04  1.000201022895072310e+04  1.000205131476888710e+04
407 8141 2.068519e-01 2.668977e+01  1.996076670144276704e+03  2.000163125147148776e+03  1.000201720810338884e+04  1.000205209089033087e+04
408 8161 2.056252e-01 2.669364e+01  1.996076670144276704e+03  1.996947134348688905e+03  1.000201604169119673e+04  1.000205537499963975e+04
409 8181 2.044109e-01 2.670951e+01  1.996076670144276704e+03  1.996945912718719455e+03  1.000201194219464742e+04  1.000205397368343620e+04
410 8201 2.035144e-01 2.671159e+01  1.996076670144276704e+03  1.996910752125280169e+03  1.000201052006135069e+04  1.000205162824287072e+04
411 8221 2.027392e-01 2.672149e+01  1.996076670144276704e+03  1.996927370997907019e+03  1.000200845458934782e+04  1.000204491134801174e+04
412 8241 2.018081e-01 2.672619e+01  1.996076670144276704e+03  1.996946086391142671e+03  1.000200603127256727e+04  1.000303406072608050e+04
413 8261 2.008479e-01 2.672678e+01  1.996076670144276704e+03  1.996956005438878947e+03  1.000201203130409340e+04  1.000204968799461676e+04
414 8281 1.988401e-01 2.673879e+01  1.996076670144276704e+03  1.997021672969290421e+03  1.000201312047156171e+04  1.000317842052733977e+04
415 8301 1.967284e-01 2.673873e+01  1.996076670144276704e+03  1.996939605437536784e+03  1.000200439101356096e+04  1.000202834528569656e+04
416 8321 1.955994e-01 2.676553e+01  1.996076670144276704e+03  1.996944820378015493e+03  1.000201353330752863e+04  1.000203600486730465e+04
417 8341 1.938830e-01 2.677807e+01  1.996076670144276704e+03  1.996935589691620407e+03  1.000200684797629401e+04  1.000229109800913648e+04
418 8361 1.916706e-01 2.677073e+01  1.996076670144276704e+03  1.996926400919815478e+03  1.000201001167225331e+04  1.000204443875248398e+04
419 8381 1.907510e-01 2.676538e+01  1.996076670144276704e+03  1.996944572889777646e+03  1.000200744326941276e+04  1.000204087816817628e+04
420 8401 1.895941e-01 2.676751e+01  1.996076670144276704e+03  1.996929882815838027e+03  1.000200417640428714e+04  1.000324754931507960e+04
421 8421 1.889234e-01 2.677107e+01  1.996076670144276704e+03  2.000163614782192099e+03  1.000201219694632528e+04  1.000554267910623821e+04
422 8441 1.880782e-01 2.679081e+01  1.996076670144276704e+03  1.996907644133313170e+03  1.000200937562705076e+04  1.000204295133325650e+04
423 8461 1.875704e-01 2.679417e+01  1.996076670144276704e+03  1.996959353274013438e+03  1.000201433571401139e+04  1.000326443194948479e+04
424 8481 1.864374e-01 2.679796e+01  1.996076670144276704e+03  1.997025461364942885e+03  1.000200893411996367e+04  1.000204067701606073e+04
425 8501 1.853987e-01 2.680681e+01  1.996076670144276704e+03  1.997056249371278909e+03  1.000201034129567051e+04  1.000330037369188540e+04
426 8521 1.842335e-01 2.681550e+01  1.996076670144276704e+03  1.000200030794523445e+04  1.000200717352699940e+04  1.000205747909471393e+04
427 8541 1.824127e-01 2.680875e+01  1.996076670144276704e+03  1.997046976096108438e+03  1.000201359944913202e+04  1.000553249533911730e+04
428 8561 1.803925e-01 2.682358e+01  1.996076670144276704e+03  1.996989497815225150e+03  1.000200877461154232e+04  1.000202046015614178e+04
429 8581 1.787472e-01 2.682026e+01  1.996076670144276704e+03  1.997003478043907307e+03  1.000201022353233384e+04  1.000202470788804021e+04
430 8601 1.778563e-01 2.683214e+01  1.996076670144276704e+03  1.996789791868882048e+03  1.000200971237082558e+04  1.000326288604114779e+04
431 8621 1.770672e-01 2.684085e+01  1.996076670144276704e+03  1.000200170024903127e+04  1.000200992726411278e+04  1.000204109965158204e+04
432 8641 1.759750e-01 2.684567e+01  1.996076670144276704e+03  1.996978965747194479e+03  1.000201547303684492e+04  1.000206854498460416e+04
433 8661 1.739352e-01 2.684807e+01  1.996076670144276704e+03  1.997037358767778187e+03  1.000201149906490900e+04  1.000204455426450295e+04
434 8681 1.726324e-01 2.685981e+01  1.996076670144276704e+03  1.996993726992984421e+03  1.000200736390719248e+04  1.000204519703697952e+04
435 8701 1.715703e-01 2.685596e+01  1.996076670144276704e+03  1.997012992026734764e+03  1.000200582084675807e+04  1.000205183483830479e+04
436 8721 1.706628e-01 2.685995e+01  1.996076670144276704e+03  2.000139497127957384e+03  1.000200546104941532e+04  1.000327330086363690e+04
437 8741 1.704214e-01 2.686321e+01  1.996076670144276704e+03  1.996987418717787250e+03  1.000201667166905099e+04  1.000329243624481569e+04
438 8761 1.708033e-01 2.687420e+01  1.996076670144276704e+03  1.996825680146662080e+03  1.000200792190562424e+04  1.000554570057768615e+04
439 8781 1.712133e-01 2.687479e+01  1.996076670144276704e+03  1.996965154271048732e+03  1.000201148470440239e+04  1.000254408250577944e+04
440 8801 1.712891e-01 2.687753e+01  1.996076670144276704e+03  1.996876611628824776e+03  1.000200763324456238e+04  1.000202067118474042e+04
441 8821 1.710545e-01 2.687390e+01  1.996076670144276704e+03  1.000200039196485886e+04  1.000200810043997626e+04  1.000329724776187868e+04
442 8841 1.703467e-01 2.687636e+01  1.996076670144276704e+03  1.996892943138151850e+03  1.000200402115631186e+04  1.000203959814075097e+04
443 8861 1.691576e-01 2.687550e+01  1.996076670144276704e+03  1.996810188155264996e+03  1.000200328041540342e+04  1.000326139081439396e+04
444 8881 1.686118e-01 2.687657e+01  1.996076670144276704e+03  1.997008023499533238e+03  1.000200120861268806e+04  1.000325480028888342e+04
445 8901 1.682103e-01 2.688330e+01  1.996076670144276704e+03  1.996864177143076404e+03  1.000201106856714068e+04  1.000328151788318974e+04
446 8921 1.680066e-01 2.688287e+01  1.996076670144276704e+03  1.996927970725029354e+03  1.000200656827136299e+04  1.000328528098132119e+04
447 8941 1.682892e-01 2.688929e+01  1.996076670144276704e+03  1.997071367135094761e+03  1.000200525637075771e+04  1.000203914965297918e+04
448 8961 1.690660e-01 2.689179e+01  1.996076670144276704e+03  1.996961062979928784e+03  1.000200483497749156e+04  1.000201922860268132e+04
449 8981 1.692270e-01 2.689238e+01  1.996076670144276704e+03  1.996893668828605996e+03  1.000200417304430812e+04  1.000204619620988706e+04
450 9001 1.694058e-01 2.689359e+01  1.996076670144276704e+03  1.996962066632619553e+03  1.000200828981800441e+04  1.000205490377468050e+04
451 9021 1.695093e-01 2.689325e+01  1.996076670144276704e+03  1.996910787627367881e+03  1.000200592666878401e+04  1.000328996027508219e+04
452 9041 1.692665e-01 2.691285e+01  1.996076670144276704e+03  1.997001153781902303e+03  1.000200810618663490e+04  1.000245869917757227e+04
453 9061 1.690005e-01 2.691442e+01  1.996076670144276704e+03  1.996873380372664315e+03  1.000200542297773791e+04  1.000321684417743745e+04
454 9081 1.689057e-01 2.691626e+01  1.996076670144276704e+03  1.996906224337933281e+03  1.000200457324967283e+04  1.000325609332623026e+04
455 9101 1.679064e-01 2.692532e+01  1.996076670144276704e+03  1.996995645106381517e+03  1.000200515838536376e+04  1.000203262339625144e+04
456 9121 1.673875e-01 2.693812e+01  1.996076670144276704e+03  1.996835630876672667e+03  1.000200793204781075e+04  1.000328013933848706e+04
457 9141 1.672402e-01 2.693275e+01  1.996076670144276704e+03  1.996940554001833789e+03  1.000200664872048947e+04  1.000205351253524350e+04
458 9161 1.675028e-01 2.695237e+01  1.996076670144276704e+03  1.996800054145505555e+03  1.000201369837084894e+04  1.000204195837510269e+04
459 9181 1.682286e-01 2.699519e+01  1.996076670144276704e+03  1.997024474899435518e+03  1.000201443583823129e+04  1.000324553566505165e+04
460 9201 1.686181e-01 2.702645e+01  1.996076670144276704e+03  1.996747751159570043e+03  1.000200742298985824e+04  1.000205013361353849e+04
461 9221 1.678917e-01 2.705151e+01  1.996076670144276704e+03  1.996839063551818072e+03  1.000200195595156583e+04  1.000323051863218097e+04
462 9241 1.676671e-01 2.708158e+01  1.996076670144276704e+03  1.996888309919424046e+03  1.000200196059417431e+04  1.000324492469589859e+04
463 9261 1.679318e-01 2.708976e+01  1.996076670144276704e+03  1.996974248815342889e+03  2.000159527238993633e+03  1.000324754096116521e+04
464 9281 1.679066e-01 2.710006e+01  1.996076670144276704e+03  1.996910186771652207e+03  1.000201170952276516e+04  1.000553344711443242e+04
465 9301 1.681794e-01 2.711744e+01  1.996076670144276704e+03  1.996917677995399345e+03  1.000202045446620468e+04  1.000322129811256855e+04
466 9321 1.681926e-01 2.712027e+01  1.996076670144276704e+03  1.996862964184619159e+03  1.000200396287612966e+04  1.000323434787348378e+04
467 9341 1.681770e-01 2.711359e+01  1.996076670144276704e+03  1.997008860517494668e+03  2.000143189943672041e+03  1.000323273063766646e+04
468 9361 1.687769e-01 2.711209e+01  1.996076670144276704e+03  1.996975854889253469e+03  2.000151396723600556e+03  1.000201874285042140e+04
469 9381 1.684675e-01 2.711748e+01  1.996076670144276704e+03  1.996666820444147106e+03  1.997070400958167738e+03  1.000327015550900069e+04
470 9401 1.675933e-01 2.716156e+01  1.996076670144276704e+03  1.996841136927394018e+03  6.001086656187146218e+03  1.000207087433167908e+04
471 9421 1.666071e-01 2.716298e+01  1.996076670144276704e+03  1.996966524820019913e+03  6.001082284998075011e+03  1.000553267509415855e+04
472 9441 1.656816e-01 2.716344e+01  1.996076670144276704e+03  1.996828819787682960e+03  2.000135024892733327e+03  1.000557115209730546e+04
473 9461 1.649453e-01 2.715954e+01  1.996076670144276704e+03  1.996865490404165030e+03  1.998690435393988082e+03  1.000322356037342433e+04
474 9481 1.647601e-01 2.714256e+01  1.996076670144276704e+03  1.996580268060470189e+03  1.998621862417185866e+03  1.000204974202093763e+04
475 9501 1.644990e-01 2.713762e+01  1.996076670144276704e+03  1.996985756004158475e+03  1.000200373586779824e+04  1.000202805269795863e+04
476 9521 1.638058e-01 2.716153e+01  1.996076670144276704e+03  1.996856922294465448e+03  1.997067961145646677e+03  1.000323056031202759e+04
477 9541 1.628011e-01 2.715749e+01  1.996076670144276704e+03  1.996935613502071647e+03  2.000156747102415011e+03  1.000555617287461791e+04
478 9561 1.624035e-01 2.715903e+01  1.996076670144276704e+03  1.996870164084870339e+03  1.000200661576230050e+04  1.000321960235820734e+04
479 9581 1.629571e-01 2.715808e+01  1.996076670144276704e+03  1.996874949960565800e+03  1.000200807581903427e+04  1.000321155603853731e+04
480 9601 1.643787e-01 2.715708e+01  1.996076670144276704e+03  1.996801660343979847e+03  1.000200454534779419e+04  1.000203760328708631e+04
481 9621 1.659140e-01 2.716144e+01  1.996076670144276704e+03  1.996892476776910826e+03  1.000200653569467613e+04  1.000203033577853239e+04
482 9641 1.671827e-01 2.717180e+01  1.996076670144276704e+03  1.996889909332222487e+03  1.000200769322081396e+04  1.000556205199067153e+04
483 9661 1.681727e-01 2.717140e+01  1.996076670144276704e+03  1.997291013301571184e+03  1.000201067182868428e+04  1.000203240034429837e+04
484 9681 1.689189e-01 2.718776e+01  1.996076670144276704e+03  1.996938743396241762e+03  1.000201222737169155e+04  1.000205982966827469e+04
485 9701 1.702257e-01 2.719674e+01  1.996076670144276704e+03  1.996920484940786992e+03  1.000201405670046370e+04  1.000562657394422058e+04
486 9721 1.713275e-01 2.720811e+01  1.996076670144276704e+03  1.996881294656154068e+03  1.000200384662591932e+04  1.000201677306428246e+04
487 9741 1.721000e-01 2.722320e+01  1.996076670144276704e+03  1.996886905682887118e+03  6.001078575183364592e+03  1.000209142759937640e+04
488 9761 1.728343e-01 2.722526e+01  1.996076670144276704e+03  1.996813827843913032e+03  1.000200937212693498e+04  1.000204346055947462e+04
489 9781 1.737346e-01 2.722763e+01  1.996076670144276704e+03  1.996885021398645677e+03  1.000201060218880230e+04  1.000561028429206999e+04
490 9801 1.751098e-01 2.722979e+01  1.996076670144276704e+03  1.996847960060849346e+03  1.000200936031569654e+04  1.000204995264462559e+04
491 9821 1.774213e-01 2.722637e+01  1.996076670144276704e+03  1.996799403224142679e+03  1.000200978847121405e+04  1.000323218443436417e+04
492 9841 1.798142e-01 2.721616e+01  1.996076670144276704e+03  1.996843109998507316e+03  1.000200988042036624e+04  1.000203029467774650e+04
493 9861 1.818413e-01 2.722199e+01  1.996076670144276704e+03  1.996870656491889804e+03  1.000200778652534427e+04  1.000205194818968266e+04
494 9881 1.829405e-01 2.721081e+01  1.996076670144276704e+03  1.996881337432784903e+03  1.000200405323224186e+04  1.000204693064559069e+04
495 9901 1.843384e-01 2.720795e+01  1.996076670144276704e+03  1.996831910016649090e+03  1.000200345637486680e+04  1.000204116728619738e+04
496 9921 1.851559e-01 2.720298e+01  1.996076670144276704e+03  1.996866719915405383e+03  1.000201157771508588e+04  1.000324425108551259e+04
497 9941 1.849100e-01 2.720259e+01  1.996076670144276704e+03  1.996912889238687740e+03  1.000201075935290100e+04  1.000204424878755890e+04
498 9961 1.848740e-01 2.719927e+01  1.996076670144276704e+03  1.996916447827002912e+03  1.000200832612280465e+04  1.000205857510448004e+04
499 9981 1.855498e-01 2.719684e+01  1.996076670144276704e+03  1.996816516796090582e+03  1.000200601677783197e+04  1.000206121395726950e+04
500 10001 1.855817e-01 2.720533e+01  1.996076670144276704e+03  1.996882738953992430e+03  1.000201171276650348e+04  1.000319758374579578e+04
501 10021 1.847510e-01 2.720644e+01  1.996076670144276704e+03  1.996881485281992809e+03  1.000200922937673568e+04  1.000559563950583288e+04
502 10041 1.841177e-01 2.720824e+01  1.996076670144276704e+03  1.996889011128955644e+03  1.000200423038339068e+04  1.000203357837372096e+04
503 10061 1.836072e-01 2.721768e+01  1.996076670144276704e+03  1.996844354863966373e+03  1.000200356189301056e+04  1.000206257881533747e+04
504 10081 1.826538e-01 2.722890e+01  1.996076670144276704e+03  2.000145488904256126e+03  1.000200941609940855e+04  1.000204795744102557e+04
505 10101 1.822800e-01 2.723630e+01  1.996076670144276704e+03  1.996853640093547256e+03  1.000201548671609999e+04  1.000229790105173925e+04
506 10121 1.818192e-01 2.723666e+01  1.996076670144276704e+03  1.996801155199157165e+03  1.000201397104735406e+04  1.000319021665154833e+04
507 10141 1.809561e-01 2.723340e+01  1.996076670144276704e+03  1.996862549536858751e+03  1.000200869455080829e+04  1.000207572151606655e+04
508 10161 1.799204e-01 2.723776e+01  1.996076670144276704e+03  1.996877497721482314e+03  1.000200821268223081e+04  1.000321662757992090e+04
509 10181 1.785056e-01 2.723768e+01  1.996076670144276704e+03  1.996880078320496295e+03  1.000201072217317414e+04  1.000205086671446406e+04
510 10201 1.769264e-01 2.723960e+01  1.996076670144276704e+03  1.996847906852800179e+03  1.997011021218115729e+03  1.000557091694094561e+04
511 10221 1.756998e-01 2.724398e+01  1.996076670144276704e+03  1.996809459380427597e+03  2.000150664030757525e+03  1.000325173434358658e+04
512 10241 1.746366e-01 2.723474e+01  1.996076670144276704e+03  1.996805135773891607e+03  1.996916701080712528e+03  1.000322910279110511e+04
513 10261 1.747117e-01 2.725369e+01  1.996076670144276704e+03  1.996822211420509575e+03  1.998604604538812509e+03  1.000263640312031748e+04
514 10281 1.751482e-01 2.728236e+01  1.996076670144276704e+03  1.996828499729188025e+03  2.000148008056248045e+03  1.000214419867307697e+04
515 10301 1.754739e-01 2.727483e+01  1.996076670144276704e+03  1.996873831553297123e+03  1.997065488410248463e+03  1.000320098359234544e+04
516 10321 1.763840e-01 2.728279e+01  1.996076670144276704e+03  1.996854874459972734e+03  1.000200400177903430e+04  1.000261535716262006e+04
517 10341 1.770770e-01 2.728276e+01  1.996076670144276704e+03  1.996871011219537650e+03  1.000200263070780420e+04  1.000324524619583281e+04
518 10361 1.774835e-01 2.729181e+01  1.996076670144276704e+03  1.996815393021958243e+03  6.001076947310995820e+03  1.000204534769338170e+04
519 10381 1.771798e-01 2.729127e+01  1.996076670144276704e+03  1.996879571361984745e+03  1.997067835689564390e+03  1.000322159108410415e+04
520 10401 1.765274e-01 2.729566e+01  1.996076670144276704e+03  1.996855174185713395e+03  2.000160121212917375e+03  1.000202553590279786e+04
521 10421 1.756856e-01 2.730429e+01  1.996076670144276704e+03  1.996888204143911025e+03  2.000152790885915238e+03  1.000560414569134264e+04
522 10441 1.747429e-01 2.730728e+01  1.996076670144276704e+03  1.996856479543707565e+03  1.997024984508498619e+03  1.000320295065773098e+04
523 10461 1.738759e-01 2.734025e+01  1.996076670144276704e+03  1.996893363422960647e+03  1.997141393068421394e+03  1.000251910870271604e+04
524 10481 1.733473e-01 2.739156e+01  1.996076670144276704e+03  1.996842343991373809e+03  1.996959511900259258e+03  1.000558316362772712e+04
525 10501 1.725907e-01 2.741148e+01  1.996076670144276704e+03  1.996847219587323707e+03  2.000152487512217704e+03  1.000323093024720583e+04
526 10521 1.717648e-01 2.741532e+01  1.996076670144276704e+03  1.996840037160894099e+03  1.998713521830175978e+03  1.000320418929307925e+04
527 10541 1.716397e-01 2.743189e+01  1.996076670144276704e+03  1.996863660680433213e+03  2.000150537248510545e+03  1.000318707753379203e+04
528 10561 1.711439e-01 2.743685e+01  1.996076670144276704e+03  1.996849653206739958e+03  1.997052307507396335e+03  1.000315865393186141e+04
529 10581 1.715271e-01 2.746684e+01  1.996076670144276704e+03  1.996804369457845496e+03  1.998578188453115899e+03  1.000316364289604644e+04
530 10601 1.719694e-01 2.748400e+01  1.996076670144276704e+03  1.996843298384577793e+03  1.000201216176727030e+04  1.000314683554664953e+04
531 10621 1.726365e-01 2.748934e+01  1.996076670144276704e+03  1.996860542404876242e+03  1.000200112582358270e+04  1.000320619911696122e+04
532 10641 1.742631e-01 2.750392e+01  1.996076670144276704e+03  1.996796941952859243e+03  1.998558196946533826e+03  1.000314965004999249e+04
533 10661 1.757769e-01 2.751129e+01  1.996076670144276704e+03  1.996776103075573246e+03  6.001082642611962001e+03  1.000203713993386918e+04
534 10681 1.787324e-01 2.752795e+01  1.996076670144276704e+03  1.996808415439643795e+03  1.996976871365600118e+03  1.000315109180900618e+04
535 10701 1.815639e-01 2.753436e+01  1.996076670144276704e+03  1.996804529595104441e+03  1.996930822581122811e+03  1.000231181355757690e+04
536 10721 1.840657e-01 2.754478e+01  1.996076670144276704e+03  1.996862805533526853e+03  2.000143308468700980e+03  1.000316987707722546e+04
537 10741 1.866216e-01 2.755067e+01  1.996076670144276704e+03  1.996831018371793562e+03  1.996914981955521398e+03  1.000204313477368487e+04
538 10761 1.879939e-01 2.756651e+01  1.996076670144276704e+03  1.996863402772925383e+03  2.000141355033312720e+03  1.000201241031723293e+04
539 10781 1.896313e-01 2.757165e+01  1.996076670144276704e+03  1.996850832639406917e+03  2.000136366677368642e+03  1.000230848857183082e+04
540 10801 1.911484e-01 2.757935e+01  1.996076670144276704e+03  1.996701378601392207e+03  1.996926888557004986e+03  1.000202008951178141e+04
541 10821 1.913625e-01 2.759240e+01  1.996076670144276704e+03  1.996812725037953669e+03  2.000150112545417187e+03  1.000318351328132121e+04
542 10841 1.911030e-01 2.758522e+01  1.996076670144276704e+03  1.996820606834719456e+03  1.997240435195022656e+03  1.000552497277217844e+04
543 10861 1.914011e-01 2.758921e+01  1.996076670144276704e+03  1.996869936407738578e+03  2.000147725236584847e+03  1.000202298497805532e+04
544 10881 1.911702e-01 2.759772e+01  1.996076670144276704e+03  1.996837506029612086e+03  1.000200080764441736e+04  1.000204273419487436e+04
545 10901 1.917980e-01 2.760843e+01  1.996076670144276704e+03  1.996873479061937815e+03  1.000200657884266002e+04  1.000217684672523319e+04
546 10921 1.917387e-01 2.761847e+01  1.996076670144276704e+03  1.996862762447681007e+03  1.000200778866475594e+04  1.000307639985539026e+04
547 10941 1.915029e-01 2.762942e+01  1.996076670144276704e+03  1.996865961216551113e+03  1.000200295448567340e+04  1.000210768795487638e+04
548 10961 1.920970e-01 2.763093e+01  1.996076670144276704e+03  1.996871646079752736e+03  1.000200954245583125e+04  1.000553315123757238e+04
549 10981 1.926538e-01 2.763621e+01  1.996076670144276704e+03  1.996857008607572652e+03  1.000200460561439468e+04  1.000204678399216573e+04
550 11001 1.924391e-01 2.765773e+01  1.996076670144276704e+03  1.996871673893703019e+03  1.000201171396159771e+04  1.000315924899809033e+04
551 11021 1.928968e-01 2.767044e+01  1.996076670144276704e+03  1.996842630132586464e+03  1.000201192040740716e+04  1.000203903396300302e+04
552 11041 1.930020e-01 2.768871e+01  1.996076670144276704e+03  1.996870591138483178e+03  1.000201247066740689e+04  1.000206521250514743e+04
553 11061 1.924072e-01 2.770351e+01  1.996076670144276704e+03  1.996849180016125501e+03  1.000200667230440013e+04  1.000228897067310027e+04
554 11081 1.917474e-01 2.772111e+01  1.996076670144276704e+03  1.996852404789035063e+03  2.000159188682951026e+03  1.000310759210400101e+04
555 11101 1.916932e-01 2.772994e+01  1.996076670144276704e+03  1.996862545967914230e+03  2.000163056467001297e+03  1.000203292360924024e+04
556 11121 1.920356e-01 2.774233e+01  1.996076670144276704e+03  1.996856006966902669e+03  2.000160538973040957e+03  1.000309442808611129e+04
557 11141 1.922616e-01 2.775881e+01  1.996076670144276704e+03  1.996811564745052920e+03  2.000147623645201975e+03  1.000315781230496214e+04
558 11161 1.927124e-01 2.777822e+01  1.996076670144276704e+03  1.996839785794474437e+03  1.000200418793601420e+04  1.000202954222628614e+04
559 11181 1.924397e-01 2.779122e+01  1.996076670144276704e+03  1.996858306282985495e+03  1.000200151973966240e+04  1.000203133807444101e+04
560 11201 1.930162e-01 2.780796e+01  1.996076670144276704e+03  1.996847173656909263e+03  6.001076253227756752e+03  1.000233786298806808e+04
561 11221 1.929765e-01 2.782816e+01  1.996076670144276704e+03  1.996859050468659689e+03  6.001082789359361414e+03  1.000207324353902550e+04
562 11241 1.926050e-01 2.783415e+01  1.996076670144276704e+03  1.996866406007504793e+03  1.000200918444669878e+04  1.000206331931735076e+04
563 11261 1.929392e-01 2.786581e+01  1.996076670144276704e+03  1.996809844073227396e+03  1.000200685230166710e+04  1.000210065064372793e+04
564 11281 1.931054e-01 2.788490e+01  1.996076670144276704e+03  1.996862748154291694e+03  1.000200446802903389e+04  1.000202735128094719e+04
565 11301 1.929109e-01 2.789920e+01  1.996076670144276704e+03  1.996827885784016416e+03  1.996966900560320255e+03  1.000201837598518614e+04
566 11321 1.925321e-01 2.790442e+01  1.996076670144276704e+03  1.996851756599194914e+03  1.000200320719114461e+04  1.000313644919097169e+04
567 11341 1.917654e-01 2.790645e+01  1.996076670144276704e+03  1.996875673871970093e+03  1.000200936231598098e+04  1.000314103532544141e+04
568 11361 1.920609e-01 2.791267e+01  1.996076670144276704e+03  1.996826286119020097e+03  6.001082691471957332e+03  1.000553056077111614e+04
569 11381 1.925665e-01 2.790604e+01  1.996076670144276704e+03  1.996871104170777699e+03  1.000200120731002244e+04  1.000205943000800653e+04
570 11401 1.933551e-01 2.791022e+01  1.996076670144276704e+03  1.996844394137679956e+03  1.996986826561120097e+03  1.000203886245030844e+04
571 11421 1.937677e-01 2.793100e+01  1.996076670144276704e+03  1.996787018128546379e+03  2.000151535838539075e+03  1.000310921770835375e+04
572 11441 1.947268e-01 2.792506e+01  1.996076670144276704e+03  1.996860474383059227e+03  2.000156562583913001e+03  1.000312510895994819e+04
573 11461 1.946428e-01 2.793313e+01  1.996076670144276704e+03  1.996842573292336056e+03  6.001080100354401111e+03  1.000210346955821296e+04
574 11481 1.947980e-01 2.792880e+01  1.996076670144276704e+03  1.996849962488261781e+03  2.000139255601805417e+03  1.000201396345749708e+04
575 11501 1.949323e-01 2.793612e+01  1.996076670144276704e+03  1.996789221250391847e+03  1.000200446273450143e+04  1.000315166599532313e+04
576 11521 1.944758e-01 2.794114e+01  1.996076670144276704e+03  1.996824496441068732e+03  2.000159994532861219e+03  1.000313257785267524e+04
577 11541 1.928887e-01 2.793966e+01  1.996076670144276704e+03  1.996804422969041752e+03  1.996927183859418619e+03  1.000201962926171655e+04
578 11561 1.916143e-01 2.794478e+01  1.996076670144276704e+03  1.996766910808616331e+03  1.997238996698537903e+03  1.000202435584797240e+04
579 11581 1.909545e-01 2.793497e+01  1.996076670144276704e+03  1.996815546048972692e+03  1.997046388334378207e+03  1.000313311198033807e+04
580 11601 1.899169e-01 2.794117e+01  1.996076670144276704e+03  1.996817254402206572e+03  1.996924566704578410e+03  1.000314759000527556e+04
581 11621 1.882365e-01 2.794488e+01  1.996076670144276704e+03  1.996813569858036772e+03  1.997050599767836047e+03  1.000204735897775026e+04
582 11641 1.874572e-01 2.794325e+01  1.996076670144276704e+03  1.996803015148170061e+03  2.000165081789124542e+03  1.000206105279844633e+04
583 11661 1.865357e-01 2.792844e+01  1.996076670144276704e+03  1.996864529439640592e+03  1.996962137282507229e+03  1.000206552749986076e+04
584 11681 1.853067e-01 2.792893e+01  1.996076670144276704e+03  1.996872352468399868e+03  1.997069738299244364e+03  1.000200445500257592e+04
585 11701 1.850483e-01 2.792326e+01  1.996076670144276704e+03  1.996818308707836877e+03  1.996968064961479286e+03  1.000313435879065401e+04
586 11721 1.841129e-01 2.791903e+01  1.996076670144276704e+03  1.996724158048116351e+03  2.000145880853926883e+03  1.000203058024732127e+04
587 11741 1.827973e-01 2.792612e+01  1.996076670144276704e+03  1.996850270520788399e+03  1.000200417418892721e+04  1.000208062173541657e+04
588 11761 1.806933e-01 2.793080e+01  1.996076670144276704e+03  1.996833290287693217e+03  1.000200663011688448e+04  1.000310574699928839e+04
589 11781 1.790475e-01 2.792561e+01  1.996076670144276704e+03  1.996840298006719422e+03  1.998543256829431357e+03  1.000225859839626901e+04
590 11801 1.775662e-01 2.792382e+01  1.996076670144276704e+03  1.996805642226754344e+03  2.000157049864868895e+03  1.000236406775073010e+04
591 11821 1.765285e-01 2.792596e+01  1.996076670144276704e+03  1.996826106962606445e+03  1.996979465224299474e+03  1.000311287685088791e+04
592 11841 1.759770e-01 2.792551e+01  1.996076670144276704e+03  1.996802256425163478e+03  1.998615053107637323e+03  1.000203134745751049e+04
593 11861 1.755300e-01 2.793705e+01  1.996076670144276704e+03  1.996858003563925649e+03  1.996909637759532416e+03  1.000201760333328639e+04
594 11881 1.747831e-01 2.793569e+01  1.996076670144276704e+03  1.996887956324283550e+03  2.000161995064668645e+03  1.000554791031228160e+04
595 11901 1.732847e-01 2.793050e+01  1.996076670144276704e+03  1.996849630132950097e+03  1.996945837037347246e+03  1.000315107133125275e+04
596 11921 1.718597e-01 2.793247e+01  1.996076670144276704e+03  1.996477226731249630e+03  1.996957796217290252e+03  1.000314895461299602e+04
597 11941 1.697608e-01 2.794462e+01  1.996076670144276704e+03  1.996845344065729932e+03  1.996993547514323154e+03  1.000201791109907754e+04
598 11961 1.682386e-01 2.795650e+01  1.996076670144276704e+03  1.996854970314136835e+03  1.996916942354749153e+03  1.000210191353064693e+04
599 11981 1.663875e-01 2.794228e+01  1.996076670144276704e+03  1.996813074953268824e+03  1.997017128202090134e+03  1.000317755161580862e+04
600 12001 1.647014e-01 2.793531e+01  1.996076670144276704e+03  1.996841875961060168e+03  2.000122748793704432e+03  1.000317596165474970e+04
