%  columns="iteration, evaluation, sigma, axis ratio, bestever, best, median, worst fitness function value, further objective values of best" (startseed=214048, 2017/09/26 14:28:46.49)
1 21 1.070948e+00 2.240810e+01  9.983215551793942950e+02  1.000183576260419250e+04  1.000203093838659697e+04  1.000294119295960081e+04
2 41 1.030216e+00 2.242125e+01  9.983215551793942950e+02  1.000179165962518891e+04  1.000196032209900659e+04  1.000236538337835373e+04
3 61 1.003962e+00 2.244067e+01  9.983215551793942950e+02  1.000181104692025474e+04  1.000210460004287961e+04  1.000344071974439066e+04
4 81 9.822384e-01 2.245365e+01  9.983215551793942950e+02  1.000189544820541232e+04  1.000207427026300502e+04  1.000257383452379872e+04
5 101 9.639399e-01 2.246591e+01  9.983215551793942950e+02  1.000182383632290293e+04  1.000198719302345489e+04  1.000313262843093617e+04
6 121 9.481323e-01 2.247768e+01  9.983215551793942950e+02  1.000178751284186546e+04  1.000209902915814018e+04  1.000304025659765284e+04
7 141 9.339264e-01 2.249566e+01  9.983215551793942950e+02  1.000180424425465208e+04  1.000197230093958024e+04  1.000225117079342454e+04
8 161 9.237153e-01 2.250516e+01  9.983215551793942950e+02  1.000180795690088598e+04  1.000201993252072862e+04  1.000271569386822193e+04
9 181 9.129901e-01 2.251458e+01  9.983215551793942950e+02  1.000183239424121166e+04  1.000200923253062501e+04  1.000257761195400235e+04
10 201 9.083864e-01 2.253171e+01  9.983215551793942950e+02  1.000180260216882562e+04  1.000200231563425405e+04  1.000237601553524655e+04
11 221 9.003851e-01 2.254182e+01  9.983215551793942950e+02  1.000179587321263352e+04  1.000204048218347816e+04  1.000273011898627556e+04
12 241 8.922263e-01 2.255022e+01  9.983215551793942950e+02  1.000180152819648720e+04  1.000207338067013916e+04  1.000278625787499368e+04
13 261 8.867649e-01 2.256551e+01  9.983215551793942950e+02  1.000176908606003053e+04  1.000192113808758222e+04  1.000240098509295422e+04
14 281 8.803514e-01 2.257585e+01  9.983215551793942950e+02  1.000183286715241957e+04  1.000203473093473804e+04  1.000244579902750411e+04
15 301 8.776549e-01 2.259773e+01  9.983215551793942950e+02  1.000179481199134898e+04  1.000196825730078126e+04  1.000458157571211450e+04
16 321 8.753750e-01 2.261372e+01  9.983215551793942950e+02  1.000179325599513504e+04  1.000193555718076459e+04  1.000220706142220843e+04
17 341 8.738731e-01 2.263383e+01  9.983215551793942950e+02  1.000000000000000000e+04  1.000198125538618478e+04  1.000278891531470981e+04
18 361 8.710672e-01 2.264040e+01  9.983215551793942950e+02  1.000000000000000000e+04  1.000199086656692998e+04  1.000269726712635929e+04
19 381 8.649540e-01 2.264911e+01  9.983215551793942950e+02  1.000178380959335664e+04  1.000194767490015147e+04  1.000226797459363115e+04
20 401 8.582303e-01 2.266790e+01  9.983215551793942950e+02  1.000180455409096612e+04  1.000189874256793883e+04  1.000230653631762470e+04
21 421 8.535464e-01 2.267868e+01  9.983215551793942950e+02  1.000177122281358425e+04  1.000196832500700111e+04  1.000235819144556081e+04
22 441 8.516113e-01 2.268645e+01  9.983215551793942950e+02  1.000176306107681194e+04  1.000195980907017656e+04  1.000223353159431281e+04
23 461 8.504063e-01 2.269265e+01  9.983215551793942950e+02  1.000179657103879981e+04  1.000195172777690095e+04  1.000225681116822852e+04
24 481 8.477401e-01 2.271532e+01  9.983215551793942950e+02  1.000179034478813446e+04  1.000196332566688579e+04  1.000249199539898837e+04
25 501 8.452087e-01 2.272699e+01  9.983215551793942950e+02  1.000179478628004654e+04  1.000197884965598132e+04  1.000230148615503094e+04
26 521 8.401166e-01 2.273031e+01  9.983215551793942950e+02  1.000181702566616877e+04  1.000206281758963814e+04  1.000274816239867141e+04
27 541 8.319498e-01 2.273901e+01  9.983215551793942950e+02  1.000179746331693423e+04  1.000191864504810655e+04  1.000226271409315268e+04
28 561 8.232539e-01 2.274400e+01  9.983215551793942950e+02  1.000183945410226806e+04  1.000190475847381458e+04  1.000238522446403113e+04
29 581 8.166548e-01 2.274881e+01  9.983215551793942950e+02  1.000180736888122919e+04  1.000195554148045630e+04  1.000219634313152710e+04
30 601 8.088755e-01 2.275960e+01  9.983215551793942950e+02  1.000176896105355991e+04  1.000195557650767114e+04  1.000247846217892948e+04
31 621 8.037425e-01 2.277825e+01  9.983215551793942950e+02  1.000180724662724788e+04  1.000197151850279442e+04  1.000239790734364033e+04
32 641 7.978208e-01 2.281285e+01  9.983215551793942950e+02  1.000000000000000000e+04  1.000189768829038803e+04  1.000244230529206834e+04
33 661 7.899805e-01 2.283126e+01  9.983215551793942950e+02  1.000177765478281799e+04  1.000189101746533925e+04  1.000235768459982501e+04
34 681 7.796280e-01 2.284199e+01  9.983215551793942950e+02  1.000176992722036266e+04  1.000192462040458122e+04  1.000239789648395345e+04
35 701 7.718408e-01 2.284722e+01  9.983215551793942950e+02  1.000175333995891197e+04  1.000192526989723046e+04  1.000238491279191112e+04
36 721 7.657952e-01 2.286553e+01  9.983215551793942950e+02  1.000000000000000000e+04  1.000187532169414044e+04  1.000234173202314923e+04
37 741 7.640759e-01 2.287832e+01  9.983215551793942950e+02  1.000177204294682087e+04  1.000197867266886351e+04  1.000219990884044819e+04
38 761 7.617828e-01 2.288426e+01  9.983215551793942950e+02  1.000180738355262656e+04  1.000194583748232981e+04  1.000219221361808377e+04
39 781 7.631516e-01 2.289123e+01  9.983215551793942950e+02  1.000176202765072048e+04  1.000187429637622154e+04  1.000264741135039731e+04
40 801 7.648709e-01 2.289728e+01  9.983215551793942950e+02  1.000178511646175684e+04  1.000187879876503575e+04  1.000262716885776535e+04
41 821 7.722851e-01 2.291847e+01  9.983215551793942950e+02  1.000176485383452928e+04  1.000191214895429039e+04  1.000276117429843362e+04
42 841 7.749573e-01 2.293519e+01  9.983215551793942950e+02  1.000176050685144764e+04  1.000191151619673292e+04  1.000214404960081265e+04
43 861 7.784862e-01 2.294601e+01  9.983215551793942950e+02  1.000175485167549232e+04  1.000184806645467688e+04  1.000254309637440383e+04
44 881 7.815856e-01 2.295437e+01  9.983215551793942950e+02  1.000177154059788336e+04  1.000189948285667924e+04  1.000240923067610129e+04
45 901 7.823363e-01 2.295900e+01  9.983215551793942950e+02  1.000176324362255764e+04  1.000201232150552642e+04  1.000240501909953673e+04
46 921 7.854770e-01 2.295815e+01  9.983215551793942950e+02  1.000177179343415446e+04  1.000196253862904268e+04  1.000263965213753181e+04
47 941 7.835116e-01 2.295968e+01  9.983215551793942950e+02  1.000000000000000000e+04  1.000187850774547769e+04  1.000244849041768975e+04
48 961 7.807674e-01 2.296467e+01  9.983215551793942950e+02  1.000176575687270997e+04  1.000193581241692846e+04  1.000236348164895571e+04
49 981 7.777689e-01 2.297320e+01  9.983215551793942950e+02  1.000175180234501022e+04  1.000185185607012500e+04  1.000208877549671161e+04
50 1001 7.734558e-01 2.298215e+01  9.983215551793942950e+02  1.000175711375474384e+04  1.000191294674496385e+04  1.000278167865048454e+04
51 1021 7.673426e-01 2.299718e+01  9.983215551793942950e+02  1.000177780749288650e+04  1.000186753913120810e+04  1.000228515584219349e+04
52 1041 7.629906e-01 2.301078e+01  9.983215551793942950e+02  1.000176866381685613e+04  1.000194620387609211e+04  1.000214713913131709e+04
53 1061 7.560240e-01 2.302342e+01  9.983215551793942950e+02  1.000000000000000000e+04  1.000192261969742322e+04  1.000276609586871928e+04
54 1081 7.504912e-01 2.303243e+01  9.983215551793942950e+02  1.000181029079661675e+04  1.000193355572222208e+04  1.000284621697442708e+04
55 1101 7.495492e-01 2.304339e+01  9.983215551793942950e+02  1.000180240083741955e+04  1.000190714405401013e+04  1.000237967642661897e+04
56 1121 7.489274e-01 2.305355e+01  9.983215551793942950e+02  1.000182560479119638e+04  1.000198632369102779e+04  1.000291420933675363e+04
57 1141 7.477107e-01 2.306226e+01  9.983215551793942950e+02  1.000179783153197604e+04  1.000194576328341645e+04  1.000244363930737927e+04
58 1161 7.470156e-01 2.306711e+01  9.983215551793942950e+02  1.000177166519991079e+04  1.000188178202582640e+04  1.000232131373623270e+04
59 1181 7.460918e-01 2.307523e+01  9.983215551793942950e+02  1.000177220893648155e+04  1.000190380296049807e+04  1.000227622134812009e+04
60 1201 7.468792e-01 2.308501e+01  9.983215551793942950e+02  1.000178291697176610e+04  1.000192656706322123e+04  1.000271733171828419e+04
61 1221 7.435521e-01 2.310101e+01  9.983215551793942950e+02  1.000176541436812477e+04  1.000192135375582438e+04  1.000261138739300986e+04
62 1241 7.406767e-01 2.311360e+01  9.983215551793942950e+02  1.000175099277222216e+04  1.000190809459258162e+04  1.000204414007373634e+04
63 1261 7.363997e-01 2.311925e+01  9.983215551793942950e+02  1.000179604991462838e+04  1.000194065288227102e+04  1.000228218132191978e+04
64 1281 7.324328e-01 2.312791e+01  9.983215551793942950e+02  1.000177590977428918e+04  1.000185403461880924e+04  1.000272077148288554e+04
65 1301 7.284245e-01 2.313757e+01  9.983215551793942950e+02  1.000177107715108286e+04  1.000186005738419772e+04  1.000252919514014684e+04
66 1321 7.259938e-01 2.315411e+01  9.983215551793942950e+02  1.000175757095867448e+04  1.000187747464714630e+04  1.000224378068934311e+04
67 1341 7.226739e-01 2.315965e+01  9.983215551793942950e+02  1.000175959575607885e+04  1.000184101327796452e+04  1.000281399652598884e+04
68 1361 7.215499e-01 2.316260e+01  9.983215551793942950e+02  1.000178514212626033e+04  1.000196192759873520e+04  1.000230119147263576e+04
69 1381 7.194040e-01 2.316663e+01  9.983215551793942950e+02  1.000176443873710195e+04  1.000185426828296113e+04  1.000223540291720201e+04
70 1401 7.178295e-01 2.317183e+01  9.983215551793942950e+02  1.000175634350024302e+04  1.000189026044301136e+04  1.000233709549235573e+04
71 1421 7.130546e-01 2.317738e+01  9.983215551793942950e+02  1.000175940845356672e+04  1.000186236718334476e+04  1.000262445567458053e+04
72 1441 7.069078e-01 2.318338e+01  9.983215551793942950e+02  1.000000000000000000e+04  1.000190705166736370e+04  1.000242349358166939e+04
73 1461 6.996851e-01 2.319141e+01  9.983215551793942950e+02  1.000177082385521862e+04  1.000192550708361341e+04  1.000266155889550464e+04
74 1481 6.935628e-01 2.319731e+01  9.983215551793942950e+02  1.000178091113805749e+04  1.000187084772809249e+04  1.000233730227853448e+04
75 1501 6.856837e-01 2.320023e+01  9.983215551793942950e+02  1.000000000000000000e+04  1.000190426707587540e+04  1.000224603433590892e+04
76 1521 6.757351e-01 2.321885e+01  9.983215551793942950e+02  1.000176272597270690e+04  1.000183338035330053e+04  1.000203900768630956e+04
77 1541 6.706073e-01 2.322181e+01  9.983215551793942950e+02  1.000175804641141622e+04  1.000189973848422596e+04  1.000239803521849171e+04
78 1561 6.653951e-01 2.323700e+01  9.983215551793942950e+02  1.000000000000000000e+04  1.000194575951424849e+04  1.000211751145164453e+04
79 1581 6.618212e-01 2.323647e+01  9.983215551793942950e+02  1.000175840451679869e+04  1.000182794338859276e+04  1.000216135921047680e+04
80 1601 6.559542e-01 2.323879e+01  9.983215551793942950e+02  1.000000000000000000e+04  1.000187231080778656e+04  1.000199545535468133e+04
81 1621 6.508869e-01 2.324845e+01  9.983215551793942950e+02  1.000000000000000000e+04  1.000182274990497899e+04  1.000197162949045560e+04
82 1641 6.475239e-01 2.325980e+01  9.983215551793942950e+02  1.000176729457911279e+04  1.000182109892848712e+04  1.000283928165411817e+04
83 1661 6.455138e-01 2.326334e+01  9.983215551793942950e+02  1.000000000000000000e+04  1.000182600376119990e+04  1.000203692989665615e+04
84 1681 6.421517e-01 2.326961e+01  9.983215551793942950e+02  1.000000000000000000e+04  1.000184011981409094e+04  1.000222825762795765e+04
85 1701 6.391695e-01 2.327213e+01  9.983215551793942950e+02  1.000175804342837728e+04  1.000183890010842151e+04  1.000209793764923597e+04
86 1721 6.363720e-01 2.327301e+01  9.983215551793942950e+02  1.000175659516110682e+04  1.000184930203203476e+04  1.000214596474301288e+04
87 1741 6.330860e-01 2.327602e+01  9.983215551793942950e+02  1.000000000000000000e+04  1.000182916225835288e+04  1.000203174737715563e+04
88 1761 6.305845e-01 2.327324e+01  9.983215551793942950e+02  1.000176069996970182e+04  1.000185779251816712e+04  1.000208075532174007e+04
89 1781 6.300345e-01 2.327671e+01  9.983215551793942950e+02  1.000175768731389326e+04  1.000186635106386166e+04  1.000213706617682328e+04
90 1801 6.287190e-01 2.328337e+01  9.983215551793942950e+02  1.000000000000000000e+04  1.000182394420980745e+04  1.000209283081631656e+04
91 1821 6.285640e-01 2.329150e+01  9.983215551793942950e+02  1.000175606295933176e+04  1.000184130595182796e+04  1.000206470641582746e+04
92 1841 6.303168e-01 2.330741e+01  9.983215551793942950e+02  1.000000000000000000e+04  1.000181112924314402e+04  1.000207376859882061e+04
93 1861 6.332684e-01 2.330852e+01  9.983215551793942950e+02  1.000175024355039022e+04  1.000185503196246100e+04  1.000223136842767235e+04
94 1881 6.351991e-01 2.331264e+01  9.983215551793942950e+02  1.000175329572211376e+04  1.000183746426001562e+04  1.000223660596192894e+04
95 1901 6.372658e-01 2.331575e+01  9.983215551793942950e+02  1.000000000000000000e+04  1.000183034608072194e+04  1.000195031503331484e+04
96 1921 6.352342e-01 2.331646e+01  9.983215551793942950e+02  1.000000000000000000e+04  1.000181854849254887e+04  1.000243315419390274e+04
97 1941 6.326415e-01 2.332992e+01  9.983215551793942950e+02  1.000093479628099203e+03  1.000187224536852227e+04  1.000210003845465690e+04
98 1961 6.318355e-01 2.334623e+01  9.983215551793942950e+02  1.000000000000000000e+04  1.000182252518869791e+04  1.000219908826584106e+04
99 1981 6.324098e-01 2.335820e+01  9.983215551793942950e+02  1.000000000000000000e+04  1.000181694300597701e+04  1.000441033931385937e+04
100 2001 6.328977e-01 2.336367e+01  9.983215551793942950e+02  1.000000000000000000e+04  1.000181589499317488e+04  1.000200965035589979e+04
101 2021 6.289630e-01 2.337186e+01  9.983215551793942950e+02  1.000176254547226199e+04  1.000183764019709997e+04  1.000202995499304234e+04
102 2041 6.265746e-01 2.338435e+01  9.983215551793942950e+02  1.000000000000000000e+04  1.000184762892282379e+04  1.000228662886562233e+04
103 2061 6.218894e-01 2.338737e+01  9.983215551793942950e+02  1.000000000000000000e+04  1.000185848302307932e+04  1.000196332297658410e+04
104 2081 6.186044e-01 2.339460e+01  9.983215551793942950e+02  1.000176543910666260e+04  1.000181305104139756e+04  1.000278653346138162e+04
105 2101 6.129193e-01 2.340766e+01  9.983215551793942950e+02  1.000000000000000000e+04  1.000182279918347740e+04  1.000195972071750839e+04
106 2121 6.073414e-01 2.341658e+01  9.983215551793942950e+02  1.000082907025871350e+03  1.000181222291710947e+04  1.000202317543199388e+04
107 2141 5.997073e-01 2.342212e+01  9.983215551793942950e+02  1.000000000000000000e+04  1.000181525790435990e+04  1.000230731058457786e+04
108 2161 5.898846e-01 2.343224e+01  9.983215551793942950e+02  1.000000000000000000e+04  1.000178395004989216e+04  1.000204732274119306e+04
109 2181 5.828084e-01 2.343610e+01  9.983215551793942950e+02  1.000000000000000000e+04  1.000181517342858024e+04  1.000198990324208171e+04
110 2201 5.771396e-01 2.345619e+01  9.983215551793942950e+02  1.000000000000000000e+04  1.000180393409328099e+04  1.000199377205750534e+04
111 2221 5.722643e-01 2.345469e+01  9.983215551793942950e+02  1.000000000000000000e+04  1.000182295480568791e+04  1.000278655291112955e+04
112 2241 5.688103e-01 2.346938e+01  9.983215551793942950e+02  1.000000000000000000e+04  1.000182815021794886e+04  1.000196002027155555e+04
113 2261 5.625668e-01 2.348037e+01  9.983215551793942950e+02  1.000175458184798663e+04  1.000180346405443925e+04  1.000194966653895790e+04
114 2281 5.580677e-01 2.348857e+01  9.983215551793942950e+02  9.984547405576406618e+02  1.000180387254851485e+04  1.000197163646500667e+04
115 2301 5.530310e-01 2.350453e+01  9.983215551793942950e+02  1.000000000000000000e+04  1.000179980191010691e+04  1.000273472719000711e+04
116 2321 5.481472e-01 2.351032e+01  9.983215551793942950e+02  1.000000000000000000e+04  1.000179946225356252e+04  1.000187825283840539e+04
117 2341 5.435871e-01 2.351474e+01  9.983215551793942950e+02  1.000000000000000000e+04  1.000182258094106328e+04  1.000201403130336257e+04
118 2361 5.399146e-01 2.353185e+01  9.983215551793942950e+02  1.000000000000000000e+04  1.000179823706961724e+04  1.000185994990857398e+04
119 2381 5.366399e-01 2.353638e+01  9.983215551793942950e+02  1.000000000000000000e+04  1.000180165147612752e+04  1.000202113024632126e+04
120 2401 5.318582e-01 2.356105e+01  9.983215551793942950e+02  1.000000000000000000e+04  1.000180242204464957e+04  1.000210183572946880e+04
121 2421 5.293225e-01 2.355618e+01  9.983215551793942950e+02  1.000000000000000000e+04  1.000178713398902983e+04  1.000215887779640252e+04
122 2441 5.257604e-01 2.356211e+01  9.983215551793942950e+02  1.000000000000000000e+04  1.000178175422592722e+04  1.000207731995931681e+04
123 2461 5.215599e-01 2.355941e+01  9.983215551793942950e+02  1.000000000000000000e+04  1.000178473172943995e+04  1.000202441341789745e+04
124 2481 5.191374e-01 2.356724e+01  9.983215551793942950e+02  1.000000000000000000e+04  1.000176472114957505e+04  1.000194456994129905e+04
125 2501 5.167947e-01 2.357313e+01  9.983215551793942950e+02  1.000000000000000000e+04  1.000179526372810142e+04  1.000189093974734169e+04
126 2521 5.127026e-01 2.360213e+01  9.983215551793942950e+02  1.000000000000000000e+04  1.000179817137248574e+04  1.000287880962029521e+04
127 2541 5.074374e-01 2.361578e+01  9.983215551793942950e+02  1.000000000000000000e+04  1.000178583935297320e+04  1.000262839596027879e+04
128 2561 5.033942e-01 2.363389e+01  9.983215551793942950e+02  1.000000000000000000e+04  1.000175956181174479e+04  1.000189728543255478e+04
