%  columns="iteration, evaluation, sigma, axis ratio, bestever, best, median, worst fitness function value, further objective values of best" (startseed=215145, 2017/10/7 19:51:47.46)
1 21 1.074708e+00 2.241107e+01  9.925517057534290188e+02  9.955209578955302732e+02  9.967500940216559684e+02  9.972960588975514611e+02
2 41 1.047229e+00 2.242194e+01  9.925517057534290188e+02  9.959515714112205842e+02  9.969267876550100027e+02  9.973743020374374737e+02
3 61 1.022473e+00 2.242428e+01  9.925517057534290188e+02  9.949124351277640699e+02  9.970826293338799360e+02  9.985282132397045416e+02
4 81 1.003031e+00 2.244155e+01  9.925517057534290188e+02  9.959678962903955153e+02  9.968484617644965056e+02  9.972615845959243188e+02
5 101 9.822586e-01 2.245074e+01  9.925517057534290188e+02  9.961170514220209498e+02  9.969608550443725790e+02  9.972699999999999818e+02
6 121 9.637317e-01 2.247429e+01  9.925517057534290188e+02  9.955347116976540747e+02  9.969578591596075512e+02  9.973528302389794362e+02
7 141 9.497385e-01 2.248795e+01  9.925517057534290188e+02  9.958617338883132106e+02  9.971271662509716407e+02  9.979954377612178860e+02
8 161 9.370323e-01 2.249678e+01  9.925517057534290188e+02  9.959145481123852051e+02  9.970617410946589416e+02  9.975911531998829105e+02
9 181 9.284578e-01 2.250350e+01  9.925517057534290188e+02  9.962064882545345199e+02  9.969821268406471972e+02  9.973079928237435752e+02
10 201 9.219094e-01 2.251178e+01  9.925517057534290188e+02  9.958063498028975573e+02  9.970640958454034717e+02  9.974131544711260631e+02
11 221 9.143883e-01 2.251329e+01  9.925517057534290188e+02  9.959800000000000182e+02  9.967899961586091422e+02  9.974075362992424516e+02
12 241 9.128691e-01 2.252804e+01  9.925517057534290188e+02  9.962625003226387435e+02  9.969245510463889559e+02  9.973010974528616543e+02
13 261 9.113803e-01 2.253214e+01  9.925517057534290188e+02  9.956147785088151068e+02  9.968056321482736166e+02  9.972866969012858362e+02
14 281 9.131344e-01 2.253372e+01  9.925517057534290188e+02  9.956282029348031983e+02  9.969275537752412220e+02  9.978008106087700071e+02
15 301 9.162579e-01 2.254101e+01  9.925517057534290188e+02  9.961347525681785555e+02  9.970030087082409409e+02  9.974379990190320768e+02
16 321 9.163048e-01 2.254256e+01  9.925517057534290188e+02  9.952303917838459029e+02  9.969295422797083575e+02  9.982307094066189848e+02
17 341 9.163278e-01 2.254616e+01  9.925517057534290188e+02  9.957206438069141541e+02  9.966390368694420658e+02  9.979086491701896193e+02
18 361 9.171424e-01 2.255679e+01  9.925517057534290188e+02  9.944970679281715320e+02  9.970997405231406674e+02  9.975965339815792277e+02
19 381 9.177869e-01 2.257165e+01  9.925517057534290188e+02  9.954224632714641530e+02  9.969534034058445968e+02  9.975547832361583005e+02
20 401 9.165068e-01 2.257495e+01  9.925517057534290188e+02  9.950165668211250249e+02  9.968874891936700351e+02  9.989288560598672575e+02
21 421 9.164085e-01 2.257962e+01  9.925517057534290188e+02  9.961945348831098954e+02  9.969229072981534046e+02  9.972367062862390412e+02
22 441 9.176222e-01 2.258891e+01  9.925517057534290188e+02  9.962229509362359750e+02  9.970609213782724964e+02  9.974216238720018737e+02
23 461 9.166024e-01 2.260156e+01  9.925517057534290188e+02  9.958713521469995840e+02  9.969054986298929180e+02  9.977258876449651552e+02
24 481 9.194864e-01 2.260544e+01  9.925517057534290188e+02  9.955516534201042305e+02  9.967979207825690082e+02  9.973400000000000318e+02
25 501 9.215042e-01 2.261826e+01  9.925517057534290188e+02  9.960732119639186521e+02  9.971226872705254891e+02  9.981932143171361531e+02
26 521 9.207661e-01 2.262640e+01  9.925517057534290188e+02  9.960673631248381525e+02  9.969962177284050995e+02  9.978619759414679038e+02
27 541 9.224751e-01 2.265167e+01  9.925517057534290188e+02  9.961274868282965826e+02  9.967775741871544142e+02  9.975142871855341582e+02
28 561 9.201889e-01 2.266111e+01  9.925517057534290188e+02  9.955078567477015667e+02  9.969955174349969411e+02  9.982285968722030702e+02
29 581 9.192510e-01 2.267008e+01  9.925517057534290188e+02  9.958181265535831699e+02  9.969060200648930277e+02  9.980332246404641410e+02
30 601 9.231662e-01 2.268777e+01  9.925517057534290188e+02  9.956076249098356357e+02  9.967712465955683001e+02  9.973352789905188729e+02
31 621 9.266026e-01 2.269598e+01  9.925517057534290188e+02  9.964800000000000182e+02  9.969034503544237396e+02  9.974542955963721624e+02
32 641 9.314155e-01 2.270683e+01  9.925517057534290188e+02  9.959514876573318816e+02  9.968293887356339837e+02  9.973078725533654278e+02
33 661 9.361802e-01 2.272720e+01  9.925517057534290188e+02  9.952425341167847819e+02  9.968385410111325200e+02  9.975214792847311855e+02
34 681 9.444017e-01 2.274068e+01  9.925517057534290188e+02  9.959266677134052088e+02  9.971035054339024555e+02  9.974800000000000182e+02
35 701 9.489737e-01 2.274859e+01  9.925517057534290188e+02  9.963307692624624679e+02  9.968998819926259785e+02  9.972923386088383495e+02
36 721 9.482988e-01 2.276627e+01  9.925517057534290188e+02  9.959466371190703740e+02  9.970122143324754234e+02  9.983140134991081140e+02
37 741 9.538574e-01 2.277344e+01  9.925517057534290188e+02  9.961994115587173155e+02  9.969790379416491533e+02  9.975282369136064062e+02
38 761 9.550769e-01 2.278006e+01  9.925517057534290188e+02  9.958336698121810286e+02  9.969976600309514652e+02  9.974383122732853053e+02
39 781 9.597789e-01 2.279123e+01  9.925517057534290188e+02  9.962364879500568122e+02  9.969442209208893928e+02  9.974563555703560951e+02
40 801 9.679785e-01 2.280507e+01  9.925517057534290188e+02  9.962500000000000000e+02  9.970773147234190219e+02  9.993419656043683972e+02
41 821 9.742230e-01 2.282782e+01  9.925517057534290188e+02  9.961805610016000401e+02  9.969650000000000318e+02  9.980710613992796425e+02
42 841 9.804386e-01 2.283475e+01  9.925517057534290188e+02  9.959185079013719815e+02  9.970872282099812764e+02  9.974900000000000091e+02
43 861 9.870980e-01 2.284351e+01  9.925517057534290188e+02  9.962147601248904039e+02  9.968511843308069729e+02  9.973645676980353301e+02
44 881 9.934697e-01 2.284857e+01  9.925517057534290188e+02  9.960161036141325894e+02  9.970927774351426933e+02  9.976295061832280453e+02
45 901 9.963378e-01 2.284913e+01  9.925517057534290188e+02  9.956154463978430158e+02  9.969128032259138763e+02  9.974114421955055150e+02
46 921 1.004400e+00 2.284629e+01  9.925517057534290188e+02  9.956369090566277009e+02  9.970194016979678509e+02  9.973878974201102210e+02
47 941 1.008762e+00 2.284739e+01  9.925517057534290188e+02  9.958221258444295927e+02  9.969367855787407962e+02  9.974140270510062010e+02
48 961 1.010214e+00 2.285711e+01  9.925517057534290188e+02  9.955465739835383374e+02  9.971117243742178289e+02  9.994022073373100739e+02
49 981 1.011156e+00 2.286082e+01  9.925517057534290188e+02  9.966499999999999773e+02  9.970439138982175109e+02  9.973091229568334484e+02
50 1001 1.010961e+00 2.287405e+01  9.925517057534290188e+02  9.964364750199443961e+02  9.970612005474113175e+02  9.995507507692464060e+02
51 1021 1.009619e+00 2.287472e+01  9.925517057534290188e+02  9.960299999999999727e+02  9.969352131368202663e+02  9.994099999999999682e+02
52 1041 1.010889e+00 2.287297e+01  9.925517057534290188e+02  9.961518441584797756e+02  9.969472771680307233e+02  9.995691463294665482e+02
53 1061 1.010664e+00 2.287982e+01  9.925517057534290188e+02  9.949717435018460492e+02  9.970118746769658173e+02  9.992599999999999909e+02
54 1081 1.009436e+00 2.288634e+01  9.925517057534290188e+02  9.965700000000000500e+02  9.970306105207872633e+02  9.983148197136144972e+02
55 1101 1.006873e+00 2.289301e+01  9.925517057534290188e+02  9.962400000000000091e+02  9.970973142073197550e+02  9.994619643514801055e+02
56 1121 1.001743e+00 2.289483e+01  9.925517057534290188e+02  9.960928128004154587e+02  9.967695041122465227e+02  9.973091373153152972e+02
57 1141 9.956414e-01 2.289877e+01  9.925517057534290188e+02  9.960499999999999545e+02  9.968340038317051039e+02  9.975086381158554332e+02
58 1161 9.909875e-01 2.291223e+01  9.925517057534290188e+02  9.959481137747917501e+02  9.969291626878759871e+02  9.973222695822585138e+02
59 1181 9.837309e-01 2.291768e+01  9.925517057534290188e+02  9.963958373667902606e+02  9.969072817892420062e+02  9.975640583276701818e+02
60 1201 9.785216e-01 2.292232e+01  9.925517057534290188e+02  9.959927635423156289e+02  9.967400000000000091e+02  9.973426760006092309e+02
61 1221 9.676760e-01 2.292860e+01  9.925517057534290188e+02  9.959723952773732663e+02  9.968634849878447994e+02  9.993337449627492788e+02
62 1241 9.596404e-01 2.294076e+01  9.925517057534290188e+02  9.961679071136426273e+02  9.967254318334851177e+02  9.991823023382568181e+02
63 1261 9.492620e-01 2.295018e+01  9.925517057534290188e+02  9.958168918104001932e+02  9.968851337773679688e+02  9.987180466629370130e+02
64 1281 9.402243e-01 2.295732e+01  9.925517057534290188e+02  9.960533018923902091e+02  9.968633287145828490e+02  9.982918418887102234e+02
65 1301 9.364891e-01 2.296817e+01  9.925517057534290188e+02  9.957619533441773001e+02  9.968937466151083981e+02  9.973133286025851021e+02
66 1321 9.248171e-01 2.297502e+01  9.925517057534290188e+02  9.954978160627332500e+02  9.968241440007780056e+02  9.972013552362980136e+02
67 1341 9.139245e-01 2.297874e+01  9.925517057534290188e+02  9.959804438407672933e+02  9.968852684773445390e+02  9.973058861619049367e+02
68 1361 9.024536e-01 2.297963e+01  9.925517057534290188e+02  9.955806070493268862e+02  9.967576579430999573e+02  9.972081465471384263e+02
69 1381 8.957409e-01 2.298671e+01  9.925517057534290188e+02  9.958131348058259391e+02  9.968714185954022469e+02  9.973280672181494992e+02
70 1401 8.925919e-01 2.299136e+01  9.925517057534290188e+02  9.957818139812673053e+02  9.968247505286749401e+02  9.972787319035978726e+02
71 1421 8.906966e-01 2.299636e+01  9.925517057534290188e+02  9.959700000000000273e+02  9.969950309383320928e+02  9.975129688171421094e+02
72 1441 8.932487e-01 2.300552e+01  9.925517057534290188e+02  9.962870591729104035e+02  9.969122098863837209e+02  9.973515309851283064e+02
73 1461 8.970736e-01 2.301823e+01  9.925517057534290188e+02  9.955900000000000318e+02  9.968495315260358893e+02  9.971769689845793891e+02
74 1481 9.023406e-01 2.303208e+01  9.925517057534290188e+02  9.953705788693357590e+02  9.967473421650739738e+02  9.973238911776129498e+02
75 1501 9.108305e-01 2.302985e+01  9.925517057534290188e+02  9.961477764230430694e+02  9.968801801571828491e+02  9.971799999999999500e+02
76 1521 9.181321e-01 2.303330e+01  9.925517057534290188e+02  9.962421416393476647e+02  9.967394758159894081e+02  9.972053665887938223e+02
77 1541 9.212611e-01 2.303569e+01  9.925517057534290188e+02  9.955698404012977107e+02  9.968620983674223908e+02  9.973903115855836177e+02
78 1561 9.239236e-01 2.305191e+01  9.925517057534290188e+02  9.957782273928538643e+02  9.969726896109119707e+02  9.974712496647393891e+02
79 1581 9.279119e-01 2.306273e+01  9.925517057534290188e+02  9.960099999999999909e+02  9.968414320989020325e+02  9.974400000000000546e+02
80 1601 9.295371e-01 2.306529e+01  9.925517057534290188e+02  9.956388807385621931e+02  9.966509629475499423e+02  9.972807308091350933e+02
81 1621 9.346749e-01 2.306912e+01  9.925517057534290188e+02  9.949958086178944541e+02  9.966954946213390940e+02  9.972810811698536781e+02
82 1641 9.393914e-01 2.307301e+01  9.925517057534290188e+02  9.956699999999999591e+02  9.969048600156036173e+02  9.971992595546588518e+02
83 1661 9.389105e-01 2.308846e+01  9.925517057534290188e+02  9.957761289817975694e+02  9.968646430293842968e+02  9.975330725201495170e+02
84 1681 9.372710e-01 2.309260e+01  9.925517057534290188e+02  9.953021542873982526e+02  9.967578733784553151e+02  9.973673494246943392e+02
85 1701 9.285141e-01 2.311565e+01  9.925517057534290188e+02  9.961835143254686500e+02  9.968465873218769957e+02  9.972198022265974942e+02
86 1721 9.191154e-01 2.312251e+01  9.925517057534290188e+02  9.956305994313773908e+02  9.969022822087061968e+02  9.973706263286668445e+02
87 1741 9.104855e-01 2.313260e+01  9.925517057534290188e+02  9.954684396945172011e+02  9.967462690131610543e+02  9.971011983592111392e+02
88 1761 8.954491e-01 2.315068e+01  9.925517057534290188e+02  9.963700000000000045e+02  9.968908004097197590e+02  9.976000000000000227e+02
89 1781 8.852415e-01 2.317098e+01  9.925517057534290188e+02  9.959608640552172574e+02  9.968194615762206467e+02  9.972343203132998042e+02
90 1801 8.770293e-01 2.316978e+01  9.925517057534290188e+02  9.959500000000000455e+02  9.966417726278391456e+02  9.973088027562171192e+02
91 1821 8.695657e-01 2.317926e+01  9.925517057534290188e+02  9.956496210608568163e+02  9.966296345338257652e+02  9.972073757568531391e+02
92 1841 8.626581e-01 2.318363e+01  9.925517057534290188e+02  9.960575604984603615e+02  9.967205163636313046e+02  9.972974223565295233e+02
93 1861 8.534922e-01 2.318751e+01  9.925517057534290188e+02  9.959807233114498786e+02  9.967964573689253029e+02  9.972100000000000364e+02
94 1881 8.470812e-01 2.318937e+01  9.925517057534290188e+02  9.954139301695295217e+02  9.965650598649770018e+02  9.973743013586871484e+02
95 1901 8.417778e-01 2.319554e+01  9.925517057534290188e+02  9.959758160431072156e+02  9.966960342968581017e+02  9.972723544944412879e+02
96 1921 8.355968e-01 2.320180e+01  9.925517057534290188e+02  9.957974376649332271e+02  9.967902139834286572e+02  9.971983079271710722e+02
97 1941 8.313994e-01 2.321878e+01  9.925517057534290188e+02  9.958844896605764916e+02  9.966621182164856236e+02  9.972050689113323187e+02
98 1961 8.311726e-01 2.323117e+01  9.925517057534290188e+02  9.955477736237155568e+02  9.968368555825300064e+02  9.973427529174707615e+02
99 1981 8.324159e-01 2.324303e+01  9.925517057534290188e+02  9.962087357395844265e+02  9.966831279987754897e+02  9.972052857154449157e+02
100 2001 8.315653e-01 2.325306e+01  9.925517057534290188e+02  9.953902002251359136e+02  9.965518902317032826e+02  9.971444115604006129e+02
101 2021 8.298051e-01 2.327032e+01  9.925517057534290188e+02  9.958144187486586816e+02  9.968753971141413786e+02  9.971902709271000731e+02
102 2041 8.295728e-01 2.328623e+01  9.925517057534290188e+02  9.959199999999999591e+02  9.968012732611636011e+02  9.971759245976038528e+02
103 2061 8.330929e-01 2.330391e+01  9.925517057534290188e+02  9.949218973489305426e+02  9.968468169616668320e+02  9.972246526853216437e+02
104 2081 8.351531e-01 2.330642e+01  9.925517057534290188e+02  9.958945443413945213e+02  9.968812359666869725e+02  9.975000000000000000e+02
105 2101 8.368808e-01 2.331781e+01  9.925517057534290188e+02  9.956983515705841228e+02  9.968791307349915769e+02  9.972758960258821617e+02
106 2121 8.370904e-01 2.333617e+01  9.925517057534290188e+02  9.956276491326863152e+02  9.966375354576380232e+02  9.973448888691896173e+02
107 2141 8.402094e-01 2.333831e+01  9.925517057534290188e+02  9.961772639909193003e+02  9.967794476427179688e+02  9.973820666275042868e+02
108 2161 8.434232e-01 2.334697e+01  9.925517057534290188e+02  9.948033223883595610e+02  9.967717427140621567e+02  9.973328140824469301e+02
109 2181 8.428236e-01 2.335679e+01  9.925517057534290188e+02  9.959936402285123904e+02  9.968063263653511967e+02  9.972723935060735130e+02
110 2201 8.433912e-01 2.336697e+01  9.925517057534290188e+02  9.960000000000000000e+02  9.967989137877702888e+02  9.971320325584215425e+02
111 2221 8.463212e-01 2.336659e+01  9.925517057534290188e+02  9.956146981185274853e+02  9.966660548862427049e+02  9.972707227984947167e+02
112 2241 8.461910e-01 2.337605e+01  9.925517057534290188e+02  9.963936512048281884e+02  9.968803083012735442e+02  9.974692498556984219e+02
113 2261 8.463215e-01 2.338953e+01  9.925517057534290188e+02  9.960565551719796531e+02  9.967777879779121122e+02  9.971066360930699375e+02
114 2281 8.450830e-01 2.339386e+01  9.925517057534290188e+02  9.958506436758946165e+02  9.968107392468355101e+02  9.971990267652247439e+02
115 2301 8.447475e-01 2.339987e+01  9.925517057534290188e+02  9.961578385113994045e+02  9.967483904585285472e+02  9.972365541268779907e+02
116 2321 8.438647e-01 2.341012e+01  9.925517057534290188e+02  9.955952289419924455e+02  9.967241263305536449e+02  9.973861767644892780e+02
117 2341 8.386646e-01 2.341204e+01  9.925517057534290188e+02  9.957899999999999636e+02  9.967963475649349903e+02  9.972588479068865581e+02
118 2361 8.347708e-01 2.342852e+01  9.925517057534290188e+02  9.954202203581525055e+02  9.967496375390031744e+02  9.971399999999999864e+02
119 2381 8.313373e-01 2.344375e+01  9.925517057534290188e+02  9.960397759892603062e+02  9.969520209471381804e+02  9.973787105004493014e+02
120 2401 8.267100e-01 2.345926e+01  9.925517057534290188e+02  9.957500000000000000e+02  9.967847381157573636e+02  9.972774134462117672e+02
121 2421 8.239060e-01 2.345837e+01  9.925517057534290188e+02  9.955814630068128963e+02  9.968407757715431217e+02  9.973920891520692749e+02
122 2441 8.210142e-01 2.346812e+01  9.925517057534290188e+02  9.963381330346902587e+02  9.967828463238889753e+02  9.970208019301344393e+02
123 2461 8.174664e-01 2.347807e+01  9.925517057534290188e+02  9.959791123185093511e+02  9.967312029399175799e+02  9.972436165534312522e+02
124 2481 8.157863e-01 2.348902e+01  9.925517057534290188e+02  9.963383764975385475e+02  9.968943846487056817e+02  9.971607204877616368e+02
125 2501 8.128795e-01 2.349993e+01  9.925517057534290188e+02  9.959018025506720733e+02  9.968569216019436681e+02  9.972845765329060441e+02
126 2521 8.119419e-01 2.350502e+01  9.925517057534290188e+02  9.954440886924829783e+02  9.967347276927396251e+02  9.971774883080624932e+02
127 2541 8.100451e-01 2.351818e+01  9.925517057534290188e+02  9.962953751388189403e+02  9.968161136532373803e+02  9.972033438476146330e+02
128 2561 8.121348e-01 2.355338e+01  9.925517057534290188e+02  9.960660792714980971e+02  9.967194189218282645e+02  9.972267830772530033e+02
129 2581 8.138849e-01 2.357322e+01  9.925517057534290188e+02  9.954014716817308681e+02  9.967595821902970101e+02  9.973191052092329301e+02
130 2601 8.170635e-01 2.358459e+01  9.925517057534290188e+02  9.956905873250930199e+02  9.966246463329821381e+02  9.971555181375325674e+02
131 2621 8.185797e-01 2.358665e+01  9.925517057534290188e+02  9.942503670606827200e+02  9.967807649406973951e+02  9.973063932665619404e+02
132 2641 8.226857e-01 2.359503e+01  9.925517057534290188e+02  9.961650751288150332e+02  9.966850914974666011e+02  9.973625480075462519e+02
133 2661 8.263971e-01 2.359726e+01  9.925517057534290188e+02  9.961932663362497351e+02  9.967588261957714622e+02  9.973788343365910123e+02
134 2681 8.323497e-01 2.362503e+01  9.925517057534290188e+02  9.952609216381664510e+02  9.968912922713192302e+02  9.972371406594053269e+02
135 2701 8.362799e-01 2.364951e+01  9.925517057534290188e+02  9.950259110680708545e+02  9.967915093823771713e+02  9.973695495384422429e+02
136 2721 8.443410e-01 2.365939e+01  9.925517057534290188e+02  9.953899999999999864e+02  9.967094469878543350e+02  9.971403390918386549e+02
137 2741 8.542667e-01 2.367468e+01  9.925517057534290188e+02  9.960382296640042341e+02  9.967264671685778694e+02  9.972107760719359248e+02
138 2761 8.594351e-01 2.369140e+01  9.925517057534290188e+02  9.959378883546471570e+02  9.967945309384147095e+02  9.972054047841658075e+02
139 2781 8.670398e-01 2.371113e+01  9.925517057534290188e+02  9.961878539975331250e+02  9.969332056038691690e+02  9.973028665506819834e+02
140 2801 8.747584e-01 2.372758e+01  9.925517057534290188e+02  9.958427043709580175e+02  9.968560261546820129e+02  9.974632997340005431e+02
141 2821 8.844030e-01 2.374516e+01  9.925517057534290188e+02  9.961936998096045954e+02  9.969151358437277395e+02  9.974662876676721908e+02
142 2841 8.922523e-01 2.376668e+01  9.925517057534290188e+02  9.951908700153627478e+02  9.969331023617386336e+02  9.975825327515113941e+02
143 2861 9.000905e-01 2.378359e+01  9.925517057534290188e+02  9.951512675486220587e+02  9.968349324155326485e+02  9.973417364174755448e+02
144 2881 9.041082e-01 2.380082e+01  9.925517057534290188e+02  9.954959053239884952e+02  9.968172599975171124e+02  9.974876557237053021e+02
145 2901 9.096386e-01 2.380919e+01  9.925517057534290188e+02  9.960205515977462483e+02  9.968619658021902978e+02  9.974712534291920747e+02
146 2921 9.139191e-01 2.381168e+01  9.925517057534290188e+02  9.957812479440311790e+02  9.966430482713908532e+02  9.974700000000000273e+02
147 2941 9.150799e-01 2.383329e+01  9.925517057534290188e+02  9.950192099110719255e+02  9.967936417757198342e+02  9.972500000000000000e+02
148 2961 9.159039e-01 2.384391e+01  9.925517057534290188e+02  9.954741284348988302e+02  9.967166608574095790e+02  9.973026071074064021e+02
149 2981 9.098798e-01 2.385785e+01  9.925517057534290188e+02  9.957948407974283782e+02  9.967468225575726137e+02  9.975079976167770610e+02
150 3001 9.061104e-01 2.385477e+01  9.925517057534290188e+02  9.952141159353531066e+02  9.968906318980500600e+02  9.973099999999999454e+02
151 3021 9.036504e-01 2.386530e+01  9.925517057534290188e+02  9.955267808417372635e+02  9.968464596898958234e+02  9.984962385801666187e+02
152 3041 9.040219e-01 2.386677e+01  9.925517057534290188e+02  9.960983460460273591e+02  9.968714701081909197e+02  9.976100000000000136e+02
153 3061 9.045815e-01 2.386855e+01  9.925517057534290188e+02  9.956690849505016558e+02  9.968721416631991588e+02  9.977811077082446900e+02
154 3081 9.041872e-01 2.388194e+01  9.925517057534290188e+02  9.945626585744684007e+02  9.968083054995387329e+02  9.971467414866065155e+02
155 3101 9.038805e-01 2.388540e+01  9.925517057534290188e+02  9.955021776633341233e+02  9.965845344925296558e+02  9.971660022709210125e+02
156 3121 9.022041e-01 2.389298e+01  9.925517057534290188e+02  9.953017090316246822e+02  9.967127016552415171e+02  9.974175144539856319e+02
157 3141 9.017835e-01 2.390458e+01  9.925517057534290188e+02  9.955121691846745762e+02  9.967531015264430607e+02  9.973384390172615213e+02
158 3161 9.029042e-01 2.391890e+01  9.925517057534290188e+02  9.961526049307275343e+02  9.967202226525654396e+02  9.971942051567792760e+02
159 3181 8.990193e-01 2.393273e+01  9.925517057534290188e+02  9.950130058000380586e+02  9.965177231879556530e+02  9.971862951099153634e+02
160 3201 8.985253e-01 2.393316e+01  9.925517057534290188e+02  9.951677951831537712e+02  9.967805097308696531e+02  9.972028915780027774e+02
161 3221 8.969856e-01 2.394509e+01  9.925517057534290188e+02  9.955328212150230911e+02  9.967652341372377123e+02  9.972913940161192841e+02
162 3241 8.952941e-01 2.395837e+01  9.925517057534290188e+02  9.961499999999999773e+02  9.967566159291100121e+02  9.974212690093082756e+02
163 3261 8.878818e-01 2.396937e+01  9.925517057534290188e+02  9.958167598256616202e+02  9.967745226161861183e+02  9.971181877464159697e+02
164 3281 8.822527e-01 2.397734e+01  9.925517057534290188e+02  9.954826726879565513e+02  9.967442086238672800e+02  9.972054719294295637e+02
165 3301 8.772562e-01 2.397735e+01  9.925517057534290188e+02  9.954474190078187803e+02  9.967758177106907169e+02  9.970900000000000318e+02
166 3321 8.730614e-01 2.399831e+01  9.925517057534290188e+02  9.953300000000000409e+02  9.967038913613607747e+02  9.973063538933428163e+02
167 3341 8.697984e-01 2.399674e+01  9.925517057534290188e+02  9.956445324479809642e+02  9.969291167827138906e+02  9.971152765409377707e+02
168 3361 8.651704e-01 2.400127e+01  9.925517057534290188e+02  9.958125013290011793e+02  9.967509853957226369e+02  9.972197389432749333e+02
169 3381 8.575726e-01 2.400244e+01  9.925517057534290188e+02  9.955499999999999545e+02  9.967590272775452149e+02  9.972346838393224289e+02
170 3401 8.483493e-01 2.401142e+01  9.925517057534290188e+02  9.954141993765659890e+02  9.967393114121258577e+02  9.971630209318603875e+02
171 3421 8.382873e-01 2.402165e+01  9.925517057534290188e+02  9.955588731793218358e+02  9.967408701990045756e+02  9.976997443977747935e+02
172 3441 8.292186e-01 2.403717e+01  9.925517057534290188e+02  9.956674885549488181e+02  9.966099117081766963e+02  9.972599999999999909e+02
173 3461 8.190345e-01 2.405513e+01  9.925517057534290188e+02  9.957000000000000455e+02  9.967108437788014044e+02  9.971824951203346927e+02
174 3481 8.118717e-01 2.405786e+01  9.925517057534290188e+02  9.956988577232873467e+02  9.968260962652583430e+02  9.972880845700777854e+02
175 3501 8.074201e-01 2.406812e+01  9.925517057534290188e+02  9.952551309650463054e+02  9.968091429374512700e+02  9.974265029418457971e+02
176 3521 8.029439e-01 2.408134e+01  9.925517057534290188e+02  9.953665746162067762e+02  9.966956766975571327e+02  9.971442599531222868e+02
177 3541 7.990799e-01 2.409444e+01  9.925517057534290188e+02  9.952544589907810177e+02  9.968651518238011704e+02  9.977475484544993378e+02
178 3561 7.936416e-01 2.412575e+01  9.925517057534290188e+02  9.960499999999999545e+02  9.967169291215675457e+02  9.973531631256475976e+02
179 3581 7.906970e-01 2.413290e+01  9.925517057534290188e+02  9.954914884868672971e+02  9.966710256031383324e+02  9.970091992494885744e+02
180 3601 7.873101e-01 2.414637e+01  9.925517057534290188e+02  9.959628870860229881e+02  9.968375024653478249e+02  9.987062800850741269e+02
181 3621 7.819688e-01 2.415479e+01  9.925517057534290188e+02  9.956353231777652582e+02  9.967687569193744821e+02  9.983109068435214795e+02
182 3641 7.776383e-01 2.416474e+01  9.925517057534290188e+02  9.951757986559197207e+02  9.966383363912060531e+02  9.982899999999999636e+02
183 3661 7.727535e-01 2.417059e+01  9.925517057534290188e+02  9.953117640411126104e+02  9.967728093840153178e+02  9.974051744317257544e+02
184 3681 7.708815e-01 2.417310e+01  9.925517057534290188e+02  9.959477339073611120e+02  9.966873977341444970e+02  9.979600000000000364e+02
185 3701 7.744576e-01 2.419043e+01  9.925517057534290188e+02  9.958163210709385567e+02  9.965233145691274785e+02  9.972085181606080369e+02
186 3721 7.748042e-01 2.419442e+01  9.925517057534290188e+02  9.954710853655215033e+02  9.966919355380562138e+02  9.973170511439279835e+02
187 3741 7.730863e-01 2.420586e+01  9.925517057534290188e+02  9.953497912882521632e+02  9.969937499862980985e+02  9.974235507131699023e+02
188 3761 7.704611e-01 2.422006e+01  9.925517057534290188e+02  9.958639799159038830e+02  9.968190814655575878e+02  9.974508040650534895e+02
189 3781 7.690455e-01 2.423517e+01  9.925517057534290188e+02  9.954700000000000273e+02  9.966015900394038454e+02  9.973936029539420360e+02
190 3801 7.710196e-01 2.425068e+01  9.925517057534290188e+02  9.957636179296013097e+02  9.967266388174768963e+02  9.974719427207136278e+02
191 3821 7.738928e-01 2.426282e+01  9.925517057534290188e+02  9.958649491852836491e+02  9.968594544061858187e+02  9.985499999999999545e+02
192 3841 7.755664e-01 2.428103e+01  9.925517057534290188e+02  9.958835794841735378e+02  9.967892534844928605e+02  9.981430310466455467e+02
193 3861 7.783552e-01 2.429146e+01  9.925517057534290188e+02  9.963840995705031673e+02  9.967886228909612782e+02  9.979181444132084380e+02
194 3881 7.821301e-01 2.431416e+01  9.925517057534290188e+02  9.948674839592782746e+02  9.969892203121294187e+02  9.988068862228475382e+02
195 3901 7.797655e-01 2.432190e+01  9.925517057534290188e+02  9.960382171805978260e+02  9.970325597066131422e+02  9.983490129405104199e+02
196 3921 7.746582e-01 2.432980e+01  9.925517057534290188e+02  9.947761558681984297e+02  9.968447115178513513e+02  9.980800000000000409e+02
197 3941 7.679651e-01 2.433647e+01  9.925517057534290188e+02  9.955900000000000318e+02  9.969116571864292382e+02  9.979337089708976691e+02
198 3961 7.608667e-01 2.437600e+01  9.925517057534290188e+02  9.958057067602512689e+02  9.967945071287410883e+02  9.973344850582269601e+02
199 3981 7.554350e-01 2.439234e+01  9.925517057534290188e+02  9.957053413078482436e+02  9.966493372605161767e+02  9.971353126610831623e+02
200 4001 7.529395e-01 2.440550e+01  9.925517057534290188e+02  9.960322188573637732e+02  9.969452440093282348e+02  9.973461192769939316e+02
201 4021 7.518633e-01 2.442551e+01  9.925517057534290188e+02  9.959293875733599180e+02  9.967055541276715758e+02  9.972507023756153330e+02
202 4041 7.518739e-01 2.443614e+01  9.925517057534290188e+02  9.952846386575934048e+02  9.968552775290933141e+02  9.972927341369562555e+02
203 4061 7.492966e-01 2.446576e+01  9.925517057534290188e+02  9.951626223263374413e+02  9.966464827194209875e+02  9.983700000000000045e+02
204 4081 7.469555e-01 2.447935e+01  9.925517057534290188e+02  9.955199999999999818e+02  9.963930831435532127e+02  9.974541760405946889e+02
205 4101 7.445704e-01 2.448990e+01  9.925517057534290188e+02  9.957387091687900238e+02  9.966962942149959872e+02  9.972049076891599952e+02
206 4121 7.434569e-01 2.449285e+01  9.925517057534290188e+02  9.956346781905517673e+02  9.966227561539956241e+02  9.970009103611967021e+02
207 4141 7.452544e-01 2.452290e+01  9.925517057534290188e+02  9.958426940787010153e+02  9.967888652657625244e+02  9.973267606390893434e+02
208 4161 7.506854e-01 2.453849e+01  9.925517057534290188e+02  9.958015958631925741e+02  9.966885790369187816e+02  9.973711097074317422e+02
209 4181 7.543179e-01 2.454382e+01  9.925517057534290188e+02  9.963604121434219678e+02  9.967800934915096605e+02  9.971029198691462625e+02
210 4201 7.600514e-01 2.456303e+01  9.925517057534290188e+02  9.952173791316466804e+02  9.967272613282989369e+02  9.970936446210068880e+02
211 4221 7.676013e-01 2.456293e+01  9.925517057534290188e+02  9.959125006879896773e+02  9.967371151769382323e+02  9.972590373127555949e+02
212 4241 7.744840e-01 2.456180e+01  9.925517057534290188e+02  9.958273396080187467e+02  9.969510336132896100e+02  9.974554772144979324e+02
213 4261 7.808797e-01 2.456923e+01  9.925517057534290188e+02  9.959900000000000091e+02  9.968801732362403527e+02  9.982799999999999727e+02
214 4281 7.844286e-01 2.458149e+01  9.925517057534290188e+02  9.954407179120153160e+02  9.967027029327060745e+02  9.971549497930950565e+02
215 4301 7.885373e-01 2.457777e+01  9.925517057534290188e+02  9.959494819264089074e+02  9.968319590901801348e+02  9.972977295838556984e+02
216 4321 7.959088e-01 2.458444e+01  9.925517057534290188e+02  9.960040305239157306e+02  9.968860197566505121e+02  9.972305646906653465e+02
217 4341 8.021268e-01 2.460622e+01  9.925517057534290188e+02  9.959366360873275426e+02  9.967144636176755057e+02  9.974422136581817995e+02
218 4361 8.070726e-01 2.462152e+01  9.925517057534290188e+02  9.956168041072487540e+02  9.966476837929224075e+02  9.971076648867334598e+02
219 4381 8.128716e-01 2.462175e+01  9.925517057534290188e+02  9.957699999999999818e+02  9.967321625443803441e+02  9.972799999999999727e+02
220 4401 8.198969e-01 2.463223e+01  9.925517057534290188e+02  9.954986142931975337e+02  9.967235636053123926e+02  9.981732094655827723e+02
221 4421 8.248874e-01 2.466089e+01  9.925517057534290188e+02  9.959735246318522286e+02  9.969530547384554211e+02  9.973049070830525125e+02
222 4441 8.275281e-01 2.465992e+01  9.925517057534290188e+02  9.952372706656054788e+02  9.967959917298576329e+02  9.974109199399674708e+02
223 4461 8.299023e-01 2.467618e+01  9.925517057534290188e+02  9.953999999999999773e+02  9.968048707325920077e+02  9.972468835293885832e+02
224 4481 8.308547e-01 2.469601e+01  9.925517057534290188e+02  9.960900000000000318e+02  9.968620669453707706e+02  9.973751127192898593e+02
225 4501 8.277199e-01 2.471370e+01  9.925517057534290188e+02  9.949361478960986460e+02  9.968237740099365283e+02  9.971811878908968083e+02
226 4521 8.251157e-01 2.473301e+01  9.925517057534290188e+02  9.962431030390750948e+02  9.967207680857941341e+02  9.972996204578148536e+02
227 4541 8.212457e-01 2.475228e+01  9.925517057534290188e+02  9.953685924031683498e+02  9.968357935886431278e+02  9.972549349386025597e+02
228 4561 8.159661e-01 2.477097e+01  9.925517057534290188e+02  9.954260469733194441e+02  9.967364292135196138e+02  9.971452893955138279e+02
229 4581 8.106029e-01 2.477222e+01  9.925517057534290188e+02  9.958250431468591160e+02  9.964405504594085414e+02  9.971699999999999591e+02
230 4601 8.050807e-01 2.477638e+01  9.925517057534290188e+02  9.962233523910376789e+02  9.969599343548363777e+02  9.973709408507323815e+02
231 4621 8.010913e-01 2.477878e+01  9.925517057534290188e+02  9.963020380939198049e+02  9.968603799407333099e+02  9.973182875315405909e+02
232 4641 7.976153e-01 2.478513e+01  9.925517057534290188e+02  9.958848104085473096e+02  9.969045615617524163e+02  9.971395503297779896e+02
233 4661 7.984976e-01 2.479827e+01  9.925517057534290188e+02  9.957345801655337709e+02  9.967382692736493937e+02  9.972699999999999818e+02
234 4681 8.014780e-01 2.480953e+01  9.925517057534290188e+02  9.958027916133191866e+02  9.967073767601448253e+02  9.971611698169094780e+02
235 4701 8.020543e-01 2.481669e+01  9.925517057534290188e+02  9.961144856897933550e+02  9.967406733037410049e+02  9.971143875556380181e+02
236 4721 8.054572e-01 2.481989e+01  9.925517057534290188e+02  9.957400000000000091e+02  9.968327723231109303e+02  9.972077079351796556e+02
237 4741 8.120585e-01 2.482557e+01  9.925517057534290188e+02  9.955099999999999909e+02  9.966818067146029989e+02  9.972084656771222626e+02
238 4761 8.147588e-01 2.483424e+01  9.925517057534290188e+02  9.955666254861499738e+02  9.967585124799588812e+02  9.974619763364670462e+02
239 4781 8.192131e-01 2.484149e+01  9.925517057534290188e+02  9.961243408819824481e+02  9.968975081234709705e+02  9.973505187759227510e+02
240 4801 8.251175e-01 2.485796e+01  9.925517057534290188e+02  9.959080848800053900e+02  9.968645100138392081e+02  9.972140618842644244e+02
241 4821 8.285680e-01 2.486323e+01  9.925517057534290188e+02  9.960746444626257698e+02  9.967874112280211421e+02  9.972500000000000000e+02
242 4841 8.272447e-01 2.487314e+01  9.925517057534290188e+02  9.956273627077247284e+02  9.967142811960812878e+02  9.971900000000000546e+02
243 4861 8.273164e-01 2.487972e+01  9.925517057534290188e+02  9.957799999999999727e+02  9.966632326371167210e+02  9.971961335421181047e+02
244 4881 8.293597e-01 2.489978e+01  9.925517057534290188e+02  9.958427180658165980e+02  9.967020784030755749e+02  9.970454045664830574e+02
245 4901 8.271061e-01 2.490950e+01  9.925517057534290188e+02  9.956100000000000136e+02  9.967210641987247755e+02  9.973200000000000500e+02
246 4921 8.221744e-01 2.492093e+01  9.925517057534290188e+02  9.960023921427072082e+02  9.967576602174628988e+02  9.973806596905560582e+02
247 4941 8.193853e-01 2.492789e+01  9.925517057534290188e+02  9.960094683801224846e+02  9.969325841944637432e+02  9.972631228496235281e+02
248 4961 8.168933e-01 2.492608e+01  9.925517057534290188e+02  9.959741331469100487e+02  9.966625687330921437e+02  9.971545909911041008e+02
249 4981 8.151444e-01 2.492798e+01  9.925517057534290188e+02  9.958200000000000500e+02  9.967906539773318855e+02  9.972505830514705849e+02
250 5001 8.144731e-01 2.494422e+01  9.925517057534290188e+02  9.952500000000000000e+02  9.967681963130173699e+02  9.971456036226893502e+02
251 5021 8.169140e-01 2.496650e+01  9.925517057534290188e+02  9.954183424598419379e+02  9.967498812470857956e+02  9.972110641260072725e+02
252 5041 8.175889e-01 2.497185e+01  9.925517057534290188e+02  9.952357985131145597e+02  9.967782304508434663e+02  9.973174340698443530e+02
253 5061 8.176988e-01 2.498145e+01  9.925517057534290188e+02  9.954141615359362731e+02  9.965917853468287149e+02  9.972904735236803617e+02
254 5081 8.204252e-01 2.498683e+01  9.925517057534290188e+02  9.957934450310274315e+02  9.965373082681242067e+02  9.970728844003758695e+02
255 5101 8.265656e-01 2.500374e+01  9.925517057534290188e+02  9.958466889239989541e+02  9.968746477863924156e+02  9.973426189513738791e+02
256 5121 8.376334e-01 2.500581e+01  9.925517057534290188e+02  9.957505244674188134e+02  9.967827498054622311e+02  9.973485345336250703e+02
257 5141 8.489875e-01 2.500930e+01  9.925517057534290188e+02  9.955654673996283464e+02  9.968295239858039167e+02  9.971543563836114572e+02
258 5161 8.573682e-01 2.501774e+01  9.925517057534290188e+02  9.960228037624252693e+02  9.968620454689362305e+02  9.972705276094617375e+02
259 5181 8.659778e-01 2.502545e+01  9.925517057534290188e+02  9.959757466152067309e+02  9.966889870037074388e+02  9.971527967701200623e+02
260 5201 8.743437e-01 2.502960e+01  9.925517057534290188e+02  9.960361993625791683e+02  9.967256794079999054e+02  9.972471868032497468e+02
261 5221 8.826495e-01 2.504639e+01  9.925517057534290188e+02  9.952253968285830297e+02  9.967738886372326306e+02  9.973436195475444492e+02
262 5241 8.871458e-01 2.504797e+01  9.925517057534290188e+02  9.963660922645908613e+02  9.968980682884964608e+02  9.972400000000000091e+02
263 5261 8.964484e-01 2.505231e+01  9.925517057534290188e+02  9.961923268994198679e+02  9.969189532094557080e+02  9.973222947130790317e+02
264 5281 9.038432e-01 2.504988e+01  9.925517057534290188e+02  9.955399999999999636e+02  9.969183845620503917e+02  9.972975294922514422e+02
265 5301 9.056597e-01 2.506351e+01  9.925517057534290188e+02  9.958212013439323300e+02  9.968094813415432327e+02  9.972500000000000000e+02
266 5321 9.053591e-01 2.507373e+01  9.925517057534290188e+02  9.953700000000000045e+02  9.967422459409733619e+02  9.974325995535317588e+02
267 5341 9.009503e-01 2.508238e+01  9.925517057534290188e+02  9.961292812569281523e+02  9.968405179704022885e+02  9.972021310464219823e+02
268 5361 8.954546e-01 2.508712e+01  9.925517057534290188e+02  9.963872444883584194e+02  9.969176480534133589e+02  9.972211579219271016e+02
269 5381 8.894530e-01 2.509514e+01  9.925517057534290188e+02  9.958565756451066591e+02  9.967353653661728003e+02  9.974299999999999500e+02
270 5401 8.758464e-01 2.510066e+01  9.925517057534290188e+02  9.947162706908469545e+02  9.967762890850615349e+02  9.971702179264729011e+02
271 5421 8.621936e-01 2.511645e+01  9.925517057534290188e+02  9.958706388277157657e+02  9.967640942517564326e+02  9.973214928406727040e+02
272 5441 8.527051e-01 2.512623e+01  9.925517057534290188e+02  9.957313162848739694e+02  9.969407795786245288e+02  9.974527776764894043e+02
273 5461 8.427196e-01 2.513423e+01  9.925517057534290188e+02  9.958934981765866041e+02  9.968352313708861629e+02  9.972015629535576409e+02
274 5481 8.357952e-01 2.514166e+01  9.925517057534290188e+02  9.955624096557810390e+02  9.966463828987375564e+02  9.971083057120623607e+02
275 5501 8.282282e-01 2.514380e+01  9.925517057534290188e+02  9.955002600971914717e+02  9.967231586551413329e+02  9.971028422788749594e+02
276 5521 8.196728e-01 2.515300e+01  9.925517057534290188e+02  9.959473983263213768e+02  9.967799999999999727e+02  9.972076132870181482e+02
277 5541 8.117284e-01 2.516715e+01  9.925517057534290188e+02  9.959928203155893698e+02  9.966759423508108284e+02  9.972000000000000455e+02
278 5561 8.043289e-01 2.517420e+01  9.925517057534290188e+02  9.961954791622739549e+02  9.967568030748041110e+02  9.973441977533761928e+02
279 5581 7.961150e-01 2.518842e+01  9.925517057534290188e+02  9.957264952736029500e+02  9.967413794645633516e+02  9.973304515949043889e+02
280 5601 7.876113e-01 2.521091e+01  9.925517057534290188e+02  9.958967964285013750e+02  9.966529451616700044e+02  9.972480113485573838e+02
281 5621 7.781033e-01 2.521568e+01  9.925517057534290188e+02  9.957709785560141427e+02  9.964609617805833750e+02  9.972585063339382714e+02
282 5641 7.681240e-01 2.521029e+01  9.925517057534290188e+02  9.955837558850408868e+02  9.965435028778762216e+02  9.972899999999999636e+02
283 5661 7.640564e-01 2.522602e+01  9.925517057534290188e+02  9.934085875611490337e+02  9.966083573015970387e+02  9.973994198785038634e+02
284 5681 7.587970e-01 2.523397e+01  9.925517057534290188e+02  9.955302112253380074e+02  9.966484895350265560e+02  9.972717140253938624e+02
285 5701 7.555018e-01 2.523594e+01  9.925517057534290188e+02  9.962132008955270521e+02  9.967660282861231735e+02  9.970895155914042789e+02
286 5721 7.540887e-01 2.524294e+01  9.925517057534290188e+02  9.959776259296120315e+02  9.968309544263423732e+02  9.974791652010558209e+02
287 5741 7.519643e-01 2.525818e+01  9.925517057534290188e+02  9.952372417925888612e+02  9.968514604214747123e+02  9.973091741156526950e+02
288 5761 7.482411e-01 2.527473e+01  9.925517057534290188e+02  9.957517605101797926e+02  9.969370988645201805e+02  9.973502667151025207e+02
289 5781 7.420280e-01 2.529150e+01  9.925517057534290188e+02  9.958338868512062163e+02  9.967878601004624670e+02  9.972978213478666021e+02
290 5801 7.313519e-01 2.530047e+01  9.925517057534290188e+02  9.958204082538551347e+02  9.968054759045317041e+02  9.970997367191280318e+02
291 5821 7.214446e-01 2.532234e+01  9.925517057534290188e+02  9.957703830401134155e+02  9.966748307975259422e+02  9.970659633673759572e+02
292 5841 7.131304e-01 2.534525e+01  9.925517057534290188e+02  9.951632007584781832e+02  9.966768098063171237e+02  9.971831522307741125e+02
293 5861 7.062505e-01 2.535793e+01  9.925517057534290188e+02  9.961979493001778110e+02  9.968249938798985568e+02  9.972474307007156540e+02
294 5881 7.010369e-01 2.536883e+01  9.925517057534290188e+02  9.956402413902635544e+02  9.967839973841446408e+02  9.973790771624244371e+02
295 5901 6.932253e-01 2.538260e+01  9.925517057534290188e+02  9.951211508344096046e+02  9.965795628783293978e+02  9.970970279029097583e+02
296 5921 6.902365e-01 2.539769e+01  9.925517057534290188e+02  9.955028503116183174e+02  9.965820087606635980e+02  9.971173659297812719e+02
297 5941 6.858704e-01 2.541036e+01  9.925517057534290188e+02  9.952978123721203474e+02  9.966586542708093930e+02  9.970847419756612453e+02
298 5961 6.804904e-01 2.542167e+01  9.925517057534290188e+02  9.957100000000000364e+02  9.966391334494298917e+02  9.970723306483118904e+02
299 5981 6.765292e-01 2.542790e+01  9.925517057534290188e+02  9.959299999999999500e+02  9.965863339700047163e+02  9.970349639513232205e+02
300 6001 6.750735e-01 2.543706e+01  9.925517057534290188e+02  9.951483461649416995e+02  9.967552766530063764e+02  9.970861436783612817e+02
301 6021 6.716722e-01 2.545309e+01  9.925517057534290188e+02  9.956143322737627841e+02  9.967275698629428007e+02  9.972111520687953998e+02
302 6041 6.656658e-01 2.545779e+01  9.925517057534290188e+02  9.958099999999999454e+02  9.967382210398133111e+02  9.972354816581108707e+02
303 6061 6.592156e-01 2.546962e+01  9.925517057534290188e+02  9.952879051925945078e+02  9.965074914360698131e+02  9.971781474572590014e+02
304 6081 6.561015e-01 2.548148e+01  9.925517057534290188e+02  9.957699999999999818e+02  9.965469729347047405e+02  9.970951636894974399e+02
305 6101 6.534506e-01 2.549646e+01  9.925517057534290188e+02  9.955609708512026828e+02  9.966681074536472806e+02  9.972636566190803933e+02
306 6121 6.497534e-01 2.551134e+01  9.925517057534290188e+02  9.951018271969506941e+02  9.966064900080643838e+02  9.971900000000000546e+02
307 6141 6.461812e-01 2.552315e+01  9.925517057534290188e+02  9.951282461416561773e+02  9.964839071819926630e+02  9.971641901651548778e+02
308 6161 6.418815e-01 2.553569e+01  9.925517057534290188e+02  9.956724039578955399e+02  9.965676544667641110e+02  9.971848836406683176e+02
309 6181 6.369406e-01 2.553956e+01  9.925517057534290188e+02  9.955000000000000000e+02  9.967146938453051916e+02  9.970750061741714489e+02
310 6201 6.317795e-01 2.556319e+01  9.925517057534290188e+02  9.954918685620951919e+02  9.965469008373693214e+02  9.970508303983034466e+02
311 6221 6.257007e-01 2.556946e+01  9.925517057534290188e+02  9.953184588730226778e+02  9.967002996608617877e+02  9.970414709718005497e+02
312 6241 6.180903e-01 2.558484e+01  9.925517057534290188e+02  9.956499999999999773e+02  9.966418971433324714e+02  9.971348539853288457e+02
313 6261 6.140612e-01 2.558951e+01  9.925517057534290188e+02  9.959123262830140675e+02  9.967169143808548597e+02  9.972091215208138237e+02
314 6281 6.091390e-01 2.565515e+01  9.925517057534290188e+02  9.958775452806657995e+02  9.967015920517781069e+02  9.971214053314947705e+02
315 6301 6.040697e-01 2.566502e+01  9.925517057534290188e+02  9.953506148512693699e+02  9.966311637059239956e+02  9.969947646666228138e+02
316 6321 5.964688e-01 2.567484e+01  9.925517057534290188e+02  9.958115586247558895e+02  9.966608647456015433e+02  9.972904843514329514e+02
317 6341 5.930354e-01 2.568302e+01  9.925517057534290188e+02  9.954294437492101224e+02  9.965952602921695416e+02  9.969791772042717639e+02
318 6361 5.930801e-01 2.568756e+01  9.925517057534290188e+02  9.961120150393036283e+02  9.967354768591299035e+02  9.972668237969729716e+02
319 6381 5.957136e-01 2.569984e+01  9.925517057534290188e+02  9.954068893964764584e+02  9.965710841701049958e+02  9.973348164918751309e+02
320 6401 5.966944e-01 2.571645e+01  9.925517057534290188e+02  9.950443958305683054e+02  9.966405742176882541e+02  9.971867544025122925e+02
321 6421 5.980713e-01 2.573268e+01  9.925517057534290188e+02  9.956623930921240344e+02  9.966036701703663994e+02  9.971699999999999591e+02
322 6441 5.982170e-01 2.573870e+01  9.925517057534290188e+02  9.958468166639895571e+02  9.966986742514191064e+02  9.984202410789416717e+02
323 6461 6.003946e-01 2.574631e+01  9.925517057534290188e+02  9.952027982714024574e+02  9.964630789130424091e+02  9.971200000000000045e+02
324 6481 6.011033e-01 2.576192e+01  9.925517057534290188e+02  9.960770059451433553e+02  9.968157499583286381e+02  9.970821444645997644e+02
325 6501 6.034503e-01 2.577362e+01  9.925517057534290188e+02  9.953026450559898421e+02  9.965602782484554609e+02  9.970588213156307802e+02
326 6521 6.057574e-01 2.580482e+01  9.925517057534290188e+02  9.957469331283313068e+02  9.965570781327156737e+02  9.970900000000000318e+02
327 6541 6.053252e-01 2.582060e+01  9.925517057534290188e+02  9.959776604910961169e+02  9.966550480070728781e+02  9.978478605410394948e+02
328 6561 6.074583e-01 2.583057e+01  9.925517057534290188e+02  9.954504798243004871e+02  9.966598795594723015e+02  9.971056568279618659e+02
329 6581 6.073853e-01 2.583817e+01  9.925517057534290188e+02  9.961159273875108511e+02  9.967141463188057742e+02  9.971576267095620096e+02
330 6601 6.077356e-01 2.584700e+01  9.925517057534290188e+02  9.959232334134148914e+02  9.967142057379808193e+02  9.972999999999999545e+02
331 6621 6.035418e-01 2.585073e+01  9.925517057534290188e+02  9.957821169697999721e+02  9.967569183826124117e+02  9.969938018328188036e+02
332 6641 6.037850e-01 2.588268e+01  9.925517057534290188e+02  9.956599999999999682e+02  9.965521140033231404e+02  9.972742858660379852e+02
333 6661 6.060583e-01 2.589405e+01  9.925517057534290188e+02  9.952555312096151283e+02  9.966764600785818402e+02  9.972486400771829267e+02
334 6681 6.075347e-01 2.591308e+01  9.925517057534290188e+02  9.955800000000000409e+02  9.967399886573664389e+02  9.971483075197726293e+02
335 6701 6.069533e-01 2.593696e+01  9.925517057534290188e+02  9.952532631343020739e+02  9.966608552666832566e+02  9.972012373424138332e+02
336 6721 6.057803e-01 2.594360e+01  9.925517057534290188e+02  9.956699999999999591e+02  9.965975195036994592e+02  9.970499999999999545e+02
337 6741 6.066290e-01 2.595443e+01  9.925517057534290188e+02  9.954838018830872670e+02  9.968295258067000759e+02  9.983207219911657830e+02
338 6761 6.073037e-01 2.597274e+01  9.925517057534290188e+02  9.955669386641910705e+02  9.966259755336114949e+02  9.969522063182814691e+02
339 6781 6.083449e-01 2.597574e+01  9.925517057534290188e+02  9.958899999999999864e+02  9.965792817173987714e+02  9.972060479669302140e+02
340 6801 6.105043e-01 2.599573e+01  9.925517057534290188e+02  9.956675287938516021e+02  9.967700205242333595e+02  9.984120119768715540e+02
341 6821 6.129548e-01 2.600790e+01  9.925517057534290188e+02  9.958941057211178531e+02  9.966591804060736877e+02  9.970534192290380133e+02
342 6841 6.109121e-01 2.602054e+01  9.925517057534290188e+02  9.952200000000000273e+02  9.964399465535290119e+02  9.970284752839430666e+02
343 6861 6.083510e-01 2.602927e+01  9.925517057534290188e+02  9.956602149128950714e+02  9.966351471420073267e+02  9.971482140754686725e+02
344 6881 6.044407e-01 2.604692e+01  9.925517057534290188e+02  9.955709842044996094e+02  9.965973538109981291e+02  9.970465386327997521e+02
345 6901 6.033064e-01 2.605442e+01  9.925517057534290188e+02  9.955136122828366751e+02  9.965449863897130172e+02  9.971210544510615819e+02
346 6921 6.018706e-01 2.605920e+01  9.925517057534290188e+02  9.948858341845813129e+02  9.964237232321947886e+02  9.972310454273177811e+02
347 6941 6.013476e-01 2.606316e+01  9.925517057534290188e+02  9.957500000000000000e+02  9.967744028421019493e+02  9.972482242261621650e+02
348 6961 6.014680e-01 2.607102e+01  9.925517057534290188e+02  9.943410948388843735e+02  9.963084506335200103e+02  9.969780267539372289e+02
349 6981 6.009270e-01 2.609469e+01  9.925517057534290188e+02  9.960305634759848772e+02  9.966083147210790685e+02  9.971712310495545353e+02
350 7001 6.035367e-01 2.609735e+01  9.925517057534290188e+02  9.958567111769675648e+02  9.964923680154406611e+02  9.970717602432903277e+02
351 7021 6.042849e-01 2.610476e+01  9.925517057534290188e+02  9.953337657769482121e+02  9.966000000000000227e+02  9.971000000000000227e+02
352 7041 6.049954e-01 2.611094e+01  9.925517057534290188e+02  9.958385015635745958e+02  9.966158016184026565e+02  9.971023485046025598e+02
353 7061 6.046175e-01 2.611384e+01  9.925517057534290188e+02  9.947283050352234568e+02  9.967025551902036113e+02  9.970412756823766358e+02
354 7081 6.045214e-01 2.612499e+01  9.925517057534290188e+02  9.958899999999999864e+02  9.966960426201726477e+02  9.970396162741076296e+02
355 7101 6.040504e-01 2.612478e+01  9.925517057534290188e+02  9.959978452107646945e+02  9.965665594963095373e+02  9.970580215579832384e+02
356 7121 6.045515e-01 2.613140e+01  9.925517057534290188e+02  9.956511084067035426e+02  9.965122720481058423e+02  9.971122852939970471e+02
357 7141 6.040043e-01 2.614474e+01  9.925517057534290188e+02  9.955221467811481943e+02  9.964968906809094733e+02  9.969886025776497718e+02
358 7161 6.016050e-01 2.614232e+01  9.925517057534290188e+02  9.955979555746470169e+02  9.966240850769002009e+02  9.969580899240316967e+02
359 7181 6.003253e-01 2.615458e+01  9.925517057534290188e+02  9.956314608007801326e+02  9.965029125257328815e+02  9.969616237236759844e+02
360 7201 5.983615e-01 2.616989e+01  9.925517057534290188e+02  9.957022426939987554e+02  9.966195963686883488e+02  9.971010568825796554e+02
361 7221 5.950132e-01 2.617975e+01  9.925517057534290188e+02  9.947859091581439088e+02  9.965518767724801137e+02  9.972035480252168327e+02
362 7241 5.919171e-01 2.620240e+01  9.925517057534290188e+02  9.956240476480338657e+02  9.966616048705352569e+02  9.972881438896473583e+02
363 7261 5.895540e-01 2.622908e+01  9.925517057534290188e+02  9.958967719390675484e+02  9.966651664810322018e+02  9.973518958178062803e+02
364 7281 5.839609e-01 2.624016e+01  9.925517057534290188e+02  9.962770983404843719e+02  9.967846564225451402e+02  9.971914851215012732e+02
365 7301 5.813974e-01 2.625179e+01  9.925517057534290188e+02  9.958227400218219145e+02  9.964965619572208197e+02  9.968941359344553348e+02
366 7321 5.808069e-01 2.627360e+01  9.925517057534290188e+02  9.958185965525042320e+02  9.966391904167777511e+02  9.970924242668058923e+02
367 7341 5.806110e-01 2.629559e+01  9.925517057534290188e+02  9.951312062362469533e+02  9.963454580269026337e+02  9.970047251442704237e+02
368 7361 5.752136e-01 2.630945e+01  9.925517057534290188e+02  9.953600000000000136e+02  9.964921175838594536e+02  9.972033934655833036e+02
369 7381 5.715785e-01 2.633147e+01  9.925517057534290188e+02  9.959307773797199843e+02  9.966904222711762031e+02  9.971000000000000227e+02
370 7401 5.668104e-01 2.634281e+01  9.925517057534290188e+02  9.945665263825439979e+02  9.966814730294094034e+02  9.972441556450108919e+02
371 7421 5.641666e-01 2.634588e+01  9.925517057534290188e+02  9.946924335080537958e+02  9.966483266141640343e+02  9.970270313108158007e+02
372 7441 5.624721e-01 2.636386e+01  9.925517057534290188e+02  9.959400000000000546e+02  9.966771105254728127e+02  9.970744253886149409e+02
373 7461 5.624464e-01 2.638104e+01  9.925517057534290188e+02  9.956171509137185467e+02  9.964798421301748022e+02  9.971402610560703579e+02
374 7481 5.605619e-01 2.638642e+01  9.925517057534290188e+02  9.957887888053435290e+02  9.966823909941076636e+02  9.970306145580178736e+02
375 7501 5.566259e-01 2.639629e+01  9.925517057534290188e+02  9.950091734924246794e+02  9.966740107335713219e+02  9.971526205884133560e+02
376 7521 5.522476e-01 2.640963e+01  9.925517057534290188e+02  9.947467148319592525e+02  9.965822933560582442e+02  9.970599999999999454e+02
377 7541 5.467687e-01 2.642676e+01  9.925517057534290188e+02  9.955932945237324248e+02  9.965493084502194279e+02  9.970058985257207951e+02
378 7561 5.432359e-01 2.643590e+01  9.925517057534290188e+02  9.953910099507395444e+02  9.967599016356671200e+02  9.971738871815337006e+02
379 7581 5.386967e-01 2.645125e+01  9.925517057534290188e+02  9.959167775798982802e+02  9.967751421910893441e+02  9.970613020903790584e+02
380 7601 5.321972e-01 2.645977e+01  9.925517057534290188e+02  9.952139653609198149e+02  9.966882640507474207e+02  9.969800000000000182e+02
381 7621 5.275213e-01 2.647528e+01  9.925517057534290188e+02  9.955000000000000000e+02  9.966630565413873910e+02  9.969637560588189444e+02
382 7641 5.252018e-01 2.649198e+01  9.925517057534290188e+02  9.957185505107626113e+02  9.965734574101877570e+02  9.971012515957673941e+02
383 7661 5.229400e-01 2.650449e+01  9.925517057534290188e+02  9.956871554758670300e+02  9.964958778295940647e+02  9.971923977924610654e+02
384 7681 5.195257e-01 2.651636e+01  9.925517057534290188e+02  9.952979682005430959e+02  9.965742643854189282e+02  9.969915684545949262e+02
385 7701 5.134363e-01 2.653218e+01  9.925517057534290188e+02  9.950205198569218510e+02  9.964417584918032844e+02  9.969183940147315752e+02
386 7721 5.093943e-01 2.655054e+01  9.925517057534290188e+02  9.955077288345491979e+02  9.965303655104576137e+02  9.972004634120538640e+02
387 7741 5.056415e-01 2.656496e+01  9.925517057534290188e+02  9.960795414267466867e+02  9.966787797295498876e+02  9.968894136576697065e+02
388 7761 5.026671e-01 2.657302e+01  9.925517057534290188e+02  9.957322379140662179e+02  9.963818115445986905e+02  9.967920686229017520e+02
389 7781 5.021603e-01 2.660366e+01  9.925517057534290188e+02  9.942566931872706846e+02  9.965941164864125312e+02  9.971176251232536742e+02
390 7801 5.029520e-01 2.661756e+01  9.925517057534290188e+02  9.956370085150676914e+02  9.965891284431168060e+02  9.969733168932164062e+02
391 7821 5.050989e-01 2.664564e+01  9.925517057534290188e+02  9.949730361969118348e+02  9.966899818381442628e+02  9.973575803556650499e+02
392 7841 5.081360e-01 2.666366e+01  9.925517057534290188e+02  9.950577503105855612e+02  9.965941938469134129e+02  9.971081476147315925e+02
393 7861 5.130094e-01 2.669102e+01  9.925517057534290188e+02  9.948973556495544699e+02  9.966378218645488687e+02  9.971105572302008113e+02
394 7881 5.190631e-01 2.670454e+01  9.925517057534290188e+02  9.961170841985735933e+02  9.965774331001920245e+02  9.969939319344663318e+02
395 7901 5.208095e-01 2.670523e+01  9.925517057534290188e+02  9.958709781830485781e+02  9.965229098123512586e+02  9.971963116560773415e+02
396 7921 5.219993e-01 2.672172e+01  9.925517057534290188e+02  9.955437876611380261e+02  9.964002849598150533e+02  9.969905268937741312e+02
397 7941 5.253163e-01 2.674368e+01  9.925517057534290188e+02  9.957280748148577914e+02  9.964394445086036285e+02  9.970619559960489369e+02
398 7961 5.245151e-01 2.674701e+01  9.925517057534290188e+02  9.956299999999999955e+02  9.965131073789091261e+02  9.972380071146794762e+02
399 7981 5.261773e-01 2.676531e+01  9.925517057534290188e+02  9.955535063398349394e+02  9.966078017980619279e+02  9.971259072635140228e+02
400 8001 5.248348e-01 2.677547e+01  9.925517057534290188e+02  9.959152096216209884e+02  9.966696522223203374e+02  9.970444208481388841e+02
401 8021 5.248441e-01 2.677376e+01  9.925517057534290188e+02  9.954299999999999500e+02  9.966799782520906774e+02  9.973048566228636673e+02
402 8041 5.246103e-01 2.679002e+01  9.925517057534290188e+02  9.957661542480883554e+02  9.967011635475221283e+02  9.972229913359064994e+02
403 8061 5.243666e-01 2.679664e+01  9.925517057534290188e+02  9.959532524271804732e+02  9.966318033023467251e+02  9.969525778398941611e+02
404 8081 5.235056e-01 2.680689e+01  9.925517057534290188e+02  9.959355634312613574e+02  9.966331359326183019e+02  9.969854701103802199e+02
405 8101 5.247508e-01 2.682534e+01  9.925517057534290188e+02  9.954414237721380232e+02  9.964727785758028631e+02  9.971799999999999500e+02
406 8121 5.245048e-01 2.683453e+01  9.925517057534290188e+02  9.951385626245784124e+02  9.965371208386058015e+02  9.971699999999999591e+02
407 8141 5.247643e-01 2.685422e+01  9.925517057534290188e+02  9.960299999999999727e+02  9.966098193767181783e+02  9.970389414870262499e+02
408 8161 5.259719e-01 2.686105e+01  9.925517057534290188e+02  9.955880313107693382e+02  9.966815440905584182e+02  9.969514809433527489e+02
409 8181 5.264999e-01 2.688546e+01  9.925517057534290188e+02  9.954714188737713130e+02  9.966643250305216952e+02  9.972784351923227177e+02
410 8201 5.277431e-01 2.689905e+01  9.925517057534290188e+02  9.958566240611075955e+02  9.966520547491745674e+02  9.970261106568798368e+02
411 8221 5.278826e-01 2.691546e+01  9.925517057534290188e+02  9.935099999999999909e+02  9.964643418961654788e+02  9.971399999999999864e+02
412 8241 5.273815e-01 2.693372e+01  9.925517057534290188e+02  9.953166996781619673e+02  9.965463681475109752e+02  9.972059250044333112e+02
413 8261 5.245584e-01 2.694839e+01  9.925517057534290188e+02  9.955920388953007887e+02  9.964777138141395199e+02  9.969554669810503356e+02
414 8281 5.232283e-01 2.697830e+01  9.925517057534290188e+02  9.958644611901528378e+02  9.966993267593863948e+02  9.972500000000000000e+02
415 8301 5.205698e-01 2.699057e+01  9.925517057534290188e+02  9.956299999999999955e+02  9.965871115243633085e+02  9.970581911781850977e+02
416 8321 5.177218e-01 2.700604e+01  9.925517057534290188e+02  9.955650238917596653e+02  9.966467937394390901e+02  9.974183725302842731e+02
417 8341 5.175087e-01 2.701359e+01  9.925517057534290188e+02  9.957515684613013036e+02  9.966009700929499786e+02  9.971741039935965318e+02
418 8361 5.157268e-01 2.701923e+01  9.925517057534290188e+02  9.959237750582308308e+02  9.965126232269306001e+02  9.970227922199399018e+02
419 8381 5.149894e-01 2.703180e+01  9.925517057534290188e+02  9.959800000000000182e+02  9.964657874292066708e+02  9.970972404086101051e+02
420 8401 5.158213e-01 2.704132e+01  9.925517057534290188e+02  9.960425515790225290e+02  9.966669491461451571e+02  9.970700000000000500e+02
421 8421 5.184047e-01 2.705947e+01  9.925517057534290188e+02  9.957756006089621224e+02  9.965403118325731384e+02  9.970013474429930511e+02
422 8441 5.186208e-01 2.708849e+01  9.925517057534290188e+02  9.956960721900891258e+02  9.967534280626807686e+02  9.972217834203788698e+02
423 8461 5.179433e-01 2.710392e+01  9.925517057534290188e+02  9.953793474235578742e+02  9.967224486177822200e+02  9.972530133640635768e+02
424 8481 5.175104e-01 2.711716e+01  9.925517057534290188e+02  9.956000000000000227e+02  9.965767316240637683e+02  9.969838992036242189e+02
425 8501 5.182030e-01 2.713411e+01  9.925517057534290188e+02  9.942061736852565446e+02  9.964404819381868492e+02  9.970239809774698188e+02
426 8521 5.162144e-01 2.716023e+01  9.925517057534290188e+02  9.960138019768110098e+02  9.966695872704133308e+02  9.975800000000000409e+02
427 8541 5.147516e-01 2.717113e+01  9.925517057534290188e+02  9.956399999999999864e+02  9.964391234637928392e+02  9.968591745154120645e+02
428 8561 5.129138e-01 2.718393e+01  9.925517057534290188e+02  9.958999999999999773e+02  9.965786753256870725e+02  9.968708591137285566e+02
429 8581 5.106447e-01 2.719585e+01  9.925517057534290188e+02  9.958065807047895532e+02  9.964595655497541884e+02  9.967014952299120978e+02
430 8601 5.105849e-01 2.721085e+01  9.925517057534290188e+02  9.954304413374613887e+02  9.965034729653943941e+02  9.970440892972027314e+02
431 8621 5.072003e-01 2.722097e+01  9.925517057534290188e+02  9.955844717561975585e+02  9.965568594918900089e+02  9.969786083228744928e+02
432 8641 5.030735e-01 2.721630e+01  9.925517057534290188e+02  9.956963914574579348e+02  9.966049237109516525e+02  9.970348420235928870e+02
433 8661 4.997652e-01 2.721910e+01  9.925517057534290188e+02  9.956326819937405617e+02  9.964417680354943059e+02  9.970170959505377368e+02
434 8681 4.950738e-01 2.722239e+01  9.925517057534290188e+02  9.960876666742960879e+02  9.964595715954192201e+02  9.970054201796185680e+02
435 8701 4.928078e-01 2.723140e+01  9.925517057534290188e+02  9.952424827592325300e+02  9.964985375075473257e+02  9.969642290567161353e+02
436 8721 4.887897e-01 2.723795e+01  9.925517057534290188e+02  9.950550887109578753e+02  9.965346623360007925e+02  9.970632863766051059e+02
437 8741 4.873405e-01 2.724018e+01  9.925517057534290188e+02  9.957300000000000182e+02  9.964049999999999727e+02  9.971103253718168844e+02
438 8761 4.864847e-01 2.724495e+01  9.925517057534290188e+02  9.959500000000000455e+02  9.965750097395240346e+02  9.969740572788343798e+02
439 8781 4.865035e-01 2.725011e+01  9.925517057534290188e+02  9.959900000000000091e+02  9.965645318056278938e+02  9.968683864711899787e+02
440 8801 4.855780e-01 2.727327e+01  9.925517057534290188e+02  9.948302876542048807e+02  9.964540217061116891e+02  9.969006703732237611e+02
441 8821 4.824870e-01 2.727530e+01  9.925517057534290188e+02  9.950925513230091610e+02  9.967125347983051142e+02  9.971100000000000136e+02
442 8841 4.794693e-01 2.728618e+01  9.925517057534290188e+02  9.957599999999999909e+02  9.964688339214862935e+02  9.970309670236524653e+02
443 8861 4.756738e-01 2.731791e+01  9.925517057534290188e+02  9.955557363038233234e+02  9.966324610722758734e+02  9.970467737113458497e+02
444 8881 4.728171e-01 2.732019e+01  9.925517057534290188e+02  9.961683280321260554e+02  9.966396631921397784e+02  9.970775310099116950e+02
445 8901 4.698901e-01 2.732818e+01  9.925517057534290188e+02  9.957899999999999636e+02  9.964819554443195102e+02  9.969412480349062662e+02
446 8921 4.666369e-01 2.734722e+01  9.925517057534290188e+02  9.952433170122297952e+02  9.962729415874216556e+02  9.969256804896663198e+02
447 8941 4.634155e-01 2.737428e+01  9.925517057534290188e+02  9.957599999999999909e+02  9.966036795721852286e+02  9.970399999999999636e+02
448 8961 4.633263e-01 2.738567e+01  9.925517057534290188e+02  9.952452411866968305e+02  9.965599999999999454e+02  9.969221960205574078e+02
449 8981 4.664094e-01 2.739027e+01  9.925517057534290188e+02  9.949472752450764119e+02  9.962806914304162547e+02  9.969859827941407957e+02
450 9001 4.689153e-01 2.739474e+01  9.925517057534290188e+02  9.955199999999999818e+02  9.964371971627108451e+02  9.972400000000000091e+02
451 9021 4.711752e-01 2.740476e+01  9.925517057534290188e+02  9.954019884539759460e+02  9.964455811176663929e+02  9.971328530028484920e+02
452 9041 4.733530e-01 2.740789e+01  9.925517057534290188e+02  9.956499999999999773e+02  9.964441346372448152e+02  9.969094919166035424e+02
453 9061 4.754731e-01 2.741732e+01  9.925517057534290188e+02  9.953486385180210618e+02  9.965487875951124579e+02  9.970115059967986326e+02
454 9081 4.763160e-01 2.742184e+01  9.925517057534290188e+02  9.954620974022884639e+02  9.964870937696084638e+02  9.969930251919469129e+02
455 9101 4.760032e-01 2.744059e+01  9.925517057534290188e+02  9.950337922672144941e+02  9.963215686682752903e+02  9.969338913132274911e+02
456 9121 4.768591e-01 2.745116e+01  9.925517057534290188e+02  9.959952079295943577e+02  9.965344117377342172e+02  9.969658575273829229e+02
457 9141 4.759967e-01 2.745872e+01  9.925517057534290188e+02  9.955866060309206205e+02  9.966212893314046823e+02  9.971748324421222378e+02
458 9161 4.752986e-01 2.747031e+01  9.925517057534290188e+02  9.954917406376764575e+02  9.965357027512161494e+02  9.969405654386442848e+02
459 9181 4.749629e-01 2.749154e+01  9.925517057534290188e+02  9.958844789957126977e+02  9.965326543772638388e+02  9.970057268518222600e+02
460 9201 4.749899e-01 2.751323e+01  9.925517057534290188e+02  9.956973114654479105e+02  9.962855014848854580e+02  9.968939659730195899e+02
461 9221 4.736339e-01 2.752409e+01  9.925517057534290188e+02  9.948548675071955358e+02  9.965180461123489977e+02  9.969753183910165717e+02
462 9241 4.725794e-01 2.753980e+01  9.925517057534290188e+02  9.951724701322951887e+02  9.965517285538853685e+02  9.968726600247614442e+02
463 9261 4.738200e-01 2.754406e+01  9.925517057534290188e+02  9.952686088104197779e+02  9.966216983510182672e+02  9.971105185106135878e+02
464 9281 4.754746e-01 2.755389e+01  9.925517057534290188e+02  9.953600000000000136e+02  9.965586980235721057e+02  9.982500000000000000e+02
465 9301 4.762418e-01 2.756756e+01  9.925517057534290188e+02  9.960813637911364822e+02  9.966580695520442532e+02  9.970690263968759837e+02
466 9321 4.765760e-01 2.758556e+01  9.925517057534290188e+02  9.954561610709620254e+02  9.965575058854863073e+02  9.969374428968221764e+02
467 9341 4.750100e-01 2.758849e+01  9.925517057534290188e+02  9.953356856764097529e+02  9.965216273282604789e+02  9.978740386196554937e+02
468 9361 4.762883e-01 2.759976e+01  9.925517057534290188e+02  9.959544566846649332e+02  9.964023932327374951e+02  9.970048186053322752e+02
469 9381 4.751496e-01 2.762587e+01  9.925517057534290188e+02  9.952815440059021057e+02  9.963506405775071926e+02  9.970752701227844454e+02
470 9401 4.743754e-01 2.763769e+01  9.925517057534290188e+02  9.953384342192210852e+02  9.966099268762791326e+02  9.970165610561434733e+02
471 9421 4.717623e-01 2.764331e+01  9.925517057534290188e+02  9.958051347559058968e+02  9.965540426982579447e+02  9.970000000000000000e+02
472 9441 4.691567e-01 2.768457e+01  9.925517057534290188e+02  9.952999999999999545e+02  9.964470144375611653e+02  9.970531019638716543e+02
473 9461 4.644372e-01 2.769208e+01  9.925517057534290188e+02  9.951718823354510732e+02  9.965099623095766219e+02  9.968700000000000045e+02
474 9481 4.598235e-01 2.770838e+01  9.925517057534290188e+02  9.957170841475095813e+02  9.966605109055385583e+02  9.972100000000000364e+02
475 9501 4.560063e-01 2.771437e+01  9.925517057534290188e+02  9.950099999999999909e+02  9.963600000000000136e+02  9.970846028997489157e+02
476 9521 4.536807e-01 2.771929e+01  9.925517057534290188e+02  9.953350634594678468e+02  9.964309263591899253e+02  9.969563693110690110e+02
477 9541 4.505653e-01 2.771895e+01  9.925517057534290188e+02  9.951781273444609042e+02  9.963808856012868773e+02  9.968919714588597571e+02
478 9561 4.499068e-01 2.771990e+01  9.925517057534290188e+02  9.953783096911832899e+02  9.965409856214840829e+02  9.969540817001078494e+02
479 9581 4.480979e-01 2.774253e+01  9.925517057534290188e+02  9.958118506075028336e+02  9.965002120320134509e+02  9.970167474195292243e+02
480 9601 4.463571e-01 2.775001e+01  9.925517057534290188e+02  9.957456780861060679e+02  9.965339503875882201e+02  9.969236440960975187e+02
481 9621 4.460556e-01 2.777893e+01  9.925517057534290188e+02  9.959637649214341764e+02  9.964900000000000091e+02  9.969985088476552164e+02
482 9641 4.438594e-01 2.778012e+01  9.925517057534290188e+02  9.956153208245799533e+02  9.965246236232642332e+02  9.971654677774396305e+02
483 9661 4.452686e-01 2.779114e+01  9.925517057534290188e+02  9.955625804238386536e+02  9.965142621340345386e+02  9.970599999999999454e+02
484 9681 4.456957e-01 2.779392e+01  9.925517057534290188e+02  9.956754055379476540e+02  9.964114159646379676e+02  9.978478157408534344e+02
485 9701 4.464644e-01 2.781296e+01  9.925517057534290188e+02  9.960949230394916185e+02  9.965870787373519306e+02  9.970229626968932735e+02
486 9721 4.482624e-01 2.781015e+01  9.925517057534290188e+02  9.954900000000000091e+02  9.964795394140993494e+02  9.968886324780761470e+02
487 9741 4.503462e-01 2.781570e+01  9.925517057534290188e+02  9.956176802672340500e+02  9.962883426036792116e+02  9.969441448011292550e+02
488 9761 4.522866e-01 2.781776e+01  9.925517057534290188e+02  9.952572720082616797e+02  9.965416917929089777e+02  9.970074999341447892e+02
489 9781 4.542563e-01 2.782795e+01  9.925517057534290188e+02  9.955629224999726148e+02  9.965674862803823544e+02  9.969900000000000091e+02
490 9801 4.563118e-01 2.782893e+01  9.925517057534290188e+02  9.956900000000000546e+02  9.964352494327356453e+02  9.970475886821991480e+02
491 9821 4.582548e-01 2.783393e+01  9.925517057534290188e+02  9.956188395795644510e+02  9.966483583374815680e+02  9.970155348136610201e+02
492 9841 4.594743e-01 2.784036e+01  9.925517057534290188e+02  9.953285426998972980e+02  9.963982731686319312e+02  9.970921013256435117e+02
493 9861 4.587983e-01 2.785285e+01  9.925517057534290188e+02  9.956034715819879466e+02  9.964083649922454242e+02  9.968535193348059238e+02
494 9881 4.585018e-01 2.785371e+01  9.925517057534290188e+02  9.962313774693939195e+02  9.966401632541774234e+02  9.968896522327718230e+02
495 9901 4.581620e-01 2.785680e+01  9.925517057534290188e+02  9.961855171945288703e+02  9.965553551647686845e+02  9.970908407068127417e+02
496 9921 4.579900e-01 2.788733e+01  9.925517057534290188e+02  9.951997123296536074e+02  9.964390557271940452e+02  9.967999999999999545e+02
497 9941 4.560784e-01 2.789996e+01  9.925517057534290188e+02  9.955705859038247354e+02  9.963605718907786013e+02  9.969249341495593626e+02
498 9961 4.530976e-01 2.790709e+01  9.925517057534290188e+02  9.954062853861457825e+02  9.965365085703141403e+02  9.971509240299413932e+02
499 9981 4.497079e-01 2.790850e+01  9.925517057534290188e+02  9.952200000000000273e+02  9.965418617187417567e+02  9.970800000000000409e+02
500 10001 4.450807e-01 2.790950e+01  9.925517057534290188e+02  9.950099999999999909e+02  9.963519883802090362e+02  9.967179826682696557e+02
501 10021 4.408969e-01 2.792069e+01  9.925517057534290188e+02  9.950239690879727732e+02  9.965627454525822486e+02  9.971275992190930992e+02
502 10041 4.400293e-01 2.792173e+01  9.925517057534290188e+02  9.955940168304230156e+02  9.965419976027441180e+02  9.972365289627437051e+02
503 10061 4.391525e-01 2.793792e+01  9.925517057534290188e+02  9.957706029055763111e+02  9.964017984130728109e+02  9.967973590649651214e+02
504 10081 4.370916e-01 2.794267e+01  9.925517057534290188e+02  9.955777519714486061e+02  9.964865443712999422e+02  9.968670966529263069e+02
505 10101 4.358287e-01 2.795931e+01  9.925517057534290188e+02  9.956662124914231526e+02  9.965852227432785639e+02  9.971556781448892934e+02
506 10121 4.349787e-01 2.797723e+01  9.925517057534290188e+02  9.955700000000000500e+02  9.963622378204543111e+02  9.969341701679792322e+02
507 10141 4.328278e-01 2.798995e+01  9.925517057534290188e+02  9.951191204554278329e+02  9.964386272724259470e+02  9.970240645948649671e+02
508 10161 4.308906e-01 2.800175e+01  9.925517057534290188e+02  9.952791880857568003e+02  9.966008041803880815e+02  9.968285367936230159e+02
509 10181 4.293134e-01 2.802187e+01  9.925517057534290188e+02  9.956933367574041540e+02  9.965878167478736032e+02  9.970714302316125668e+02
510 10201 4.276632e-01 2.803601e+01  9.925517057534290188e+02  9.951348594867891961e+02  9.963639236992546557e+02  9.970453410065299522e+02
511 10221 4.259168e-01 2.804474e+01  9.925517057534290188e+02  9.954525448464293049e+02  9.964112288655635439e+02  9.969978762938015961e+02
512 10241 4.246515e-01 2.806672e+01  9.925517057534290188e+02  9.952826388690973545e+02  9.963925026953685347e+02  9.967614960359464931e+02
513 10261 4.223864e-01 2.808958e+01  9.925517057534290188e+02  9.956652486179793868e+02  9.963792228196500673e+02  9.969125678619639075e+02
514 10281 4.210292e-01 2.812462e+01  9.925517057534290188e+02  9.957000000000000455e+02  9.964834108709360407e+02  9.970033744695001587e+02
515 10301 4.213093e-01 2.813688e+01  9.925517057534290188e+02  9.953492758512835508e+02  9.965844707500027653e+02  9.971139432120633046e+02
516 10321 4.205823e-01 2.816308e+01  9.925517057534290188e+02  9.957899999999999636e+02  9.965591839733108372e+02  9.968675657046820788e+02
517 10341 4.194637e-01 2.819526e+01  9.925517057534290188e+02  9.959073677630285601e+02  9.965211939516091206e+02  9.969142311841369519e+02
518 10361 4.197870e-01 2.821059e+01  9.925517057534290188e+02  9.958158784485492561e+02  9.963746131490224798e+02  9.970358355105134933e+02
519 10381 4.199968e-01 2.823640e+01  9.925517057534290188e+02  9.948266897274535268e+02  9.965291598419917136e+02  9.969640718508975397e+02
520 10401 4.218080e-01 2.824673e+01  9.925517057534290188e+02  9.953461900249914152e+02  9.965988654589541511e+02  9.969563587066088530e+02
521 10421 4.229589e-01 2.826496e+01  9.925517057534290188e+02  9.949850388974853104e+02  9.965027968108329333e+02  9.967999999999999545e+02
522 10441 4.246867e-01 2.828291e+01  9.925517057534290188e+02  9.952818100143056199e+02  9.962878658609402009e+02  9.970652764344267780e+02
523 10461 4.264556e-01 2.829295e+01  9.925517057534290188e+02  9.951661275076933180e+02  9.965192653809885996e+02  9.969074040514500439e+02
524 10481 4.264572e-01 2.830141e+01  9.925517057534290188e+02  9.954800000000000182e+02  9.965575003692315477e+02  9.969271663874610567e+02
525 10501 4.254605e-01 2.831412e+01  9.925517057534290188e+02  9.954859696288174291e+02  9.964582067334913518e+02  9.967382992376099082e+02
526 10521 4.246907e-01 2.832429e+01  9.925517057534290188e+02  9.953807085848816314e+02  9.965269676365705891e+02  9.969509635073088702e+02
527 10541 4.238682e-01 2.833202e+01  9.925517057534290188e+02  9.958530895824862910e+02  9.964094882644349127e+02  9.970071496966359064e+02
528 10561 4.229192e-01 2.833595e+01  9.925517057534290188e+02  9.943453801493393485e+02  9.963202719590283323e+02  9.968861631478913523e+02
529 10581 4.215015e-01 2.836477e+01  9.925517057534290188e+02  9.956226501381692060e+02  9.962919936560984979e+02  9.968887895306169185e+02
530 10601 4.196183e-01 2.837228e+01  9.925517057534290188e+02  9.951000000000000227e+02  9.964429079226169961e+02  9.967699999999999818e+02
531 10621 4.175522e-01 2.838643e+01  9.925517057534290188e+02  9.952462430728618301e+02  9.964017849478184417e+02  9.969128630445402450e+02
532 10641 4.163840e-01 2.839166e+01  9.925517057534290188e+02  9.948254400635669299e+02  9.965081571287453244e+02  9.972213358748747396e+02
533 10661 4.147324e-01 2.839536e+01  9.925517057534290188e+02  9.960299999999999727e+02  9.965711308925959884e+02  9.971000000000000227e+02
534 10681 4.133855e-01 2.839820e+01  9.925517057534290188e+02  9.955411171754859652e+02  9.963082246568912979e+02  9.969625487052467179e+02
535 10701 4.118563e-01 2.840719e+01  9.925517057534290188e+02  9.959238404492182326e+02  9.964755365479825286e+02  9.968999043268511286e+02
536 10721 4.146172e-01 2.841724e+01  9.925517057534290188e+02  9.956002101794535974e+02  9.964707166717112159e+02  9.968371519629079103e+02
537 10741 4.157266e-01 2.842368e+01  9.925517057534290188e+02  9.958847842246959772e+02  9.964252733909270319e+02  9.970717318090830759e+02
538 10761 4.178246e-01 2.842675e+01  9.925517057534290188e+02  9.955599999999999454e+02  9.963743635340626952e+02  9.970195228833813417e+02
539 10781 4.186133e-01 2.843846e+01  9.925517057534290188e+02  9.959172912608917159e+02  9.964012625459234869e+02  9.969322172085445573e+02
540 10801 4.200616e-01 2.845977e+01  9.925517057534290188e+02  9.950820229706431519e+02  9.963018401062930707e+02  9.971351452176738803e+02
541 10821 4.213953e-01 2.846272e+01  9.925517057534290188e+02  9.949099436319447705e+02  9.962036052956868843e+02  9.970035045577244546e+02
542 10841 4.220779e-01 2.847609e+01  9.925517057534290188e+02  9.942770316181105272e+02  9.963350842241418377e+02  9.969580693644093117e+02
543 10861 4.212083e-01 2.848596e+01  9.925517057534290188e+02  9.956918491642965137e+02  9.965441964278081741e+02  9.969331657769455433e+02
544 10881 4.211976e-01 2.848484e+01  9.925517057534290188e+02  9.958660870134261813e+02  9.965173314161346525e+02  9.969534377047331191e+02
545 10901 4.193268e-01 2.849216e+01  9.925517057534290188e+02  9.952607702757782135e+02  9.965232341985998801e+02  9.968705329847830399e+02
546 10921 4.183086e-01 2.851634e+01  9.925517057534290188e+02  9.958153700260023697e+02  9.963962103469434624e+02  9.971361497849404714e+02
547 10941 4.145301e-01 2.853541e+01  9.925517057534290188e+02  9.952775600071219060e+02  9.964800991308884477e+02  9.970213068802395355e+02
548 10961 4.106050e-01 2.855816e+01  9.925517057534290188e+02  9.950783815780921486e+02  9.963933988906368313e+02  9.968656849659213322e+02
549 10981 4.070741e-01 2.857420e+01  9.925517057534290188e+02  9.954199999999999591e+02  9.965611669525868592e+02  9.968883393461147762e+02
550 11001 4.053663e-01 2.859043e+01  9.925517057534290188e+02  9.946618421755985082e+02  9.964685745392272338e+02  9.969970675279888610e+02
551 11021 4.026662e-01 2.860353e+01  9.925517057534290188e+02  9.955423406862802267e+02  9.964427244054471657e+02  9.969032775944834839e+02
552 11041 3.992880e-01 2.862795e+01  9.925517057534290188e+02  9.953412070953711464e+02  9.966014541285001087e+02  9.969459333691069105e+02
553 11061 3.967628e-01 2.864265e+01  9.925517057534290188e+02  9.949500000000000455e+02  9.964023676328544070e+02  9.969404456496960165e+02
554 11081 3.938611e-01 2.865628e+01  9.925517057534290188e+02  9.953530534640040059e+02  9.964504836594057906e+02  9.969365879083389927e+02
555 11101 3.927008e-01 2.867871e+01  9.925517057534290188e+02  9.951291471271732689e+02  9.963333211654510251e+02  9.970557497508176539e+02
556 11121 3.914902e-01 2.868739e+01  9.925517057534290188e+02  9.949105273984115456e+02  9.963789597149411748e+02  9.968532986895967269e+02
557 11141 3.916490e-01 2.869754e+01  9.925517057534290188e+02  9.958114273701305592e+02  9.963425890413757315e+02  9.969850956068021333e+02
558 11161 3.934245e-01 2.871012e+01  9.925517057534290188e+02  9.954557323222759351e+02  9.965176006230382200e+02  9.967733631077373957e+02
559 11181 3.931292e-01 2.871683e+01  9.925517057534290188e+02  9.958535049420047471e+02  9.964259079009233346e+02  9.970299999999999727e+02
560 11201 3.936304e-01 2.871359e+01  9.925517057534290188e+02  9.955652660816386970e+02  9.964224410341213343e+02  9.968500000000000227e+02
561 11221 3.954497e-01 2.872296e+01  9.925517057534290188e+02  9.956218675340578557e+02  9.963547497750707862e+02  9.967714340644719186e+02
562 11241 3.988205e-01 2.874176e+01  9.925517057534290188e+02  9.952380224978737715e+02  9.964984720344875768e+02  9.969500000000000455e+02
563 11261 4.006225e-01 2.875780e+01  9.925517057534290188e+02  9.958907317246212187e+02  9.965001282144612560e+02  9.967709838324346947e+02
564 11281 4.011894e-01 2.876093e+01  9.925517057534290188e+02  9.957274804887723576e+02  9.965117348590358688e+02  9.968067757613505364e+02
565 11301 4.011340e-01 2.876626e+01  9.925517057534290188e+02  9.954880148552975925e+02  9.963589675458931652e+02  9.968561035299497917e+02
566 11321 4.035150e-01 2.877041e+01  9.925517057534290188e+02  9.953549870193444349e+02  9.965399272989991459e+02  9.969340741197369198e+02
567 11341 4.051247e-01 2.877061e+01  9.925517057534290188e+02  9.947528664932173115e+02  9.966162876046039401e+02  9.970859641565515403e+02
568 11361 4.043887e-01 2.876863e+01  9.925517057534290188e+02  9.954535871222126389e+02  9.965345031385581933e+02  9.969629100610045498e+02
569 11381 4.014418e-01 2.877508e+01  9.925517057534290188e+02  9.959800000000000182e+02  9.965413413611640863e+02  9.968175754362608814e+02
570 11401 4.005772e-01 2.877768e+01  9.925517057534290188e+02  9.959299999999999500e+02  9.966789587435976046e+02  9.971317907124883959e+02
571 11421 3.983764e-01 2.879860e+01  9.925517057534290188e+02  9.956624956514539235e+02  9.965382362267793042e+02  9.970451648433780747e+02
572 11441 3.962097e-01 2.880366e+01  9.925517057534290188e+02  9.958168667029419794e+02  9.965067232268415864e+02  9.969757912463578577e+02
573 11461 3.942404e-01 2.880842e+01  9.925517057534290188e+02  9.954118662419600696e+02  9.963502534217304856e+02  9.968329213399169930e+02
574 11481 3.927970e-01 2.881527e+01  9.925517057534290188e+02  9.957225754238580748e+02  9.963987918930944261e+02  9.967424963606844130e+02
575 11501 3.912617e-01 2.882126e+01  9.925517057534290188e+02  9.952687152977293863e+02  9.965670184294665432e+02  9.970842332988814860e+02
576 11521 3.912208e-01 2.883560e+01  9.925517057534290188e+02  9.954020802452171210e+02  9.964092446293377634e+02  9.968209577882464600e+02
577 11541 3.938956e-01 2.887547e+01  9.925517057534290188e+02  9.957141512729846227e+02  9.964261120162075258e+02  9.967588456380624393e+02
578 11561 3.977356e-01 2.889724e+01  9.925517057534290188e+02  9.958663269385854164e+02  9.964308165183886103e+02  9.967796962629731752e+02
579 11581 4.011726e-01 2.892266e+01  9.925517057534290188e+02  9.947443315211689878e+02  9.963898879168177700e+02  9.968371685035368728e+02
580 11601 4.039305e-01 2.895521e+01  9.925517057534290188e+02  9.949403673180148644e+02  9.964605548392341916e+02  9.967535082004790183e+02
581 11621 4.062882e-01 2.896780e+01  9.925517057534290188e+02  9.945532316955619763e+02  9.964762429571637767e+02  9.967828850643003307e+02
582 11641 4.077407e-01 2.897589e+01  9.925517057534290188e+02  9.957425516937594239e+02  9.964872425587120688e+02  9.969167002622114069e+02
583 11661 4.116255e-01 2.898497e+01  9.925517057534290188e+02  9.957849981135196913e+02  9.963924854884080560e+02  9.969400000000000546e+02
584 11681 4.162428e-01 2.900190e+01  9.925517057534290188e+02  9.944470394387544729e+02  9.965526609567536980e+02  9.969369311576066366e+02
585 11701 4.205359e-01 2.902040e+01  9.925517057534290188e+02  9.956545354691513694e+02  9.963660959205014933e+02  9.970676449203519951e+02
586 11721 4.226819e-01 2.902906e+01  9.925517057534290188e+02  9.956589536321447440e+02  9.965691775670297829e+02  9.969358669616246971e+02
587 11741 4.273707e-01 2.903831e+01  9.925517057534290188e+02  9.950523591461717388e+02  9.964592242761698344e+02  9.970189637661632105e+02
588 11761 4.305897e-01 2.904603e+01  9.925517057534290188e+02  9.962466050808359341e+02  9.965996189602633422e+02  9.980333420419541426e+02
589 11781 4.332612e-01 2.907128e+01  9.925517057534290188e+02  9.952669805322132106e+02  9.963828313135795725e+02  9.970041214473137643e+02
590 11801 4.345392e-01 2.907952e+01  9.925517057534290188e+02  9.942465527280248807e+02  9.965377743177804177e+02  9.970326525420827011e+02
591 11821 4.362941e-01 2.909316e+01  9.925517057534290188e+02  9.958500000000000227e+02  9.964908790351126981e+02  9.969740328375148692e+02
592 11841 4.380183e-01 2.911165e+01  9.925517057534290188e+02  9.957665604491254498e+02  9.965873590768280792e+02  9.975320021606585215e+02
593 11861 4.393058e-01 2.913104e+01  9.925517057534290188e+02  9.958999999999999773e+02  9.965065339105562998e+02  9.977335059876713785e+02
594 11881 4.421478e-01 2.914549e+01  9.925517057534290188e+02  9.960700000000000500e+02  9.964718851009249647e+02  9.971004461294103294e+02
595 11901 4.452764e-01 2.916240e+01  9.925517057534290188e+02  9.957510083816559927e+02  9.963977112988699218e+02  9.970599999999999454e+02
596 11921 4.462442e-01 2.916801e+01  9.925517057534290188e+02  9.959387699057393775e+02  9.965624075163975704e+02  9.969158465527931412e+02
597 11941 4.473643e-01 2.917778e+01  9.925517057534290188e+02  9.948559059622475615e+02  9.965870801494456828e+02  9.972016368573646332e+02
598 11961 4.473148e-01 2.919484e+01  9.925517057534290188e+02  9.953701836312545765e+02  9.965177570676962659e+02  9.971494821096287069e+02
599 11981 4.444089e-01 2.919685e+01  9.925517057534290188e+02  9.956200000000000045e+02  9.964191071490465674e+02  9.975800000000000409e+02
600 12001 4.409248e-01 2.920594e+01  9.925517057534290188e+02  9.951900000000000546e+02  9.965379944789078763e+02  9.970539405774783290e+02
