%  columns="iteration, evaluation, sigma, axis ratio, bestever, best, median, worst fitness function value, further objective values of best" (startseed=208857, 2017/07/29 1:11:23.57)
1 21 1.071353e+00 1.120304e+02  1.998906371861630449e+00  2.110805146545650324e+00  2.585575560827874764e+00  3.274978836616219802e+00
2 41 1.032266e+00 1.120844e+02  1.998906371861630449e+00  2.184711290136347461e+00  2.376474528325056568e+00  2.863023456543176248e+00
3 61 1.000336e+00 1.121576e+02  1.998906371861630449e+00  2.246825190872441702e+00  2.387532914631009806e+00  3.491175431513934502e+00
4 81 9.760672e-01 1.122131e+02  1.998906371861630449e+00  2.315912151297827126e+00  2.481084602858658172e+00  3.001842504616618168e+00
5 101 9.568188e-01 1.122580e+02  1.998906371861630449e+00  2.200429025185270948e+00  2.448559595881251383e+00  4.073512586032647320e+00
6 121 9.401017e-01 1.122527e+02  1.998906371861630449e+00  2.208413678083682274e+00  2.440370523868282682e+00  2.710714929233308812e+00
7 141 9.268500e-01 1.123213e+02  1.998906371861630449e+00  2.098015912333119459e+00  2.411192422613029240e+00  3.634449054923689193e+00
8 161 9.168392e-01 1.123215e+02  1.998906371861630449e+00  2.218645905690070919e+00  2.465878382233503974e+00  3.221208429273739071e+00
9 181 9.040762e-01 1.123454e+02  1.998906371861630449e+00  2.150645839679790061e+00  2.401463102695292839e+00  3.268753595333794504e+00
10 201 8.911643e-01 1.122837e+02  1.998906371861630449e+00  2.168176117129079206e+00  2.396048914712539002e+00  3.972557895237332826e+00
11 221 8.838733e-01 1.122606e+02  1.998906371861630449e+00  2.180508147383090289e+00  2.379255100662320821e+00  2.937056303749263186e+00
12 241 8.802873e-01 1.122647e+02  1.998906371861630449e+00  2.170597878729331853e+00  2.330094747793808985e+00  2.984174812626442463e+00
13 261 8.793492e-01 1.122317e+02  1.998906371861630449e+00  2.201701991809437153e+00  2.397600986176770199e+00  2.677228034132090873e+00
14 281 8.766846e-01 1.122525e+02  1.998906371861630449e+00  2.140226884159067033e+00  2.420190976199881217e+00  3.085692355295830858e+00
15 301 8.749472e-01 1.122725e+02  1.998906371861630449e+00  2.161206555019062669e+00  2.381172606161480410e+00  2.929849163432300507e+00
16 321 8.707610e-01 1.122404e+02  1.998906371861630449e+00  2.127584743532949574e+00  2.412071257044096306e+00  2.795408566606482736e+00
17 341 8.672129e-01 1.123584e+02  1.998906371861630449e+00  2.260758187654796192e+00  2.482686505409986477e+00  2.728930169865236621e+00
18 361 8.640406e-01 1.123561e+02  1.998906371861630449e+00  2.163645556265643588e+00  2.418193201753180865e+00  4.133217870677026617e+00
19 381 8.635122e-01 1.123376e+02  1.998906371861630449e+00  2.189818363192713058e+00  2.369564277795268570e+00  2.670553620778458370e+00
20 401 8.637214e-01 1.123720e+02  1.998906371861630449e+00  2.140746898146556720e+00  2.359014968802205736e+00  2.922549704805801785e+00
21 421 8.663607e-01 1.123475e+02  1.998906371861630449e+00  2.188795378853588769e+00  2.359430666382621666e+00  3.086332532970606390e+00
22 441 8.702321e-01 1.123780e+02  1.998906371861630449e+00  2.238087975969965893e+00  2.373457549174735171e+00  2.717376874459570768e+00
23 461 8.733228e-01 1.124081e+02  1.998906371861630449e+00  2.224741282431680123e+00  2.435995945656027395e+00  3.956211383199161880e+00
24 481 8.761383e-01 1.123817e+02  1.998906371861630449e+00  2.208791865895672668e+00  2.355335290100944334e+00  2.609477035651328602e+00
25 501 8.741238e-01 1.124173e+02  1.998906371861630449e+00  2.191635465882430189e+00  2.369135361571403031e+00  2.700293448518113593e+00
26 521 8.702582e-01 1.123701e+02  1.998906371861630449e+00  2.112580610297881023e+00  2.423437871142316347e+00  2.585638541051477723e+00
27 541 8.679431e-01 1.123340e+02  1.998906371861630449e+00  2.193635820198114761e+00  2.392138063153186778e+00  2.623595629607277768e+00
28 561 8.681128e-01 1.122949e+02  1.998906371861630449e+00  2.168835275680680574e+00  2.372382007611655297e+00  4.582995163860750232e+00
29 581 8.694137e-01 1.122624e+02  1.998906371861630449e+00  2.138545551776661835e+00  2.339270088125943836e+00  2.672627461897674639e+00
30 601 8.706405e-01 1.121900e+02  1.998906371861630449e+00  2.213661238267828679e+00  2.361406421898129437e+00  2.791916993073681130e+00
31 621 8.701260e-01 1.121853e+02  1.998906371861630449e+00  2.190586753575509693e+00  2.456039371216723666e+00  2.850098593258369561e+00
32 641 8.674662e-01 1.121126e+02  1.998906371861630449e+00  2.201358334854367715e+00  2.417861230706582099e+00  3.070161876773534804e+00
33 661 8.620592e-01 1.121374e+02  1.998906371861630449e+00  2.234789946049001053e+00  2.464756604335362589e+00  2.641286365903002142e+00
34 681 8.580260e-01 1.121381e+02  1.998906371861630449e+00  2.295916781857683553e+00  2.378208555774188326e+00  4.324486826561890318e+00
35 701 8.555615e-01 1.121677e+02  1.998906371861630449e+00  2.227765853884782654e+00  2.421224953595182861e+00  2.753908761630420532e+00
36 721 8.560558e-01 1.121611e+02  1.998906371861630449e+00  2.221371388495238630e+00  2.381050771732577509e+00  2.606535336890954291e+00
37 741 8.552261e-01 1.121073e+02  1.998906371861630449e+00  2.227644508835860737e+00  2.366032141480180151e+00  2.683401832765414774e+00
38 761 8.538166e-01 1.120996e+02  1.998906371861630449e+00  2.178937043290779751e+00  2.390597646370491880e+00  3.924701325678512376e+00
39 781 8.503679e-01 1.121504e+02  1.998906371861630449e+00  2.215777959364735761e+00  2.354574240133023189e+00  2.632508756254727800e+00
40 801 8.464872e-01 1.121497e+02  1.998906371861630449e+00  2.172951192761349404e+00  2.340816593498508791e+00  2.544306355739017533e+00
41 821 8.394705e-01 1.121195e+02  1.998906371861630449e+00  2.152195072506016604e+00  2.341283891766419600e+00  2.633981375922121781e+00
42 841 8.349218e-01 1.120748e+02  1.998906371861630449e+00  2.149252142492827922e+00  2.386890101963881072e+00  2.790382244468665007e+00
43 861 8.309945e-01 1.121354e+02  1.998906371861630449e+00  2.196124967648179549e+00  2.410863034945186723e+00  2.719350348079833335e+00
44 881 8.243922e-01 1.122117e+02  1.998906371861630449e+00  2.209204984249663717e+00  2.423714995065487265e+00  2.896043998142907583e+00
45 901 8.159812e-01 1.121367e+02  1.998906371861630449e+00  2.139074014444593441e+00  2.306468472336948849e+00  2.673459742588679688e+00
46 921 8.106448e-01 1.122497e+02  1.998906371861630449e+00  2.149245843598421857e+00  2.314012568074060638e+00  2.781080962390690470e+00
47 941 8.055917e-01 1.123690e+02  1.998906371861630449e+00  2.137869520651684674e+00  2.298879195197987890e+00  3.163696528691791965e+00
48 961 7.976136e-01 1.124366e+02  1.998906371861630449e+00  2.190557787328444750e+00  2.337691398159123857e+00  2.650552333475416855e+00
49 981 7.901464e-01 1.124991e+02  1.998906371861630449e+00  2.159775405867883968e+00  2.349367657610141435e+00  2.708005269524310421e+00
50 1001 7.814314e-01 1.125779e+02  1.998906371861630449e+00  2.253173098488962633e+00  2.368490192981569820e+00  2.722730690111945240e+00
51 1021 7.710933e-01 1.126204e+02  1.998906371861630449e+00  2.171054345138871966e+00  2.434360540368381898e+00  2.969893694021097819e+00
52 1041 7.622810e-01 1.126363e+02  1.998906371861630449e+00  2.141537385293775131e+00  2.366863917835705156e+00  3.994959149862952863e+00
53 1061 7.511706e-01 1.126769e+02  1.998906371861630449e+00  2.180893902557967223e+00  2.358393951851750270e+00  3.844979660384851172e+00
54 1081 7.382520e-01 1.127225e+02  1.998906371861630449e+00  2.161471100830814507e+00  2.368160229170938713e+00  2.698788365712236015e+00
55 1101 7.253446e-01 1.127926e+02  1.998906371861630449e+00  2.154516715395679682e+00  2.293155620236606573e+00  4.514544582037710363e+00
56 1121 7.145905e-01 1.127388e+02  1.998906371861630449e+00  2.167015799056339453e+00  2.373394888801227509e+00  2.800326578409433775e+00
57 1141 7.034871e-01 1.127378e+02  1.998906371861630449e+00  2.130512114860297679e+00  2.353838119139188834e+00  2.590366042772124455e+00
58 1161 6.917441e-01 1.127642e+02  1.998906371861630449e+00  2.148755836581985434e+00  2.344132215540278619e+00  2.764474537142516120e+00
59 1181 6.794868e-01 1.127472e+02  1.998906371861630449e+00  2.110165949643300287e+00  2.303818146475128614e+00  2.735389134427914648e+00
60 1201 6.690605e-01 1.128295e+02  1.998906371861630449e+00  2.111573179554491198e+00  2.253559605760190543e+00  4.120372221204091190e+00
61 1221 6.601410e-01 1.127338e+02  1.998906371861630449e+00  2.141167950203752390e+00  2.272451656318650315e+00  2.640653089561257438e+00
62 1241 6.504963e-01 1.127579e+02  1.998906371861630449e+00  2.176223981022414655e+00  2.295488481505627121e+00  2.500865594073886200e+00
63 1261 6.409405e-01 1.127918e+02  1.998906371861630449e+00  2.156055627178780298e+00  2.274838351419215421e+00  2.691540057978235367e+00
64 1281 6.302054e-01 1.127945e+02  1.998906371861630449e+00  2.090176669839783230e+00  2.256076457056687801e+00  2.487136560120243090e+00
65 1301 6.220800e-01 1.127789e+02  1.998906371861630449e+00  2.109072987219811068e+00  2.213722984884854306e+00  2.641128774107461386e+00
66 1321 6.147604e-01 1.127539e+02  1.998906371861630449e+00  2.092355289012397090e+00  2.224029152626056494e+00  2.475519300125246236e+00
67 1341 6.117137e-01 1.126709e+02  1.998906371861630449e+00  2.116054612810993607e+00  2.256609399742941946e+00  2.533753629724178502e+00
68 1361 6.067695e-01 1.126128e+02  1.998906371861630449e+00  2.108038641033494809e+00  2.202050700498581648e+00  2.451662205009145445e+00
69 1381 6.006805e-01 1.125765e+02  1.998906371861630449e+00  2.124276260543421113e+00  2.228223506366783901e+00  2.373363373327181503e+00
70 1401 5.941693e-01 1.125725e+02  1.998906371861630449e+00  2.121409752376221647e+00  2.216778791715902752e+00  2.520612180247033152e+00
71 1421 5.891430e-01 1.125327e+02  1.998906371861630449e+00  2.135258890363039175e+00  2.183540037977802051e+00  2.572305027060328264e+00
72 1441 5.868376e-01 1.124813e+02  1.998906371861630449e+00  2.123886140042876125e+00  2.247215636394686911e+00  2.606270350861283003e+00
73 1461 5.856709e-01 1.124976e+02  1.998906371861630449e+00  2.134555712850490394e+00  2.233798434794822985e+00  2.655464204320978627e+00
74 1481 5.828388e-01 1.124450e+02  1.998906371861630449e+00  2.137169640734166265e+00  2.218918018055421548e+00  4.007197364005887330e+00
75 1501 5.800862e-01 1.123674e+02  1.998906371861630449e+00  2.134265335360446159e+00  2.260870533872298971e+00  3.440830086685390032e+00
76 1521 5.746231e-01 1.122942e+02  1.998906371861630449e+00  2.084467948439577611e+00  2.197105183358420533e+00  3.835046026068360092e+00
77 1541 5.685304e-01 1.122853e+02  1.998906371861630449e+00  2.124211216412964287e+00  2.252535090712497023e+00  4.018602630810909737e+00
78 1561 5.616972e-01 1.122491e+02  1.998906371861630449e+00  2.099899246472802794e+00  2.195239446987617526e+00  2.401279351382524130e+00
79 1581 5.556319e-01 1.121408e+02  1.998906371861630449e+00  2.121525083854964411e+00  2.219741842937011711e+00  2.435421764971024139e+00
80 1601 5.534753e-01 1.120516e+02  1.998906371861630449e+00  2.148626595916312887e+00  2.327538792076359719e+00  2.753439668925707462e+00
81 1621 5.520318e-01 1.119720e+02  1.998906371861630449e+00  2.084307565050234512e+00  2.195680642669646243e+00  3.857116560010311002e+00
82 1641 5.510937e-01 1.119190e+02  1.998906371861630449e+00  2.077974847087187271e+00  2.245703241464442446e+00  2.680131962863904427e+00
83 1661 5.519421e-01 1.118339e+02  1.998906371861630449e+00  2.105413406418120470e+00  2.211003731382992221e+00  2.470714234054053549e+00
84 1681 5.523828e-01 1.118058e+02  1.998906371861630449e+00  2.100549569978645170e+00  2.271659552916406533e+00  4.363314930008135306e+00
85 1701 5.526004e-01 1.118430e+02  1.998906371861630449e+00  2.109583393127894890e+00  2.210094221315583418e+00  2.805849601908307900e+00
86 1721 5.533275e-01 1.117970e+02  1.998906371861630449e+00  2.118985863249862600e+00  2.214242023463204312e+00  2.949159393500893955e+00
87 1741 5.532963e-01 1.117939e+02  1.998906371861630449e+00  2.114516129569082192e+00  2.236565004447480742e+00  4.073061059762739688e+00
88 1761 5.527059e-01 1.117874e+02  1.998906371861630449e+00  2.141143214680925499e+00  2.271227511295973223e+00  4.004511952037981715e+00
89 1781 5.525735e-01 1.117467e+02  1.998906371861630449e+00  2.109452459813127678e+00  2.228023861305649334e+00  2.465204030256061607e+00
90 1801 5.501385e-01 1.117686e+02  1.998906371861630449e+00  2.104285172049631392e+00  2.225621872985925176e+00  2.476353532875074315e+00
91 1821 5.464116e-01 1.117356e+02  1.998906371861630449e+00  2.112749622344202827e+00  2.209437734541255249e+00  2.486787451560663609e+00
92 1841 5.422883e-01 1.117679e+02  1.998906371861630449e+00  2.104563938272207668e+00  2.220714209787269411e+00  3.019683385287812882e+00
93 1861 5.394681e-01 1.118100e+02  1.998906371861630449e+00  2.122315436362219643e+00  2.247170637384268144e+00  3.825573911969630814e+00
94 1881 5.353281e-01 1.118342e+02  1.998906371861630449e+00  2.102102702138533008e+00  2.165886144327359375e+00  2.295808267371919342e+00
95 1901 5.345525e-01 1.118696e+02  1.998906371861630449e+00  2.101570882041062127e+00  2.195372874970551891e+00  2.739330706933455595e+00
96 1921 5.343809e-01 1.118478e+02  1.998906371861630449e+00  2.149801007740056669e+00  2.209428253415813614e+00  3.757976330124220610e+00
97 1941 5.327486e-01 1.118757e+02  1.998906371861630449e+00  2.129439753271483937e+00  2.197691489240967133e+00  2.722615826674199102e+00
98 1961 5.308208e-01 1.118356e+02  1.998906371861630449e+00  2.096004851876422936e+00  2.222468530834186495e+00  2.535047182185715453e+00
99 1981 5.288183e-01 1.118082e+02  1.998906371861630449e+00  2.113330291069294820e+00  2.172752105472365969e+00  2.792665953679565494e+00
100 2001 5.271789e-01 1.117588e+02  1.998906371861630449e+00  2.141105381405782992e+00  2.261323627810390757e+00  2.565306556225820600e+00
101 2021 5.268537e-01 1.117315e+02  1.998906371861630449e+00  2.105127111531637230e+00  2.193443890998242551e+00  2.572750789245696001e+00
102 2041 5.275850e-01 1.116995e+02  1.998906371861630449e+00  2.095634751497532644e+00  2.177506375692135787e+00  2.658498128501572744e+00
103 2061 5.265718e-01 1.117040e+02  1.998906371861630449e+00  2.121214654390957577e+00  2.228537669022326639e+00  2.502277970025725384e+00
104 2081 5.267419e-01 1.116238e+02  1.998906371861630449e+00  2.145467487196345946e+00  2.194638628203566366e+00  2.633436213306709295e+00
105 2101 5.267377e-01 1.116345e+02  1.998906371861630449e+00  2.153221218665894998e+00  2.211809581229521093e+00  2.586953812114396012e+00
106 2121 5.274144e-01 1.116100e+02  1.998906371861630449e+00  2.127220723139379821e+00  2.231997468705829490e+00  2.769621856988874420e+00
107 2141 5.263997e-01 1.116224e+02  1.998906371861630449e+00  2.145366407359649230e+00  2.230919720203667911e+00  2.710422656925907337e+00
108 2161 5.279791e-01 1.115740e+02  1.998906371861630449e+00  2.123997137956063153e+00  2.228770046218101264e+00  2.615650804649902295e+00
109 2181 5.286032e-01 1.115956e+02  1.998906371861630449e+00  2.124657929828316583e+00  2.215572848826153241e+00  3.914448761268580768e+00
110 2201 5.268027e-01 1.115854e+02  1.998906371861630449e+00  2.087875696683087590e+00  2.200010415268458530e+00  2.993974898360370229e+00
111 2221 5.264787e-01 1.115658e+02  1.998906371861630449e+00  2.123179792975060654e+00  2.209767546749066724e+00  2.669892223326998160e+00
112 2241 5.268745e-01 1.115492e+02  1.998906371861630449e+00  2.108354021486092744e+00  2.317438277676593827e+00  2.622656245669211739e+00
113 2261 5.261033e-01 1.116054e+02  1.998906371861630449e+00  2.079679426599860381e+00  2.235833229826066582e+00  2.622926309938948819e+00
114 2281 5.249476e-01 1.116188e+02  1.998906371861630449e+00  2.096842060838817190e+00  2.233806972358911125e+00  2.531123373816689170e+00
115 2301 5.237322e-01 1.116461e+02  1.998906371861630449e+00  2.085411886117802815e+00  2.168599430862236943e+00  2.376568748536862508e+00
116 2321 5.219779e-01 1.116683e+02  1.998906371861630449e+00  2.099563464190919326e+00  2.197749434947262159e+00  2.306923682501479611e+00
117 2341 5.183188e-01 1.115890e+02  1.998906371861630449e+00  2.095911720239737264e+00  2.179835514851731215e+00  3.875532080549468628e+00
118 2361 5.156293e-01 1.116155e+02  1.998906371861630449e+00  2.071962296509059165e+00  2.189661392769985504e+00  2.363535915187377157e+00
119 2381 5.134649e-01 1.116534e+02  1.998906371861630449e+00  2.087635045810846357e+00  2.183382770565381215e+00  3.808335531491162662e+00
120 2401 5.128080e-01 1.116802e+02  1.998906371861630449e+00  2.089153656602723341e+00  2.189451755223986495e+00  2.365065340884669354e+00
121 2421 5.128573e-01 1.116589e+02  1.998906371861630449e+00  2.117450177064488681e+00  2.199010646550656922e+00  2.310729264562718210e+00
122 2441 5.131822e-01 1.116046e+02  1.998906371861630449e+00  2.117534589315535953e+00  2.206250919032044955e+00  2.541548613822279368e+00
123 2461 5.142697e-01 1.116260e+02  1.998906371861630449e+00  2.162446860416279648e+00  2.253521437813496231e+00  3.799261550720299141e+00
124 2481 5.166056e-01 1.116442e+02  1.998906371861630449e+00  2.115791224558029260e+00  2.192200782574741602e+00  2.891415460985140573e+00
125 2501 5.166907e-01 1.116416e+02  1.998906371861630449e+00  2.090449405020409213e+00  2.180545795447143664e+00  2.398993165775450187e+00
126 2521 5.170909e-01 1.117093e+02  1.998906371861630449e+00  2.098754554338901457e+00  2.186723483128581336e+00  2.609064770969764968e+00
127 2541 5.146219e-01 1.116796e+02  1.998906371861630449e+00  2.116892728413265701e+00  2.199973612248926180e+00  2.428255713414195327e+00
128 2561 5.153956e-01 1.117552e+02  1.998906371861630449e+00  2.082921805935926240e+00  2.185489206400069939e+00  3.968123832260868511e+00
129 2581 5.171563e-01 1.116777e+02  1.998906371861630449e+00  2.082498044886602173e+00  2.184290967226817592e+00  3.757722157592839451e+00
130 2601 5.196184e-01 1.116947e+02  1.998906371861630449e+00  2.072871245552009078e+00  2.205110612574804563e+00  3.302114623709791363e+00
131 2621 5.214838e-01 1.117237e+02  1.998906371861630449e+00  2.096940209565013813e+00  2.156192463243890245e+00  2.352735971902554457e+00
132 2641 5.230673e-01 1.117149e+02  1.998906371861630449e+00  2.089872823640439581e+00  2.150940884173316192e+00  2.332600898682053447e+00
133 2661 5.243996e-01 1.117213e+02  1.998906371861630449e+00  2.074434012765350221e+00  2.197509369012143665e+00  2.639144783480106060e+00
134 2681 5.255144e-01 1.117789e+02  1.998906371861630449e+00  2.073744614055201829e+00  2.188738198068414853e+00  2.545677189964337561e+00
135 2701 5.265757e-01 1.117402e+02  1.998906371861630449e+00  2.064939821553881227e+00  2.205280380140760776e+00  2.618472678098870521e+00
136 2721 5.254439e-01 1.117715e+02  1.998906371861630449e+00  2.080502666813535129e+00  2.161562317898833463e+00  2.387260552436021310e+00
137 2741 5.243748e-01 1.117922e+02  1.998906371861630449e+00  2.085131826483913819e+00  2.209337114412108782e+00  2.679329569751362161e+00
138 2761 5.258835e-01 1.118403e+02  1.998906371861630449e+00  2.093086468981477655e+00  2.192252850319640789e+00  2.398644567674619310e+00
139 2781 5.246080e-01 1.118181e+02  1.998906371861630449e+00  2.078176543861033121e+00  2.169407586857275749e+00  2.422769918034465064e+00
140 2801 5.214892e-01 1.117972e+02  1.998906371861630449e+00  2.067084594448461043e+00  2.160428996410220126e+00  2.351527832344461721e+00
141 2821 5.190476e-01 1.116534e+02  1.998906371861630449e+00  2.091554775603787331e+00  2.174837445282275183e+00  2.692492815291138264e+00
142 2841 5.155186e-01 1.116369e+02  1.998906371861630449e+00  2.103258506955491214e+00  2.150306987428833416e+00  2.361466254771674489e+00
143 2861 5.140827e-01 1.116804e+02  1.998906371861630449e+00  2.092790700999615616e+00  2.280034028824285741e+00  2.704799140946022362e+00
144 2881 5.134418e-01 1.116940e+02  1.998906371861630449e+00  2.074069585876085586e+00  2.172289154814426304e+00  2.464584082992991476e+00
145 2901 5.150589e-01 1.117894e+02  1.998906371861630449e+00  2.087128745202988522e+00  2.205337533706763775e+00  2.639682608124503282e+00
146 2921 5.170146e-01 1.118291e+02  1.998906371861630449e+00  2.124706281814637165e+00  2.204780628538806297e+00  2.783140106884383069e+00
147 2941 5.168464e-01 1.118648e+02  1.998906371861630449e+00  2.105603794908212478e+00  2.177005911778363334e+00  2.861456864637740516e+00
148 2961 5.158532e-01 1.118884e+02  1.998906371861630449e+00  2.094714999476974260e+00  2.200994932674942728e+00  2.349963196622229855e+00
149 2981 5.141230e-01 1.119327e+02  1.998906371861630449e+00  2.099930236828294383e+00  2.160475917538997148e+00  2.686840887827244284e+00
150 3001 5.118002e-01 1.119637e+02  1.998906371861630449e+00  2.118888444901732893e+00  2.200755657181360903e+00  3.898052720509760594e+00
151 3021 5.078660e-01 1.120114e+02  1.998906371861630449e+00  2.078399412875626684e+00  2.175422622418027530e+00  2.388927817093722705e+00
152 3041 5.017905e-01 1.119792e+02  1.998906371861630449e+00  2.086080215556024076e+00  2.186617085735828248e+00  2.522549966397195309e+00
153 3061 4.990910e-01 1.120424e+02  1.998906371861630449e+00  2.096875991502496817e+00  2.169044732971875611e+00  2.315300448982956727e+00
154 3081 4.986309e-01 1.120087e+02  1.998906371861630449e+00  2.144621084032187763e+00  2.191602460271401487e+00  2.730327251797273647e+00
155 3101 4.965853e-01 1.120060e+02  1.998906371861630449e+00  2.079365476110566213e+00  2.186409651535378806e+00  2.326102327218369403e+00
156 3121 4.934217e-01 1.120314e+02  1.998906371861630449e+00  2.102374145059345611e+00  2.170484691480388584e+00  2.785680944013544824e+00
157 3141 4.882510e-01 1.120936e+02  1.998906371861630449e+00  2.112339064145384526e+00  2.180406551977539742e+00  2.649855559774608516e+00
158 3161 4.849337e-01 1.121317e+02  1.998906371861630449e+00  2.081754674479219247e+00  2.212731452509328456e+00  2.658364663704286368e+00
159 3181 4.845647e-01 1.121305e+02  1.998906371861630449e+00  2.075312190604726936e+00  2.203646345003229090e+00  2.426144392126543536e+00
160 3201 4.857388e-01 1.121315e+02  1.998906371861630449e+00  2.093469471489289635e+00  2.152032429490097876e+00  2.434493643929134699e+00
161 3221 4.866644e-01 1.121079e+02  1.998906371861630449e+00  2.083195991549964265e+00  2.181835669102957453e+00  2.433758083730606536e+00
162 3241 4.881370e-01 1.120941e+02  1.998906371861630449e+00  2.093698483317376624e+00  2.185153913160828409e+00  2.573235969453576022e+00
163 3261 4.892335e-01 1.121775e+02  1.998906371861630449e+00  2.106209921293136222e+00  2.179184796689741077e+00  2.610121997562776741e+00
164 3281 4.907875e-01 1.121413e+02  1.998906371861630449e+00  2.076423580260720936e+00  2.165062134843114272e+00  2.720222546202132996e+00
165 3301 4.942631e-01 1.120967e+02  1.998906371861630449e+00  2.086632395823535102e+00  2.152836070744586383e+00  2.576149177953832137e+00
166 3321 4.966003e-01 1.121695e+02  1.998906371861630449e+00  2.110987581827308723e+00  2.175654753071450287e+00  3.765855162402576450e+00
167 3341 4.987826e-01 1.121160e+02  1.998906371861630449e+00  2.106441432756728460e+00  2.192338096978587281e+00  2.434835108480541521e+00
168 3361 4.980223e-01 1.121252e+02  1.998906371861630449e+00  2.110393897937001828e+00  2.167212254958066353e+00  2.322635962489015160e+00
169 3381 4.974637e-01 1.121149e+02  1.998906371861630449e+00  2.073603122740566018e+00  2.175305910542737919e+00  2.301241681958832608e+00
170 3401 4.959205e-01 1.121009e+02  1.998906371861630449e+00  2.067071239625056123e+00  2.124237747489226891e+00  2.611511405432799915e+00
171 3421 4.964114e-01 1.119696e+02  1.998906371861630449e+00  2.115460637719217551e+00  2.191534506411072059e+00  2.470127805220704964e+00
172 3441 4.967509e-01 1.120195e+02  1.998906371861630449e+00  2.088390978207334658e+00  2.180800759247949472e+00  2.602771673280073195e+00
173 3461 4.971847e-01 1.120089e+02  1.998906371861630449e+00  2.093745807252404223e+00  2.181046933631761497e+00  2.619218341434056629e+00
174 3481 4.961042e-01 1.120245e+02  1.998906371861630449e+00  2.104450007183775284e+00  2.165542636887708650e+00  3.019154115470586763e+00
175 3501 4.949753e-01 1.120953e+02  1.998906371861630449e+00  2.083929338898469208e+00  2.174880938495813432e+00  2.684034627781939797e+00
176 3521 4.918039e-01 1.120839e+02  1.998906371861630449e+00  2.067654415344480689e+00  2.154982245425901777e+00  2.548609146880174592e+00
177 3541 4.902028e-01 1.120693e+02  1.998906371861630449e+00  2.100391563538362760e+00  2.163612514969860179e+00  2.501208693828722573e+00
178 3561 4.879336e-01 1.120607e+02  1.998906371861630449e+00  2.116622259695299935e+00  2.174580791907254618e+00  2.548000617238842747e+00
179 3581 4.862871e-01 1.120520e+02  1.998906371861630449e+00  2.089680021494066064e+00  2.154329773286201455e+00  2.517517421902369712e+00
180 3601 4.837647e-01 1.120229e+02  1.998906371861630449e+00  2.085235824040184482e+00  2.178704188934666330e+00  2.569040464524255274e+00
181 3621 4.818812e-01 1.120755e+02  1.998906371861630449e+00  2.108008442499469393e+00  2.154977363832041970e+00  2.546577432008721331e+00
182 3641 4.812446e-01 1.120745e+02  1.998906371861630449e+00  2.063300619614400588e+00  2.140253008028600856e+00  2.379160846705027144e+00
183 3661 4.813186e-01 1.120681e+02  1.998906371861630449e+00  2.085075171407208661e+00  2.199968836571719599e+00  2.737287380979150697e+00
184 3681 4.807680e-01 1.120601e+02  1.998906371861630449e+00  2.098449039949609851e+00  2.137845499988637155e+00  3.936641243037030335e+00
185 3701 4.778059e-01 1.120475e+02  1.998906371861630449e+00  2.063661934631161099e+00  2.162250400426559693e+00  2.466125208187701201e+00
186 3721 4.759677e-01 1.120316e+02  1.998906371861630449e+00  2.084252120695100352e+00  2.175350116389789257e+00  3.821779557694360285e+00
187 3741 4.747934e-01 1.119953e+02  1.998906371861630449e+00  2.085455288566024024e+00  2.164812317143431475e+00  2.683573533826736579e+00
188 3761 4.739523e-01 1.119476e+02  1.998906371861630449e+00  2.107001502527034997e+00  2.171777362234523778e+00  2.345503751242244306e+00
189 3781 4.726796e-01 1.120225e+02  1.998906371861630449e+00  2.083406753114796395e+00  2.148387399026142397e+00  2.616196179883849116e+00
190 3801 4.695935e-01 1.120199e+02  1.998906371861630449e+00  2.106598095068835885e+00  2.162110142282202219e+00  3.865911681095401065e+00
191 3821 4.662845e-01 1.120561e+02  1.998906371861630449e+00  2.085600009043523606e+00  2.162454773777523265e+00  3.465652542525825552e+00
192 3841 4.646876e-01 1.120956e+02  1.998906371861630449e+00  2.066487739899091736e+00  2.153209414255288223e+00  3.805254250911334069e+00
193 3861 4.614026e-01 1.121069e+02  1.998906371861630449e+00  2.105480320573247077e+00  2.176681846687242405e+00  2.229018981075408412e+00
194 3881 4.569582e-01 1.120834e+02  1.998906371861630449e+00  2.107212314516409446e+00  2.169821840713692218e+00  2.568801923403641219e+00
195 3901 4.537102e-01 1.121167e+02  1.998906371861630449e+00  2.091426655505607357e+00  2.175462248439692381e+00  2.589928098548560431e+00
196 3921 4.515272e-01 1.121178e+02  1.998906371861630449e+00  2.081721553630380583e+00  2.173627963385114548e+00  3.821426904724918305e+00
197 3941 4.500843e-01 1.121141e+02  1.998906371861630449e+00  2.064112512765869045e+00  2.138446960384791318e+00  2.174803047509613840e+00
198 3961 4.488891e-01 1.121657e+02  1.998906371861630449e+00  2.069038001329742915e+00  2.124637443574287410e+00  2.556823445818714013e+00
199 3981 4.483078e-01 1.121488e+02  1.998906371861630449e+00  2.068239706898238772e+00  2.129096592292627044e+00  2.528450442844402790e+00
200 4001 4.458192e-01 1.121701e+02  1.998906371861630449e+00  2.066825232105414578e+00  2.136967573892624372e+00  2.482493830180318106e+00
201 4021 4.420257e-01 1.121935e+02  1.998906371861630449e+00  2.068614022361560334e+00  2.162321543718623396e+00  2.227651807807149886e+00
202 4041 4.379001e-01 1.121926e+02  1.998906371861630449e+00  2.061728702704892946e+00  2.126790445244771455e+00  2.655455304554970031e+00
203 4061 4.343560e-01 1.121850e+02  1.998906371861630449e+00  2.077255402717555377e+00  2.158587569883581914e+00  2.514805366170276280e+00
204 4081 4.319290e-01 1.122540e+02  1.998906371861630449e+00  2.072832257161157710e+00  2.129291817300571488e+00  3.783366844530619222e+00
205 4101 4.296566e-01 1.122939e+02  1.998906371861630449e+00  2.088863042484478516e+00  2.139617783099450499e+00  2.298994214352082732e+00
206 4121 4.266451e-01 1.123149e+02  1.998906371861630449e+00  2.075908277015554138e+00  2.131493791411757321e+00  2.277205974756860041e+00
207 4141 4.244596e-01 1.123903e+02  1.998906371861630449e+00  2.071729045675348768e+00  2.148631284485184700e+00  2.632793088970583284e+00
208 4161 4.219757e-01 1.124576e+02  1.998906371861630449e+00  2.060062728824902489e+00  2.128201011888305239e+00  2.661290539424579826e+00
209 4181 4.211113e-01 1.124612e+02  1.998906371861630449e+00  2.079260212265410246e+00  2.119419267013350705e+00  2.286294279506785543e+00
210 4201 4.186346e-01 1.125366e+02  1.998906371861630449e+00  2.068101818264997505e+00  2.134324103099278780e+00  2.400342692271868472e+00
211 4221 4.163819e-01 1.125123e+02  1.998906371861630449e+00  2.059598578451204531e+00  2.102669329044575264e+00  2.647283493808440635e+00
212 4241 4.113716e-01 1.125120e+02  1.998906371861630449e+00  2.047596573262144393e+00  2.113155998334317331e+00  2.226939638735777383e+00
213 4261 4.063570e-01 1.125444e+02  1.998906371861630449e+00  2.069271012619222638e+00  2.113267886106970472e+00  2.286038366003757982e+00
214 4281 4.020769e-01 1.124360e+02  1.998906371861630449e+00  2.049654560208653553e+00  2.130245855422620238e+00  2.569666254674435546e+00
215 4301 4.002851e-01 1.124427e+02  1.998906371861630449e+00  2.052514559223668655e+00  2.134959741359510499e+00  2.265098874740408164e+00
216 4321 4.001766e-01 1.124740e+02  1.998906371861630449e+00  2.058950776008942274e+00  2.104660414816122316e+00  3.857936140273431125e+00
217 4341 4.014928e-01 1.124985e+02  1.998906371861630449e+00  2.065042356137977375e+00  2.098385840506363564e+00  2.217563418871389747e+00
218 4361 4.033806e-01 1.125326e+02  1.998906371861630449e+00  2.072699638124110511e+00  2.127973692354049096e+00  2.442891959034866112e+00
219 4381 4.049881e-01 1.125679e+02  1.998906371861630449e+00  2.054312263303322172e+00  2.130636962239626619e+00  3.858728068257068600e+00
220 4401 4.057424e-01 1.125852e+02  1.998906371861630449e+00  2.054123330546284265e+00  2.146718216349527975e+00  2.217424796767373252e+00
221 4421 4.058661e-01 1.125711e+02  1.998906371861630449e+00  2.056329857664239924e+00  2.127343048083490729e+00  2.412268973934245331e+00
222 4441 4.050686e-01 1.125779e+02  1.998906371861630449e+00  2.071335343116624816e+00  2.123036606134010462e+00  2.540473963270723168e+00
223 4461 4.037192e-01 1.125477e+02  1.998906371861630449e+00  2.063841369629309419e+00  2.109160132837085477e+00  3.795811746339397885e+00
224 4481 4.016609e-01 1.125116e+02  1.998906371861630449e+00  2.048485228596735652e+00  2.118611351348814509e+00  2.193035881953348198e+00
225 4501 4.011439e-01 1.125511e+02  1.998906371861630449e+00  2.073905723513216781e+00  2.103605083438976564e+00  2.516297054285900892e+00
226 4521 3.996149e-01 1.125918e+02  1.998906371861630449e+00  2.050329993475800805e+00  2.123903211204311248e+00  3.775410314542072765e+00
227 4541 3.980277e-01 1.126282e+02  1.998906371861630449e+00  2.055873338279126106e+00  2.121254927605149554e+00  2.584367973214797942e+00
228 4561 3.957340e-01 1.127123e+02  1.998906371861630449e+00  2.080435066851660686e+00  2.128655664391711166e+00  2.187353114154182432e+00
229 4581 3.950607e-01 1.127021e+02  1.998906371861630449e+00  2.065396787094599507e+00  2.117510446775993316e+00  2.241260952044731969e+00
230 4601 3.924785e-01 1.127479e+02  1.998906371861630449e+00  2.046707045331538133e+00  2.138608868623772530e+00  3.793547349527196300e+00
231 4621 3.887216e-01 1.127128e+02  1.998906371861630449e+00  2.073163104829141012e+00  2.114267385691646517e+00  2.640915836531749328e+00
232 4641 3.869045e-01 1.127577e+02  1.998906371861630449e+00  2.069937284698509572e+00  2.125119593132767104e+00  3.814644795976955827e+00
233 4661 3.846388e-01 1.128298e+02  1.998906371861630449e+00  2.065302161946325210e+00  2.117938995747831399e+00  2.225814774477146152e+00
234 4681 3.819831e-01 1.128289e+02  1.998906371861630449e+00  2.064115007341616348e+00  2.095711015795231003e+00  2.508303470840177241e+00
235 4701 3.803849e-01 1.128474e+02  1.998906371861630449e+00  2.075026407271759243e+00  2.098935447428849521e+00  2.725299187500671128e+00
236 4721 3.778709e-01 1.128724e+02  1.998906371861630449e+00  2.052067869017547785e+00  2.109526517226381515e+00  2.554386456868840138e+00
237 4741 3.753886e-01 1.128944e+02  1.998906371861630449e+00  2.064332043308483300e+00  2.108341130937684937e+00  2.205548914003691685e+00
238 4761 3.709752e-01 1.129141e+02  1.998906371861630449e+00  2.045615210964366604e+00  2.108476189740970952e+00  2.630850208612710794e+00
239 4781 3.674283e-01 1.129254e+02  1.998906371861630449e+00  2.056199372571295036e+00  2.101559481764729398e+00  2.305502549061056783e+00
240 4801 3.620188e-01 1.129100e+02  1.998906371861630449e+00  2.042108357112501160e+00  2.120556065222790387e+00  2.277830655109779556e+00
241 4821 3.554314e-01 1.129086e+02  1.998906371861630449e+00  2.043568388461471486e+00  2.086409362737144502e+00  2.553020661943340208e+00
242 4841 3.503542e-01 1.129626e+02  1.998906371861630449e+00  2.040716226626722030e+00  2.105854926609984190e+00  2.182204975170856986e+00
243 4861 3.468495e-01 1.129649e+02  1.998906371861630449e+00  2.052042283648855214e+00  2.095405447526666798e+00  2.477473275336011582e+00
244 4881 3.437464e-01 1.130825e+02  1.998906371861630449e+00  2.045921476611039402e+00  2.113659862569135406e+00  2.556298674209581456e+00
245 4901 3.417181e-01 1.131143e+02  1.998906371861630449e+00  2.044976382104993995e+00  2.085403152216034783e+00  2.273029730497650558e+00
246 4921 3.402793e-01 1.131995e+02  1.998906371861630449e+00  2.051545814450770333e+00  2.089243275497365104e+00  2.620663905853580111e+00
247 4941 3.369042e-01 1.131932e+02  1.998906371861630449e+00  2.043286521590902627e+00  2.089260164197185965e+00  3.335846710166177953e+00
248 4961 3.329570e-01 1.132262e+02  1.998906371861630449e+00  2.042970795474881474e+00  2.076666241610339192e+00  2.164764596230900562e+00
249 4981 3.290942e-01 1.131654e+02  1.998906371861630449e+00  2.035265888328184669e+00  2.087215392675819459e+00  2.189196106459970093e+00
250 5001 3.246293e-01 1.131257e+02  1.998906371861630449e+00  2.054587419109089819e+00  2.085681170428458131e+00  2.524176048569604092e+00
251 5021 3.226973e-01 1.132753e+02  1.998906371861630449e+00  2.042279528241124797e+00  2.073592576783962471e+00  4.187828242159412184e+00
252 5041 3.200014e-01 1.131774e+02  1.998906371861630449e+00  2.043663691563723184e+00  2.096935530559137284e+00  2.347592635592438359e+00
253 5061 3.182620e-01 1.131851e+02  1.998906371861630449e+00  2.039682895974920029e+00  2.087591296888167580e+00  3.744221629023567921e+00
254 5081 3.168830e-01 1.131835e+02  1.998906371861630449e+00  2.034479556259018107e+00  2.069767389016137216e+00  2.119328644393426941e+00
255 5101 3.154300e-01 1.131887e+02  1.998906371861630449e+00  2.045597551277172244e+00  2.074179694030656051e+00  2.630666665061989207e+00
256 5121 3.136354e-01 1.131809e+02  1.998906371861630449e+00  2.041075836212965289e+00  2.072676039037467000e+00  2.582265697184083386e+00
257 5141 3.119751e-01 1.131721e+02  1.998906371861630449e+00  2.031488585521272761e+00  2.070746841256033477e+00  2.114520108477746074e+00
258 5161 3.096099e-01 1.131929e+02  1.998906371861630449e+00  2.033226115510573528e+00  2.054899055089189019e+00  2.146414477367857732e+00
259 5181 3.079566e-01 1.132468e+02  1.998906371861630449e+00  2.033830839888004505e+00  2.087393175459536732e+00  2.196268579899503415e+00
260 5201 3.048546e-01 1.132269e+02  1.998906371861630449e+00  2.028330221856041060e+00  2.068356524521596462e+00  3.720827352250432707e+00
261 5221 3.008901e-01 1.132519e+02  1.998906371861630449e+00  2.030130586324100594e+00  2.063754660103210625e+00  3.774061212322707970e+00
262 5241 2.984342e-01 1.131364e+02  1.998906371861630449e+00  2.030184882081625286e+00  2.062080337669723207e+00  2.335993295613572052e+00
263 5261 2.974365e-01 1.131510e+02  1.998906371861630449e+00  2.037218426439976415e+00  2.073693982055680785e+00  2.149144383221828214e+00
264 5281 2.960674e-01 1.131408e+02  1.998906371861630449e+00  2.033145177645153900e+00  2.074223346704378468e+00  2.562380512147359735e+00
265 5301 2.953321e-01 1.131459e+02  1.998906371861630449e+00  2.039647731639180339e+00  2.094788859103795531e+00  2.539494535716943169e+00
266 5321 2.947785e-01 1.131768e+02  1.998906371861630449e+00  2.040878654949286553e+00  2.075299557630828851e+00  2.545817751041424604e+00
267 5341 2.934449e-01 1.132213e+02  1.998906371861630449e+00  2.036997559523485712e+00  2.084419382647625163e+00  2.580484250704763838e+00
268 5361 2.932236e-01 1.132275e+02  1.998906371861630449e+00  2.035310090329074839e+00  2.069857446554912439e+00  2.126932210112237875e+00
269 5381 2.930440e-01 1.131197e+02  1.998906371861630449e+00  2.038166804765662921e+00  2.056645593994603338e+00  2.103930289893967576e+00
270 5401 2.936024e-01 1.130481e+02  1.998906371861630449e+00  2.034427405705358183e+00  2.074525605603921186e+00  3.745486807616284164e+00
271 5421 2.947291e-01 1.130701e+02  1.998906371861630449e+00  2.033631926799067013e+00  2.067265934150807283e+00  3.753020346811177799e+00
272 5441 2.968796e-01 1.130495e+02  1.998906371861630449e+00  2.029006620890936752e+00  2.070870357832506947e+00  3.726262400682001985e+00
273 5461 2.989742e-01 1.130448e+02  1.998906371861630449e+00  2.034497715380800820e+00  2.066242922731040821e+00  2.639947877863522141e+00
274 5481 2.990183e-01 1.130502e+02  1.998906371861630449e+00  2.031830639335534539e+00  2.064355806660135961e+00  2.151072541596296794e+00
275 5501 2.988135e-01 1.130677e+02  1.998906371861630449e+00  2.039394068584106545e+00  2.081602239863665993e+00  2.547489703426589980e+00
276 5521 2.981001e-01 1.131738e+02  1.998906371861630449e+00  2.036540898032531910e+00  2.071553448989149615e+00  2.714368213571080268e+00
277 5541 2.978438e-01 1.131659e+02  1.998906371861630449e+00  2.039057981435541844e+00  2.061554417525657268e+00  2.608439631505042211e+00
278 5561 2.976603e-01 1.131316e+02  1.998906371861630449e+00  2.041923820902869391e+00  2.070377987723166946e+00  3.722496037088885767e+00
279 5581 2.981774e-01 1.131388e+02  1.998906371861630449e+00  2.049454235968749316e+00  2.083220383056871405e+00  2.536958421021064058e+00
280 5601 2.975788e-01 1.131429e+02  1.998906371861630449e+00  2.037888160166570373e+00  2.080680945825234662e+00  2.121046306037376539e+00
281 5621 2.967476e-01 1.131814e+02  1.998906371861630449e+00  2.050288144461686279e+00  2.077535056947192871e+00  3.726028393263757899e+00
282 5641 2.951839e-01 1.131540e+02  1.998906371861630449e+00  2.036892152950591672e+00  2.086365423474561887e+00  2.152206405393077837e+00
283 5661 2.940112e-01 1.130588e+02  1.998906371861630449e+00  2.046221325460294338e+00  2.069100408052676698e+00  2.201017462876568853e+00
284 5681 2.936208e-01 1.130200e+02  1.998906371861630449e+00  2.052946887631309281e+00  2.068009400015290655e+00  2.532956922031651903e+00
285 5701 2.941457e-01 1.130273e+02  1.998906371861630449e+00  2.043537628523496963e+00  2.071657905830232682e+00  2.513234459749613237e+00
286 5721 2.944615e-01 1.130044e+02  1.998906371861630449e+00  2.046998346429508508e+00  2.069029798660971142e+00  2.572004705086168741e+00
287 5741 2.930622e-01 1.130337e+02  1.998906371861630449e+00  2.038662923898824531e+00  2.066601690006943493e+00  2.528662473549426082e+00
288 5761 2.898097e-01 1.130135e+02  1.998906371861630449e+00  2.040864460321537788e+00  2.072050456081258929e+00  2.144356482300207478e+00
289 5781 2.872926e-01 1.130639e+02  1.998906371861630449e+00  2.042556642825904767e+00  2.066447637303649998e+00  2.518128098225917544e+00
290 5801 2.844145e-01 1.130222e+02  1.998906371861630449e+00  2.040673609909743558e+00  2.069330971061419611e+00  2.142791262053969970e+00
291 5821 2.814375e-01 1.130656e+02  1.998906371861630449e+00  2.030388928893283040e+00  2.066774569420379848e+00  2.172758358668443357e+00
292 5841 2.776932e-01 1.130332e+02  1.998906371861630449e+00  2.037706934263737057e+00  2.056182795772083516e+00  3.723430826901415802e+00
293 5861 2.750515e-01 1.130249e+02  1.998906371861630449e+00  2.033381933089305704e+00  2.068253119358303138e+00  3.760728551135835040e+00
294 5881 2.732964e-01 1.130803e+02  1.998906371861630449e+00  2.042618243283960577e+00  2.062333393897457512e+00  2.626386906545902900e+00
295 5901 2.706404e-01 1.131092e+02  1.998906371861630449e+00  2.039654469287631056e+00  2.056102674652848350e+00  2.207918707227390698e+00
296 5921 2.693367e-01 1.131373e+02  1.998906371861630449e+00  2.038078480271106052e+00  2.062635666687302916e+00  2.522653107872357303e+00
297 5941 2.687160e-01 1.131510e+02  1.998906371861630449e+00  2.037042724575304220e+00  2.065238946978476875e+00  2.123366070480078527e+00
298 5961 2.675026e-01 1.131717e+02  1.998906371861630449e+00  2.034973766475375978e+00  2.062525116917402812e+00  2.116277657110477328e+00
299 5981 2.656437e-01 1.132112e+02  1.998906371861630449e+00  2.033964513077829661e+00  2.061335028472673692e+00  2.528739079035700943e+00
300 6001 2.627633e-01 1.132088e+02  1.998906371861630449e+00  2.034233593503747439e+00  2.065905357352264105e+00  2.530222716674916494e+00
