%  columns="iteration, evaluation, sigma, axis ratio, bestever, best, median, worst fitness function value, further objective values of best" (startseed=212505, 2017/08/1 19:55:25.06)
1 21 1.605432e+00 3.361625e+01  2.002873193119175443e+00  2.278763735003293878e+00  2.780534666985714942e+00  4.371991993621965555e+00
2 41 1.551283e+00 3.362435e+01  2.002873193119175443e+00  2.483802655344039323e+00  2.861429832997859801e+00  3.558377425463637778e+00
3 61 1.505479e+00 3.363423e+01  2.002873193119175443e+00  2.166834076463884262e+00  2.797805570420822896e+00  3.748223430543437207e+00
4 81 1.458400e+00 3.363763e+01  2.002873193119175443e+00  2.162310972195224501e+00  2.825352446223822867e+00  3.532097378366930496e+00
5 101 1.419091e+00 3.364386e+01  2.002873193119175443e+00  2.041263224299387780e+00  2.617065900426136515e+00  3.871308085350811723e+00
6 121 1.391866e+00 3.362262e+01  2.002873193119175443e+00  2.231247077922194233e+00  2.863193520342095511e+00  3.497890954102588434e+00
7 141 1.376675e+00 3.364494e+01  1.976459966067750651e+00  1.976459966067750651e+00  2.508357875997245134e+00  3.332085245895294534e+00
8 161 1.368867e+00 3.362959e+01  1.907958161766748928e+00  1.907958161766748928e+00  2.376666097564459790e+00  2.986486612846415145e+00
9 181 1.358415e+00 3.363639e+01  1.907958161766748928e+00  2.027987591374313503e+00  2.476271224486145783e+00  3.354950949429543972e+00
10 201 1.344123e+00 3.363810e+01  1.907958161766748928e+00  2.236802381046458787e+00  2.633297893899612774e+00  3.153929422101431346e+00
11 221 1.327671e+00 3.361834e+01  1.907958161766748928e+00  2.022555417783943099e+00  2.510650442225244028e+00  3.606442477501271782e+00
12 241 1.309458e+00 3.361237e+01  1.907958161766748928e+00  2.133639603787880645e+00  2.362254750573060669e+00  2.935696445270788324e+00
13 261 1.287477e+00 3.361082e+01  1.907958161766748928e+00  2.097775448629629391e+00  2.447708234475799660e+00  3.274928075587766330e+00
14 281 1.269727e+00 3.361410e+01  1.907958161766748928e+00  2.227732899623599661e+00  2.477399574251308856e+00  3.319776257597061075e+00
15 301 1.254302e+00 3.360816e+01  1.907958161766748928e+00  2.076027084627250385e+00  2.454318989066577750e+00  2.946153492963643927e+00
16 321 1.244568e+00 3.360303e+01  1.907958161766748928e+00  2.033863463972478858e+00  2.426902574681524705e+00  2.863289905869170759e+00
17 341 1.239750e+00 3.362965e+01  1.907958161766748928e+00  2.011403345046245406e+00  2.385849086856364654e+00  3.520658357484369283e+00
18 361 1.239999e+00 3.362697e+01  1.907958161766748928e+00  2.152841696530633175e+00  2.408893969350126341e+00  2.760716838757312885e+00
19 381 1.237969e+00 3.362039e+01  1.907958161766748928e+00  2.074782205029532367e+00  2.467740110807794984e+00  3.078347743730983410e+00
20 401 1.235709e+00 3.361341e+01  1.907958161766748928e+00  2.034832996769558644e+00  2.337546470725146985e+00  2.765564762641526286e+00
21 421 1.227079e+00 3.356888e+01  1.907958161766748928e+00  2.146354673534434099e+00  2.413370242206116956e+00  3.207279230949528159e+00
22 441 1.216064e+00 3.356265e+01  1.907958161766748928e+00  2.090935146855139593e+00  2.407853814070429088e+00  3.643723189964387821e+00
23 461 1.207055e+00 3.354291e+01  1.907958161766748928e+00  2.168943658824431076e+00  2.509663191174077213e+00  3.094657453246786538e+00
24 481 1.201480e+00 3.354974e+01  1.907958161766748928e+00  2.183372099133259692e+00  2.458367497938438007e+00  2.917309597386458009e+00
25 501 1.200433e+00 3.356176e+01  1.907958161766748928e+00  2.082615625534019799e+00  2.438736396089987934e+00  2.792446177563304932e+00
26 521 1.199245e+00 3.356258e+01  1.907958161766748928e+00  2.124550784419393601e+00  2.425147153035329239e+00  3.211210257273882096e+00
27 541 1.203017e+00 3.355778e+01  1.907958161766748928e+00  2.081537800876157807e+00  2.381998741109624174e+00  3.499304547375773566e+00
28 561 1.210906e+00 3.355206e+01  1.907958161766748928e+00  2.020840342004203372e+00  2.399910823981604491e+00  2.805597807713856362e+00
29 581 1.217812e+00 3.356581e+01  1.907958161766748928e+00  2.122020397750396192e+00  2.443914182997387385e+00  3.659575074473998768e+00
30 601 1.221307e+00 3.356795e+01  1.907958161766748928e+00  2.156732804139510851e+00  2.441607360245172664e+00  2.761074107087263751e+00
31 621 1.230089e+00 3.356771e+01  1.907958161766748928e+00  2.104623819598045120e+00  2.398063735797479890e+00  3.108098064299595009e+00
32 641 1.240259e+00 3.359169e+01  1.907958161766748928e+00  2.074275469556342344e+00  2.381834075663556760e+00  3.161934175578013484e+00
33 661 1.243991e+00 3.361943e+01  1.907958161766748928e+00  2.120990375920353888e+00  2.488931070171742643e+00  3.477182336138151530e+00
34 681 1.243771e+00 3.363306e+01  1.907958161766748928e+00  2.043870624146667314e+00  2.445472464711345939e+00  3.195172468276609390e+00
35 701 1.250075e+00 3.363839e+01  1.907958161766748928e+00  2.050011962315583691e+00  2.425523333059602660e+00  2.967890410930045686e+00
36 721 1.255637e+00 3.361602e+01  1.907958161766748928e+00  2.235233075034053218e+00  2.413007922906238001e+00  2.809707203528596153e+00
37 741 1.268165e+00 3.360802e+01  1.907958161766748928e+00  2.120634635062254691e+00  2.513366124402036661e+00  2.968125190073840791e+00
38 761 1.274355e+00 3.360648e+01  1.907958161766748928e+00  2.171571674011997910e+00  2.543685036051127391e+00  3.199031056948106411e+00
39 781 1.286510e+00 3.360120e+01  1.907958161766748928e+00  2.246257698078562903e+00  2.552409150496074641e+00  3.011682987754949359e+00
40 801 1.293126e+00 3.360955e+01  1.907958161766748928e+00  2.063276129762204203e+00  2.446630212523125625e+00  3.280229186053650992e+00
41 821 1.292295e+00 3.361642e+01  1.907958161766748928e+00  2.077626945041186612e+00  2.343754747208175004e+00  2.993990501345064281e+00
42 841 1.297686e+00 3.361168e+01  1.907958161766748928e+00  2.094032179127611304e+00  2.480904462933619659e+00  3.397512484427750667e+00
43 861 1.302166e+00 3.362344e+01  1.907958161766748928e+00  2.050082067483152581e+00  2.452980488676450577e+00  2.863206003551829859e+00
44 881 1.297536e+00 3.362577e+01  1.907958161766748928e+00  2.211710144427873725e+00  2.616070384895217149e+00  2.963806973833317038e+00
45 901 1.289959e+00 3.358252e+01  1.907958161766748928e+00  2.108484159842569650e+00  2.470196104412791804e+00  3.237546604553915408e+00
46 921 1.284181e+00 3.359434e+01  1.907958161766748928e+00  2.122255160693295117e+00  2.460234029009034984e+00  3.041677953957190095e+00
47 941 1.279961e+00 3.358861e+01  1.907958161766748928e+00  2.201166734312132611e+00  2.426919107009067211e+00  3.123524114320658462e+00
48 961 1.268127e+00 3.358457e+01  1.907958161766748928e+00  2.109140123224167329e+00  2.383640606564611630e+00  3.252767416272685175e+00
49 981 1.261684e+00 3.359791e+01  1.907958161766748928e+00  2.160285048992425239e+00  2.401382172392099612e+00  2.858886731666133940e+00
50 1001 1.261269e+00 3.361242e+01  1.907958161766748928e+00  2.059952366174643945e+00  2.563123056957958390e+00  3.682459046186139506e+00
51 1021 1.257495e+00 3.365165e+01  1.907958161766748928e+00  2.111553951611188307e+00  2.533494417206941129e+00  3.492393778268441995e+00
52 1041 1.248757e+00 3.365706e+01  1.907958161766748928e+00  2.118579605694738799e+00  2.446504175030174810e+00  3.671382672756940746e+00
53 1061 1.245424e+00 3.366391e+01  1.907958161766748928e+00  2.249341222188001144e+00  2.503845289621741799e+00  2.846385243458158687e+00
54 1081 1.241261e+00 3.366122e+01  1.907958161766748928e+00  2.190784908016635057e+00  2.568607666143583046e+00  2.842978135147684604e+00
55 1101 1.236152e+00 3.367638e+01  1.907958161766748928e+00  2.142169928645092813e+00  2.439551772381626016e+00  2.929998883720597913e+00
56 1121 1.235116e+00 3.371104e+01  1.907958161766748928e+00  2.083823933566689934e+00  2.383979445661696950e+00  3.170304155511911137e+00
57 1141 1.235778e+00 3.372110e+01  1.907958161766748928e+00  2.044047718188930052e+00  2.447227837986163390e+00  3.484634830448666953e+00
58 1161 1.238128e+00 3.377369e+01  1.907958161766748928e+00  2.120732345868833857e+00  2.368739031918863702e+00  2.729074379154509788e+00
59 1181 1.241236e+00 3.377540e+01  1.907958161766748928e+00  2.092307890294565986e+00  2.327131209802070000e+00  7.423415392074657504e+00
60 1201 1.241844e+00 3.381939e+01  1.907958161766748928e+00  2.021898166481470582e+00  2.339077424764998803e+00  3.069738126144431423e+00
61 1221 1.235345e+00 3.384696e+01  1.907958161766748928e+00  2.123320846824255259e+00  2.348754582605347530e+00  2.844212249525883696e+00
62 1241 1.220389e+00 3.386641e+01  1.907958161766748928e+00  2.055498992255050172e+00  2.384945423397561104e+00  2.875709219520447668e+00
63 1261 1.206059e+00 3.387892e+01  1.907958161766748928e+00  2.159385156294496344e+00  2.391860891209244500e+00  2.928580435955926653e+00
64 1281 1.196232e+00 3.389928e+01  1.907958161766748928e+00  2.151632586749474996e+00  2.347026327071901619e+00  2.901233880162056522e+00
65 1301 1.189205e+00 3.390380e+01  1.907958161766748928e+00  1.979965362679308116e+00  2.418881950842222128e+00  2.886068775207241366e+00
66 1321 1.181123e+00 3.390230e+01  1.907958161766748928e+00  2.095508425663030749e+00  2.330192610418361010e+00  2.675870156145788492e+00
67 1341 1.174585e+00 3.390275e+01  1.907958161766748928e+00  2.049553382873638974e+00  2.388264311699069609e+00  2.714923378613985250e+00
68 1361 1.170294e+00 3.389526e+01  1.907958161766748928e+00  2.096126871674070635e+00  2.389438076413576528e+00  2.793744953158922240e+00
69 1381 1.167754e+00 3.389817e+01  1.907958161766748928e+00  2.204615014819147678e+00  2.463390640548845489e+00  2.847134622547284888e+00
70 1401 1.163991e+00 3.388941e+01  1.907958161766748928e+00  2.157079183916482457e+00  2.400586406684499963e+00  3.058501718305734141e+00
71 1421 1.154127e+00 3.389559e+01  1.907958161766748928e+00  2.114209677444394142e+00  2.374999983630158074e+00  2.568712282061544006e+00
72 1441 1.141574e+00 3.389559e+01  1.907958161766748928e+00  2.095748777110856054e+00  2.319738615211938360e+00  2.826655619471856618e+00
73 1461 1.134771e+00 3.393630e+01  1.907958161766748928e+00  2.025593559490228568e+00  2.253650279668454104e+00  2.586916786544214641e+00
74 1481 1.128808e+00 3.394406e+01  1.907958161766748928e+00  2.043906188641474220e+00  2.313641727908553491e+00  2.651431221352167356e+00
75 1501 1.125267e+00 3.393288e+01  1.907958161766748928e+00  2.174133379271454114e+00  2.294574955816177209e+00  2.855167703240119259e+00
76 1521 1.120563e+00 3.393214e+01  1.907958161766748928e+00  2.065186128326427895e+00  2.308318590958569505e+00  2.964512565858756332e+00
77 1541 1.113124e+00 3.392924e+01  1.907958161766748928e+00  1.978962880560518611e+00  2.286582783419852660e+00  2.934463412904478652e+00
78 1561 1.103575e+00 3.393939e+01  1.907958161766748928e+00  2.084700942053348882e+00  2.287363715437761957e+00  3.035994590443013674e+00
79 1581 1.093839e+00 3.393673e+01  1.907958161766748928e+00  2.027771588915061152e+00  2.308428637638248571e+00  3.315800414403989649e+00
80 1601 1.086275e+00 3.393957e+01  1.907958161766748928e+00  1.987777164476827396e+00  2.311970078456186073e+00  3.241797002930810745e+00
81 1621 1.082627e+00 3.394088e+01  1.907958161766748928e+00  1.976552119776323391e+00  2.283797848147737675e+00  2.660350279068165236e+00
82 1641 1.076357e+00 3.394768e+01  1.907958161766748928e+00  1.940029465446440504e+00  2.222426303836929851e+00  2.709231080155039439e+00
83 1661 1.072098e+00 3.395215e+01  1.907958161766748928e+00  1.909125506421218699e+00  2.248660095480218502e+00  2.829898238691374690e+00
84 1681 1.067875e+00 3.395206e+01  1.907958161766748928e+00  1.970083673791286571e+00  2.229465317296851268e+00  2.857077587064956958e+00
85 1701 1.070345e+00 3.397587e+01  1.907958161766748928e+00  1.992704110337183643e+00  2.267902605692934337e+00  3.051614201713519492e+00
86 1721 1.073897e+00 3.396853e+01  1.907958161766748928e+00  1.937933086104039360e+00  2.202975406895085086e+00  2.831780560517556111e+00
87 1741 1.069092e+00 3.400225e+01  1.907958161766748928e+00  1.977801233100300093e+00  2.209139591533539004e+00  2.801408573792341539e+00
88 1761 1.070563e+00 3.401324e+01  1.907958161766748928e+00  2.022435816391537688e+00  2.212342206036209458e+00  2.538019494043017854e+00
89 1781 1.078443e+00 3.400918e+01  1.907958161766748928e+00  2.053931978333565667e+00  2.195661817135873939e+00  2.406624134906738099e+00
90 1801 1.089895e+00 3.401993e+01  1.907958161766748928e+00  2.041245015977214194e+00  2.276179818862309467e+00  3.108797188409419210e+00
91 1821 1.094705e+00 3.402930e+01  1.907958161766748928e+00  1.978272865572373140e+00  2.252569060041191840e+00  3.041376060731582065e+00
92 1841 1.101372e+00 3.404448e+01  1.907958161766748928e+00  1.913201873269758879e+00  2.366584165548859531e+00  2.914538644994606020e+00
93 1861 1.099794e+00 3.404351e+01  1.907958161766748928e+00  1.957817399114692103e+00  2.300153996905958564e+00  2.836609373623196539e+00
94 1881 1.096421e+00 3.409010e+01  1.907958161766748928e+00  2.046095402302281485e+00  2.274834833838742743e+00  2.948818752713216362e+00
95 1901 1.090057e+00 3.409943e+01  1.907958161766748928e+00  2.122446134987479027e+00  2.295614229183601473e+00  2.795711478137211436e+00
96 1921 1.088778e+00 3.412169e+01  1.907958161766748928e+00  2.026069124929187559e+00  2.313712827629637037e+00  3.176442468711762501e+00
97 1941 1.085834e+00 3.415296e+01  1.907958161766748928e+00  2.047496076360009631e+00  2.219032709791252778e+00  2.879654658333556938e+00
98 1961 1.078263e+00 3.415843e+01  1.907958161766748928e+00  1.983495609374575697e+00  2.253334862154724227e+00  2.506782349445903169e+00
99 1981 1.075155e+00 3.418605e+01  1.907958161766748928e+00  2.054403933165978913e+00  2.268955150334379667e+00  2.769154323062286593e+00
100 2001 1.072884e+00 3.421911e+01  1.907958161766748928e+00  2.033865122444697082e+00  2.330571266647760709e+00  3.109435051864473554e+00
101 2021 1.065902e+00 3.424576e+01  1.907958161766748928e+00  1.987171899788097607e+00  2.298296687325013909e+00  2.705788501598296314e+00
102 2041 1.064554e+00 3.428692e+01  1.907958161766748928e+00  2.021319585085405990e+00  2.206544798191268697e+00  2.805907279533104592e+00
103 2061 1.058755e+00 3.431527e+01  1.907958161766748928e+00  1.990072463266165714e+00  2.287521762305337436e+00  2.600054981519609676e+00
104 2081 1.047395e+00 3.431334e+01  1.907958161766748928e+00  2.106042490576200521e+00  2.181516845886232403e+00  2.640880887928816367e+00
105 2101 1.035763e+00 3.433302e+01  1.907958161766748928e+00  1.946561467776334764e+00  2.228969048659820373e+00  2.811536238727776915e+00
106 2121 1.024473e+00 3.434518e+01  1.907958161766748928e+00  1.993055175201936535e+00  2.231247661476454702e+00  3.108678120158740565e+00
107 2141 1.011237e+00 3.436641e+01  1.907958161766748928e+00  2.053111124859209990e+00  2.257445870209801697e+00  3.181513812456373103e+00
108 2161 9.939929e-01 3.439520e+01  1.907958161766748928e+00  2.016975150040187792e+00  2.227176175944576286e+00  2.734091315217264562e+00
109 2181 9.760193e-01 3.441269e+01  1.907958161766748928e+00  2.034613628092643456e+00  2.269240854048558909e+00  2.726671992401641376e+00
110 2201 9.602891e-01 3.441642e+01  1.907958161766748928e+00  2.062417149311459141e+00  2.249683210840214276e+00  2.942044096269845532e+00
111 2221 9.479727e-01 3.443324e+01  1.907958161766748928e+00  2.057399055021912559e+00  2.250008301897954865e+00  2.707227383618016958e+00
112 2241 9.390127e-01 3.442858e+01  1.907958161766748928e+00  2.082636240550327145e+00  2.234051391652496221e+00  2.967660567745309841e+00
113 2261 9.299165e-01 3.442613e+01  1.907958161766748928e+00  1.975337801280072858e+00  2.229735364687609689e+00  2.546325794353863081e+00
114 2281 9.200884e-01 3.442242e+01  1.907958161766748928e+00  1.944306228585605867e+00  2.270000058682394517e+00  2.760055551740777879e+00
115 2301 9.117057e-01 3.443331e+01  1.907958161766748928e+00  2.006659412072917092e+00  2.187638311628351317e+00  2.704864984422429064e+00
116 2321 9.038283e-01 3.444513e+01  1.907958161766748928e+00  2.018731943237501714e+00  2.193461403328424097e+00  2.473177030530341103e+00
117 2341 8.978209e-01 3.444004e+01  1.907958161766748928e+00  1.981789414176403419e+00  2.189178316278154846e+00  2.521628742107990373e+00
118 2361 8.880769e-01 3.446139e+01  1.907958161766748928e+00  1.972935863976622128e+00  2.183908481158018500e+00  2.400697561380559009e+00
119 2381 8.836844e-01 3.447584e+01  1.907958161766748928e+00  2.048981877165964693e+00  2.226748505873685779e+00  2.670591238555749314e+00
120 2401 8.833315e-01 3.448822e+01  1.907958161766748928e+00  2.025261722960526978e+00  2.167717715410513613e+00  2.650070230888410094e+00
121 2421 8.831536e-01 3.447464e+01  1.907958161766748928e+00  1.991621603811149388e+00  2.261175582204645540e+00  2.565536800203807921e+00
122 2441 8.805943e-01 3.449503e+01  1.907958161766748928e+00  2.045494825297719199e+00  2.180678628939594077e+00  2.545132233374935993e+00
123 2461 8.809756e-01 3.452108e+01  1.907958161766748928e+00  2.026920881252471940e+00  2.181135929500805481e+00  2.485989071900768899e+00
124 2481 8.836319e-01 3.454054e+01  1.907958161766748928e+00  1.939038187394650281e+00  2.215823083584765207e+00  2.671514333774503758e+00
125 2501 8.848909e-01 3.456899e+01  1.907958161766748928e+00  1.932606409455032592e+00  2.167178337982339720e+00  2.474886330263692091e+00
126 2521 8.850399e-01 3.460604e+01  1.907958161766748928e+00  1.937606058416202481e+00  2.140947548372667875e+00  2.636305184993716022e+00
127 2541 8.813882e-01 3.463980e+01  1.907958161766748928e+00  1.966319962511899666e+00  2.236812932389136144e+00  2.785233498575693467e+00
128 2561 8.733524e-01 3.469362e+01  1.907958161766748928e+00  2.056095010876508589e+00  2.193853294234228812e+00  2.575561988675379776e+00
129 2581 8.653562e-01 3.471026e+01  1.907958161766748928e+00  2.014710612188360450e+00  2.163155350462067972e+00  2.367822133702507603e+00
130 2601 8.521133e-01 3.470477e+01  1.907958161766748928e+00  1.968285324043576257e+00  2.149637997180783078e+00  2.423644447434889049e+00
131 2621 8.379458e-01 3.472420e+01  1.907958161766748928e+00  1.967058420186865053e+00  2.166693399753699012e+00  2.435816970539057991e+00
132 2641 8.283181e-01 3.473118e+01  1.907958161766748928e+00  1.991220732118622383e+00  2.116638550263044927e+00  2.289186477574698841e+00
133 2661 8.196010e-01 3.476138e+01  1.907958161766748928e+00  1.960801128751052502e+00  2.160320079032897134e+00  2.436429021772965609e+00
134 2681 8.131909e-01 3.476443e+01  1.907958161766748928e+00  1.964141598717666692e+00  2.104699508734097613e+00  2.359691466454791442e+00
135 2701 8.096291e-01 3.476917e+01  1.907958161766748928e+00  1.955890351968850194e+00  2.105632520117519668e+00  2.244073719680782730e+00
136 2721 8.073429e-01 3.477425e+01  1.907958161766748928e+00  1.965276611872032619e+00  2.096288552607636468e+00  2.262673675086418257e+00
137 2741 8.028820e-01 3.478610e+01  1.907958161766748928e+00  1.958099777858475887e+00  2.172706825449773227e+00  2.473130450804201796e+00
138 2761 7.962896e-01 3.479826e+01  1.897271130523873639e+00  1.897271130523873639e+00  2.102187967939383562e+00  2.298002561176331504e+00
139 2781 7.884964e-01 3.481231e+01  1.897271130523873639e+00  1.983119728940285986e+00  2.064011530527906757e+00  2.299220400805956022e+00
140 2801 7.811644e-01 3.482585e+01  1.897271130523873639e+00  1.954609311703688013e+00  2.058906320995794736e+00  2.281234492662628899e+00
141 2821 7.766990e-01 3.479839e+01  1.870069813216312937e+00  1.870069813216312937e+00  2.040345447053755201e+00  2.232911069397718773e+00
142 2841 7.714121e-01 3.479555e+01  1.870069813216312937e+00  1.917368555155576804e+00  2.103977239854575298e+00  2.611011257126945040e+00
143 2861 7.690097e-01 3.478872e+01  1.870069813216312937e+00  1.908079262038256951e+00  2.061943763032619614e+00  2.591111473170338630e+00
144 2881 7.701162e-01 3.477491e+01  1.870069813216312937e+00  1.973660187861240090e+00  2.112255170630439771e+00  2.406425728705212208e+00
145 2901 7.694579e-01 3.479996e+01  1.870069813216312937e+00  1.916555060173419589e+00  2.093492340750997549e+00  2.460966642064727150e+00
146 2921 7.678711e-01 3.477811e+01  1.870069813216312937e+00  1.940672107211077080e+00  2.046814279039338214e+00  2.202698400294062164e+00
147 2941 7.723662e-01 3.478890e+01  1.870069813216312937e+00  1.939218765036341052e+00  2.052677244560064729e+00  2.434380460310546557e+00
148 2961 7.763870e-01 3.480698e+01  1.870069813216312937e+00  1.930654130293095516e+00  2.090464787917655887e+00  2.398364214450949383e+00
149 2981 7.803656e-01 3.479884e+01  1.870069813216312937e+00  1.946598299561551171e+00  2.069485461973576079e+00  2.390340491777014797e+00
150 3001 7.837356e-01 3.481234e+01  1.870069813216312937e+00  1.944802659145935086e+00  2.096392000286995128e+00  2.388961949253813000e+00
151 3021 7.893867e-01 3.481608e+01  1.870069813216312937e+00  2.004842680077167039e+00  2.144519345375398789e+00  3.565592259852818469e+00
152 3041 7.985129e-01 3.480826e+01  1.870069813216312937e+00  1.888865815537871917e+00  2.109998618840508655e+00  2.397854540089227271e+00
153 3061 8.063824e-01 3.482500e+01  1.870069813216312937e+00  1.939446675913166329e+00  2.111172061312793780e+00  2.304482935744971872e+00
154 3081 8.117168e-01 3.485262e+01  1.870069813216312937e+00  1.909428435529226586e+00  2.067833365724626837e+00  2.475695853966815463e+00
155 3101 8.169649e-01 3.485983e+01  1.870069813216312937e+00  1.925277804576403629e+00  2.172571389036526579e+00  2.374397380678020308e+00
156 3121 8.205378e-01 3.486358e+01  1.870069813216312937e+00  1.948907390672280471e+00  2.127574338779023577e+00  2.560204551656603211e+00
157 3141 8.195682e-01 3.489568e+01  1.870069813216312937e+00  1.987154042262746056e+00  2.107813711844758409e+00  2.287719990142997428e+00
158 3161 8.215510e-01 3.489715e+01  1.870069813216312937e+00  2.007118185232395380e+00  2.092963914026511496e+00  2.465170825716765268e+00
159 3181 8.205033e-01 3.491627e+01  1.870069813216312937e+00  1.975954579362283692e+00  2.142718824733699901e+00  2.400261835935204147e+00
160 3201 8.144802e-01 3.491619e+01  1.870069813216312937e+00  1.985393354037884750e+00  2.073286617262379394e+00  2.222778955377633814e+00
161 3221 8.123902e-01 3.494173e+01  1.870069813216312937e+00  1.926737812904650182e+00  2.046945926509526004e+00  2.432778507530445999e+00
162 3241 8.097368e-01 3.495214e+01  1.870069813216312937e+00  1.998545242517715481e+00  2.110247237542437926e+00  3.414608152406355401e+00
163 3261 8.104879e-01 3.497952e+01  1.870069813216312937e+00  1.921765279937706516e+00  2.110717728337737853e+00  2.463865177345018864e+00
164 3281 8.065044e-01 3.497224e+01  1.870069813216312937e+00  1.952247109666716218e+00  2.070733417802339105e+00  2.241003666543802897e+00
165 3301 8.029026e-01 3.495535e+01  1.870069813216312937e+00  1.978857617963980520e+00  2.117821634543644915e+00  2.346786432720066706e+00
166 3321 8.014366e-01 3.497094e+01  1.870069813216312937e+00  1.978844337506965978e+00  2.088352633765278910e+00  2.358352543354248709e+00
167 3341 8.015526e-01 3.496119e+01  1.870069813216312937e+00  1.982301043439095745e+00  2.088425516883818389e+00  2.313028410830262782e+00
168 3361 7.992735e-01 3.496895e+01  1.870069813216312937e+00  1.952241257352673953e+00  2.131489639894845300e+00  2.431286150267220059e+00
169 3381 7.952524e-01 3.495373e+01  1.870069813216312937e+00  1.953346455330390974e+00  2.082849007048258372e+00  2.354711338542188059e+00
170 3401 7.934767e-01 3.495170e+01  1.870069813216312937e+00  1.947337117303866938e+00  2.060663528824396629e+00  2.266586966022299698e+00
171 3421 7.910460e-01 3.493190e+01  1.870069813216312937e+00  1.951780216026346659e+00  2.121733506869063479e+00  2.379516335408705441e+00
172 3441 7.923975e-01 3.494744e+01  1.870069813216312937e+00  1.967414687166915810e+00  2.118882033082991612e+00  2.362128143787076695e+00
173 3461 7.975675e-01 3.495797e+01  1.870069813216312937e+00  1.977498595111069957e+00  2.114116241975819044e+00  2.311931441479937011e+00
174 3481 8.019768e-01 3.498901e+01  1.870069813216312937e+00  1.946213305410071426e+00  2.121674421267596422e+00  2.618722286462181970e+00
175 3501 8.062835e-01 3.499948e+01  1.870069813216312937e+00  1.944046013978973919e+00  2.140380210380308235e+00  2.385632962509166788e+00
176 3521 8.095814e-01 3.502224e+01  1.870069813216312937e+00  1.975302529675369456e+00  2.137774132422765483e+00  2.394601909972148501e+00
177 3541 8.136075e-01 3.504641e+01  1.870069813216312937e+00  1.943101587093013727e+00  2.070601569976370016e+00  2.530794109950367687e+00
178 3561 8.153475e-01 3.506368e+01  1.870069813216312937e+00  1.948369075988078514e+00  2.133781445709653113e+00  2.410201196544785152e+00
179 3581 8.127671e-01 3.508934e+01  1.870069813216312937e+00  1.927310022165151349e+00  2.080743804463211610e+00  2.280180901228198831e+00
180 3601 8.126650e-01 3.510728e+01  1.870069813216312937e+00  1.945494849813764304e+00  2.076455919907168823e+00  2.434000652037265677e+00
181 3621 8.105927e-01 3.513771e+01  1.870069813216312937e+00  1.973252787467095981e+00  2.073687230359799738e+00  2.411845145949970348e+00
182 3641 8.025591e-01 3.515717e+01  1.870069813216312937e+00  1.948899784312917660e+00  2.135729458820783577e+00  2.311050044782165358e+00
183 3661 7.962878e-01 3.516901e+01  1.870069813216312937e+00  1.933595842913169438e+00  2.105902303801453712e+00  3.619201778406235359e+00
184 3681 7.897135e-01 3.517340e+01  1.870069813216312937e+00  1.943223811381750155e+00  2.143693705011921580e+00  2.490003007434371085e+00
185 3701 7.838686e-01 3.517633e+01  1.870069813216312937e+00  1.934339876302823003e+00  2.126838316142694474e+00  2.587300655942743166e+00
186 3721 7.792230e-01 3.518918e+01  1.870069813216312937e+00  1.942908431465188546e+00  2.120922206295338341e+00  2.249244047820501802e+00
187 3741 7.744944e-01 3.520387e+01  1.870069813216312937e+00  1.948001800457851651e+00  2.104050558031549834e+00  2.426423687951096753e+00
188 3761 7.675539e-01 3.519279e+01  1.870069813216312937e+00  1.981751458645927944e+00  2.203493444723921613e+00  2.482701039956860978e+00
189 3781 7.617325e-01 3.520890e+01  1.870069813216312937e+00  1.981209603721012735e+00  2.094851650151136724e+00  2.395198751062894260e+00
190 3801 7.571572e-01 3.521989e+01  1.870069813216312937e+00  1.930539698406061433e+00  2.043031186882029893e+00  2.365906795217527225e+00
191 3821 7.577244e-01 3.523176e+01  1.870069813216312937e+00  1.941771091846811625e+00  2.077249935026036276e+00  2.315091621347272977e+00
192 3841 7.574280e-01 3.524327e+01  1.870069813216312937e+00  1.958793491223447703e+00  2.094178184036741719e+00  2.441846507846530567e+00
193 3861 7.564267e-01 3.528584e+01  1.870069813216312937e+00  1.919573586667355336e+00  2.135021723872107646e+00  2.304322896621443295e+00
194 3881 7.534058e-01 3.533678e+01  1.870069813216312937e+00  1.937623006759588096e+00  2.093281530992544326e+00  2.291870161004589068e+00
195 3901 7.486473e-01 3.536211e+01  1.870069813216312937e+00  1.871756391770086569e+00  2.012269211621505072e+00  2.291340033905319817e+00
196 3921 7.433292e-01 3.537383e+01  1.870069813216312937e+00  1.969160336459091276e+00  2.076487452894673069e+00  2.405216387272395284e+00
197 3941 7.420595e-01 3.539525e+01  1.870069813216312937e+00  1.938857360652416872e+00  2.019230998952630252e+00  2.317258554306687923e+00
198 3961 7.447817e-01 3.543386e+01  1.870069813216312937e+00  1.937963055960948200e+00  2.073701438641551764e+00  2.192138118117004542e+00
199 3981 7.473837e-01 3.547461e+01  1.870069813216312937e+00  1.911304935114842118e+00  2.054574892126605157e+00  2.230449040583491360e+00
200 4001 7.511852e-01 3.549542e+01  1.865262154632885583e+00  1.865262154632885583e+00  2.008901312821945506e+00  3.329149369601662301e+00
201 4021 7.511076e-01 3.553135e+01  1.865262154632885583e+00  1.901166507622578106e+00  2.047430421689553803e+00  2.327752491816263092e+00
202 4041 7.504236e-01 3.553664e+01  1.865262154632885583e+00  1.899948299016767539e+00  2.060824790171113197e+00  2.433059799083188590e+00
203 4061 7.541706e-01 3.551684e+01  1.865262154632885583e+00  1.928005190986142869e+00  2.090444052180733259e+00  2.553272936564999096e+00
204 4081 7.586448e-01 3.552481e+01  1.865262154632885583e+00  1.923182991515818729e+00  2.085555736258235981e+00  2.421722765234739505e+00
205 4101 7.626852e-01 3.553233e+01  1.865262154632885583e+00  1.907891604503859861e+00  2.052743836341516470e+00  2.404529396469287317e+00
206 4121 7.657874e-01 3.552375e+01  1.865262154632885583e+00  1.868443645519219487e+00  2.016173148674031523e+00  2.322124679977201733e+00
207 4141 7.660710e-01 3.549652e+01  1.865262154632885583e+00  1.904445707758807949e+00  2.023273791137503608e+00  2.449173648488830679e+00
208 4161 7.663219e-01 3.550414e+01  1.865262154632885583e+00  1.898521286573827682e+00  2.022179276672480874e+00  2.318903522511098991e+00
209 4181 7.659382e-01 3.551072e+01  1.865262154632885583e+00  1.888593347680036505e+00  2.051730713720435695e+00  2.453185472556699498e+00
210 4201 7.661366e-01 3.550842e+01  1.865262154632885583e+00  1.878155567413100746e+00  1.963912429149975658e+00  2.282792681141879498e+00
211 4221 7.664312e-01 3.550960e+01  1.865262154632885583e+00  1.895715322623659826e+00  2.065074828454331879e+00  2.253919193680354649e+00
212 4241 7.662747e-01 3.551278e+01  1.865262154632885583e+00  1.892224950297920483e+00  2.063241178107296125e+00  2.406024628239016749e+00
213 4261 7.631849e-01 3.550593e+01  1.865262154632885583e+00  1.880480596154956441e+00  2.060468977567591065e+00  2.527546829101487980e+00
214 4281 7.572394e-01 3.550322e+01  1.859941259440952788e+00  1.859941259440952788e+00  2.077291246379766143e+00  2.295896171612727521e+00
215 4301 7.545009e-01 3.553747e+01  1.859941259440952788e+00  1.901962168838023493e+00  2.028718369712402492e+00  2.594185882116600173e+00
216 4321 7.552921e-01 3.554212e+01  1.859941259440952788e+00  1.862926514359968033e+00  1.985529369316244797e+00  2.415741310226214189e+00
217 4341 7.588886e-01 3.554429e+01  1.859941259440952788e+00  1.874421126171383678e+00  2.020347856440452006e+00  2.318589123675220076e+00
218 4361 7.613087e-01 3.555810e+01  1.858048887710457953e+00  1.858048887710457953e+00  2.004778014721174895e+00  2.381833064155869373e+00
219 4381 7.607986e-01 3.556248e+01  1.858048887710457953e+00  1.892750598488913250e+00  2.062286392093295007e+00  2.340867171172376082e+00
220 4401 7.627076e-01 3.557166e+01  1.858048887710457953e+00  1.894934153323283077e+00  2.043245032256447491e+00  2.289794189939551305e+00
221 4421 7.621843e-01 3.555605e+01  1.858048887710457953e+00  1.954493012804541019e+00  2.055781155380829173e+00  2.344162314513342338e+00
222 4441 7.571272e-01 3.555967e+01  1.858048887710457953e+00  1.934485988072433660e+00  2.040731057831814521e+00  2.458215823821290780e+00
223 4461 7.568382e-01 3.556224e+01  1.858048887710457953e+00  1.888020969521514880e+00  2.090622594429230929e+00  2.348261399826349738e+00
224 4481 7.546587e-01 3.555828e+01  1.858048887710457953e+00  1.900405426865621861e+00  2.050768044774945231e+00  2.254503507553015762e+00
225 4501 7.542657e-01 3.555398e+01  1.858048887710457953e+00  1.874989395491210686e+00  2.027177449485560778e+00  2.426091345658812681e+00
226 4521 7.493574e-01 3.554685e+01  1.858048887710457953e+00  1.870825184617632697e+00  2.060691966013990406e+00  2.301037678671692621e+00
227 4541 7.422134e-01 3.555031e+01  1.825576456746644594e+00  1.825576456746644594e+00  2.031349175971516985e+00  2.302644721276682738e+00
228 4561 7.391822e-01 3.556907e+01  1.825576456746644594e+00  1.871128650761289425e+00  2.033207531772943000e+00  2.293666971927944775e+00
229 4581 7.388696e-01 3.558776e+01  1.825576456746644594e+00  1.870577238876329540e+00  1.954887346940911153e+00  2.192198579811717618e+00
230 4601 7.367944e-01 3.558968e+01  1.825576456746644594e+00  1.843255361256817215e+00  2.025317681956975591e+00  2.286957033286528329e+00
231 4621 7.301403e-01 3.558989e+01  1.825576456746644594e+00  1.930751262157623938e+00  2.021941446483709104e+00  2.242983720128149727e+00
232 4641 7.242357e-01 3.558162e+01  1.819650502108240087e+00  1.819650502108240087e+00  1.984496999850060117e+00  2.312582641458100774e+00
233 4661 7.206776e-01 3.559155e+01  1.819650502108240087e+00  1.846533385019324403e+00  1.981012872547469827e+00  2.277691800196676830e+00
234 4681 7.193021e-01 3.558513e+01  1.819650502108240087e+00  1.834598564789267083e+00  1.989771656850848558e+00  2.192672510920484097e+00
235 4701 7.204220e-01 3.558373e+01  1.818170605536670648e+00  1.818170605536670648e+00  1.967637037912781883e+00  2.229897433688697639e+00
236 4721 7.202178e-01 3.558568e+01  1.816741015785957147e+00  1.816741015785957147e+00  1.926209179381560332e+00  2.382911064828491465e+00
237 4741 7.186438e-01 3.558962e+01  1.816741015785957147e+00  1.840210209567583410e+00  1.977621620667105118e+00  2.259128356725680131e+00
238 4761 7.166203e-01 3.559686e+01  1.816741015785957147e+00  1.822799962823646869e+00  1.930883892403776336e+00  2.467107826090928935e+00
239 4781 7.165352e-01 3.559305e+01  1.816741015785957147e+00  1.874006872387719680e+00  1.978147186195442941e+00  2.137380709065651807e+00
240 4801 7.138729e-01 3.557384e+01  1.815067544647798847e+00  1.815067544647798847e+00  1.992450959786774778e+00  2.235510619772912211e+00
241 4821 7.130963e-01 3.558021e+01  1.815067544647798847e+00  1.867725663916951495e+00  2.012216584383633045e+00  2.451033519204435684e+00
242 4841 7.138852e-01 3.557757e+01  1.815067544647798847e+00  1.847137016119581476e+00  1.944343529623604461e+00  2.122945590428249929e+00
243 4861 7.124980e-01 3.557484e+01  1.815067544647798847e+00  1.853807890378827761e+00  1.958250238320542014e+00  2.275219828599583494e+00
244 4881 7.091017e-01 3.560625e+01  1.815067544647798847e+00  1.848477691136873435e+00  2.032452156697960532e+00  2.330805588876649015e+00
245 4901 7.038542e-01 3.560290e+01  1.815067544647798847e+00  1.852374867714329909e+00  1.969894631166558163e+00  2.295682687059015681e+00
246 4921 6.995225e-01 3.562510e+01  1.815067544647798847e+00  1.825709904729344801e+00  1.982250291085311034e+00  2.267509999390989961e+00
247 4941 6.937277e-01 3.562494e+01  1.815067544647798847e+00  1.830984738723115957e+00  1.963639085836470066e+00  2.192497188953840048e+00
248 4961 6.895943e-01 3.562062e+01  1.815067544647798847e+00  1.862403397305897768e+00  1.970535155189618415e+00  2.233970147298022901e+00
249 4981 6.877413e-01 3.562075e+01  1.796287931461741039e+00  1.796287931461741039e+00  1.958500693998656228e+00  2.195288097192410248e+00
250 5001 6.849487e-01 3.562851e+01  1.796287931461741039e+00  1.827596322614366775e+00  1.943271174191942396e+00  2.068969267323765848e+00
251 5021 6.844790e-01 3.563709e+01  1.796287931461741039e+00  1.873838345806544625e+00  1.950888052187222721e+00  2.073477765399339923e+00
252 5041 6.832811e-01 3.563721e+01  1.796287931461741039e+00  1.823677401377011398e+00  1.950758910674768254e+00  2.178782946387289865e+00
253 5061 6.804838e-01 3.563943e+01  1.772143600597578583e+00  1.772143600597578583e+00  1.954097520869344518e+00  2.340221383762481899e+00
254 5081 6.789319e-01 3.565114e+01  1.772143600597578583e+00  1.869498259395802275e+00  1.908259522523650942e+00  2.419987726305323772e+00
255 5101 6.763329e-01 3.564699e+01  1.772143600597578583e+00  1.863390082657662594e+00  1.975888674998285577e+00  2.230894258883838521e+00
256 5121 6.729910e-01 3.569120e+01  1.772143600597578583e+00  1.814142775619498105e+00  1.948203930206259260e+00  2.606385544513947217e+00
257 5141 6.692508e-01 3.571204e+01  1.772143600597578583e+00  1.781374184120597226e+00  1.939143958514729871e+00  2.063843645248131242e+00
258 5161 6.664543e-01 3.572863e+01  1.764130693940112682e+00  1.764130693940112682e+00  1.956608105663143693e+00  2.161622891125233092e+00
259 5181 6.643970e-01 3.573735e+01  1.764130693940112682e+00  1.827801380674005660e+00  1.956295830693572935e+00  2.206902534316187658e+00
260 5201 6.627848e-01 3.574462e+01  1.764130693940112682e+00  1.788475547167166724e+00  1.935046120348955290e+00  2.080838436938599489e+00
261 5221 6.640862e-01 3.575478e+01  1.764130693940112682e+00  1.792326834644690559e+00  1.896685847250424217e+00  2.187429627960820966e+00
262 5241 6.680073e-01 3.575856e+01  1.764130693940112682e+00  1.807493103597741957e+00  1.911531171997092882e+00  2.120090862739751003e+00
263 5261 6.697480e-01 3.575416e+01  1.764130693940112682e+00  1.849518823024063119e+00  1.958304507428738850e+00  2.135885421363628467e+00
264 5281 6.652633e-01 3.575440e+01  1.764130693940112682e+00  1.816983132319252237e+00  1.931740662160461142e+00  2.143042333942180022e+00
265 5301 6.626477e-01 3.576401e+01  1.764130693940112682e+00  1.832415046159999727e+00  1.945245308015008057e+00  2.179528609966927100e+00
266 5321 6.587471e-01 3.578034e+01  1.764130693940112682e+00  1.826503244680253824e+00  1.940631325301847010e+00  2.191479798314242888e+00
267 5341 6.566662e-01 3.579461e+01  1.764130693940112682e+00  1.801249957672476754e+00  1.954704078253058475e+00  2.178364716603830242e+00
268 5361 6.539304e-01 3.579073e+01  1.764130693940112682e+00  1.807160985557590083e+00  1.909111530104249610e+00  2.113096924648965924e+00
269 5381 6.513434e-01 3.579497e+01  1.764130693940112682e+00  1.842418386363244176e+00  1.930706131685804960e+00  2.053577017305773911e+00
270 5401 6.466027e-01 3.580352e+01  1.764130693940112682e+00  1.842261751987022578e+00  1.952504080554908095e+00  2.193932106444331787e+00
271 5421 6.427384e-01 3.580125e+01  1.764130693940112682e+00  1.819931774564466087e+00  1.977440409350935013e+00  2.068937461235410336e+00
272 5441 6.391228e-01 3.581227e+01  1.764130693940112682e+00  1.790337912614729410e+00  1.939865454974980752e+00  2.174652590207544645e+00
273 5461 6.364947e-01 3.582330e+01  1.764130693940112682e+00  1.846032567714731565e+00  1.919257132260875576e+00  2.103680257759208860e+00
274 5481 6.315460e-01 3.579644e+01  1.764130693940112682e+00  1.825659281708738257e+00  1.961630276164018971e+00  2.282674657838457577e+00
275 5501 6.281512e-01 3.581046e+01  1.764130693940112682e+00  1.818185251364266453e+00  1.962960179507653002e+00  2.997180484375344012e+00
276 5521 6.252032e-01 3.582744e+01  1.764130693940112682e+00  1.811996671048808683e+00  1.954469124013118453e+00  2.206228953237386214e+00
277 5541 6.225115e-01 3.584215e+01  1.764130693940112682e+00  1.786231030499722650e+00  1.907472554938249854e+00  2.190768778007349482e+00
278 5561 6.184936e-01 3.585581e+01  1.764130693940112682e+00  1.795444282991169427e+00  1.927673165585431114e+00  2.236218183790391834e+00
279 5581 6.127324e-01 3.586350e+01  1.764130693940112682e+00  1.823929034121165138e+00  1.906981286970311107e+00  2.174039923416468678e+00
280 5601 6.083187e-01 3.587503e+01  1.764130693940112682e+00  1.808484751140637226e+00  1.904611015737774249e+00  2.131151220301831906e+00
281 5621 6.060156e-01 3.589724e+01  1.764130693940112682e+00  1.808411306562458076e+00  1.894688872929068957e+00  2.094976303919979355e+00
282 5641 6.055308e-01 3.589493e+01  1.764130693940112682e+00  1.824316508606701248e+00  1.909979246931380548e+00  2.251753582375362939e+00
283 5661 6.064188e-01 3.590032e+01  1.764130693940112682e+00  1.812626967268385680e+00  1.913391399763947787e+00  2.270407087842721605e+00
284 5681 6.058587e-01 3.592390e+01  1.764130693940112682e+00  1.810201472974572123e+00  1.886824367783618950e+00  2.099151399488587089e+00
285 5701 6.023562e-01 3.593028e+01  1.764130693940112682e+00  1.805516161401212072e+00  1.926850771597129475e+00  2.010896568996367595e+00
286 5721 5.991170e-01 3.593911e+01  1.764130693940112682e+00  1.789277021269922718e+00  1.924973982324012844e+00  2.017348505321738816e+00
287 5741 5.935884e-01 3.595052e+01  1.764130693940112682e+00  1.816559727791176693e+00  1.918042607921663034e+00  2.101779917982364410e+00
288 5761 5.890043e-01 3.594409e+01  1.764130693940112682e+00  1.819352207327656901e+00  1.901084728723718920e+00  2.069868917306159517e+00
289 5781 5.858303e-01 3.594215e+01  1.764130693940112682e+00  1.837799858108517315e+00  1.936405104306308855e+00  2.127325853492879837e+00
290 5801 5.843673e-01 3.598078e+01  1.764130693940112682e+00  1.813800963981993419e+00  1.896096011153452610e+00  2.055224081598122865e+00
291 5821 5.840684e-01 3.599586e+01  1.764130693940112682e+00  1.802327195033664120e+00  1.928468409333140343e+00  2.151135439997728493e+00
292 5841 5.835598e-01 3.601959e+01  1.764130693940112682e+00  1.834483219577718316e+00  1.934588359916837863e+00  2.085946963249609265e+00
293 5861 5.854394e-01 3.602439e+01  1.764130693940112682e+00  1.802926836732455573e+00  1.894467304964810417e+00  2.050539394415149541e+00
294 5881 5.845475e-01 3.603530e+01  1.764130693940112682e+00  1.836779674700641074e+00  1.925276070386401583e+00  2.197176825651939502e+00
295 5901 5.876327e-01 3.606372e+01  1.764130693940112682e+00  1.795522813470326495e+00  1.898489691948014979e+00  2.215032652121140533e+00
296 5921 5.920734e-01 3.608766e+01  1.764130693940112682e+00  1.802951281062623368e+00  1.932143590549489254e+00  2.050569023128723245e+00
297 5941 5.961078e-01 3.612058e+01  1.764130693940112682e+00  1.829805018696059493e+00  1.937151588602460617e+00  2.205950152929777364e+00
298 5961 5.980991e-01 3.613716e+01  1.764130693940112682e+00  1.868712655667859046e+00  1.938876935293159409e+00  2.059316090613849681e+00
299 5981 5.970794e-01 3.616227e+01  1.764130693940112682e+00  1.824994372249963082e+00  1.968857294739656538e+00  2.239570506055889254e+00
300 6001 5.934246e-01 3.618412e+01  1.764130693940112682e+00  1.842775268693197521e+00  1.954566209309063440e+00  2.159291098395074826e+00
