%  columns="iteration, evaluation, sigma, axis ratio, bestever, best, median, worst fitness function value, further objective values of best" (startseed=207055, 2017/10/6 5:16:16.56)
1 21 1.066032e+00 2.240895e+01  9.900113444495250405e+02  9.925763985414210993e+02  9.968280638693037190e+02  9.983186242847681342e+02
2 41 1.029692e+00 2.241472e+01  9.900113444495250405e+02  9.913662104077867525e+02  9.970850000000000364e+02  9.983899999999999864e+02
3 61 9.975568e-01 2.242222e+01  9.900113444495250405e+02  9.947975842553291841e+02  9.972643720157366261e+02  9.985499999999999545e+02
4 81 9.702541e-01 2.243519e+01  9.900113444495250405e+02  9.951728159842226660e+02  9.968410100089897696e+02  9.983739531525809525e+02
5 101 9.520268e-01 2.244942e+01  9.900113444495250405e+02  9.944085727013309679e+02  9.972417598156052918e+02  9.999912594068257476e+02
6 121 9.385197e-01 2.245889e+01  9.900113444495250405e+02  9.948406054970215564e+02  9.968080021028993087e+02  9.983017498240967598e+02
7 141 9.270847e-01 2.246384e+01  9.900113444495250405e+02  9.940028338850515865e+02  9.967385077487358558e+02  9.984617673750944959e+02
8 161 9.247013e-01 2.246995e+01  9.900113444495250405e+02  9.957397415791830326e+02  9.970745172117023003e+02  9.989240541167713445e+02
9 181 9.213141e-01 2.247551e+01  9.900113444495250405e+02  9.951250118452387596e+02  9.974507751119519980e+02  9.999904785977738584e+02
10 201 9.203172e-01 2.249353e+01  9.900113444495250405e+02  9.947998154058435603e+02  9.967311509729252066e+02  9.999873476074498058e+02
11 221 9.172898e-01 2.251413e+01  9.900113444495250405e+02  9.957136259283680602e+02  9.970601163864000682e+02  9.984529119953526788e+02
12 241 9.156107e-01 2.252257e+01  9.900113444495250405e+02  9.946154430238094619e+02  9.968672038260178851e+02  9.999927578695520651e+02
13 261 9.137015e-01 2.253428e+01  9.900113444495250405e+02  9.945029596958617049e+02  9.966112128234356078e+02  9.978510874437929488e+02
14 281 9.118001e-01 2.255051e+01  9.900113444495250405e+02  9.950581885165967151e+02  9.966426252355688575e+02  9.983261104985648444e+02
15 301 9.079013e-01 2.255938e+01  9.900113444495250405e+02  9.952487603950352195e+02  9.972015156781189944e+02  9.999909751215283222e+02
16 321 9.045486e-01 2.257161e+01  9.900113444495250405e+02  9.946058780435203062e+02  9.969025156080289207e+02  9.979164067663658670e+02
17 341 9.000766e-01 2.258742e+01  9.900113444495250405e+02  9.956995291404491581e+02  9.969458545036213764e+02  9.985480033272697256e+02
18 361 8.968766e-01 2.259661e+01  9.900113444495250405e+02  9.948872319522505450e+02  9.970406894227355679e+02  9.979836196871083303e+02
19 381 8.958389e-01 2.260512e+01  9.900113444495250405e+02  9.940976887398802546e+02  9.971092377586408020e+02  9.999873128174712065e+02
20 401 8.953436e-01 2.261190e+01  9.900113444495250405e+02  9.956884371223453627e+02  9.971865387987400027e+02  9.999855072841987749e+02
21 421 8.948362e-01 2.262651e+01  9.900113444495250405e+02  9.948197329529314175e+02  9.974605928193175259e+02  9.999902181336960894e+02
22 441 8.998003e-01 2.264118e+01  9.900113444495250405e+02  9.955548092369987216e+02  9.970466115282124520e+02  9.999895779771292155e+02
23 461 9.028968e-01 2.265521e+01  9.900113444495250405e+02  9.942851007903459504e+02  9.971008354134071396e+02  9.981289806207624906e+02
24 481 9.053608e-01 2.267910e+01  9.900113444495250405e+02  9.956549250127844743e+02  9.971693127696474903e+02  9.999888528852297895e+02
25 501 9.040707e-01 2.269243e+01  9.900113444495250405e+02  9.953277511452486124e+02  9.972136790093757099e+02  9.987487665317777328e+02
26 521 8.974988e-01 2.271089e+01  9.900113444495250405e+02  9.942670705272989835e+02  9.965348075995666477e+02  9.982110024975296483e+02
27 541 8.938208e-01 2.271949e+01  9.900113444495250405e+02  9.947690065453761008e+02  9.967603014555401160e+02  9.979710458686737411e+02
28 561 8.892190e-01 2.272267e+01  9.900113444495250405e+02  9.959143422674292196e+02  9.967997576580930854e+02  9.976630345747078081e+02
29 581 8.836943e-01 2.272228e+01  9.900113444495250405e+02  9.949251489775799655e+02  9.974080700930073817e+02  9.990373862604327542e+02
30 601 8.786048e-01 2.272995e+01  9.900113444495250405e+02  9.955910730505866013e+02  9.969142863716588181e+02  9.999910516235775049e+02
31 621 8.743788e-01 2.274726e+01  9.900113444495250405e+02  9.947861757879001061e+02  9.970387694225636324e+02  9.984131160835535184e+02
32 641 8.690690e-01 2.276554e+01  9.900113444495250405e+02  9.948091198147732257e+02  9.969325834697642676e+02  9.999885946479140557e+02
33 661 8.628333e-01 2.276735e+01  9.900113444495250405e+02  9.952066939488213393e+02  9.965672377468056311e+02  9.979902222195754575e+02
34 681 8.549734e-01 2.277564e+01  9.900113444495250405e+02  9.953809631660080868e+02  9.970825150116251052e+02  9.999907626726709395e+02
35 701 8.485720e-01 2.278794e+01  9.900113444495250405e+02  9.939331864001491113e+02  9.972613234003097205e+02  9.984972422082810226e+02
36 721 8.421323e-01 2.278625e+01  9.900113444495250405e+02  9.952642567253755033e+02  9.970143022208719685e+02  9.982484629370903804e+02
37 741 8.320635e-01 2.279372e+01  9.900113444495250405e+02  9.944650581555677036e+02  9.965630005993101577e+02  9.982667930090192385e+02
38 761 8.247032e-01 2.279276e+01  9.900113444495250405e+02  9.957333424458718127e+02  9.974256219384819815e+02  9.999926367743680657e+02
39 781 8.185399e-01 2.280133e+01  9.900113444495250405e+02  9.949819194314580955e+02  9.974109849234228022e+02  9.983614254071379719e+02
40 801 8.128492e-01 2.281407e+01  9.900113444495250405e+02  9.955394388510948147e+02  9.969988595250056278e+02  9.980198015497267079e+02
41 821 8.075186e-01 2.283286e+01  9.900113444495250405e+02  9.945348670974465222e+02  9.969704722479393695e+02  9.985417366822417762e+02
42 841 8.032770e-01 2.283785e+01  9.900113444495250405e+02  9.957331617416368772e+02  9.973074397393334038e+02  9.983435816059825356e+02
43 861 8.038144e-01 2.284695e+01  9.900113444495250405e+02  9.952656637293180211e+02  9.971654051246139261e+02  9.999882144796561079e+02
44 881 8.045662e-01 2.284903e+01  9.900113444495250405e+02  9.957483301845343249e+02  9.970453169492548113e+02  9.978152472985366330e+02
45 901 7.972854e-01 2.284904e+01  9.900113444495250405e+02  9.949150316069436712e+02  9.968575610168229559e+02  9.974508391028882670e+02
46 921 7.934031e-01 2.285433e+01  9.900113444495250405e+02  9.961310475758132270e+02  9.969888591744797850e+02  9.975756833495240699e+02
47 941 7.898843e-01 2.286367e+01  9.900113444495250405e+02  9.953516281057394508e+02  9.971833483375269225e+02  9.999854696113019372e+02
48 961 7.866920e-01 2.286202e+01  9.900113444495250405e+02  9.946514288818514160e+02  9.971437705981433055e+02  9.977577554693846196e+02
49 981 7.842433e-01 2.286282e+01  9.900113444495250405e+02  9.959775237377003805e+02  9.968263781657456093e+02  9.984605967099591908e+02
50 1001 7.791199e-01 2.286351e+01  9.900113444495250405e+02  9.937293607160088413e+02  9.971422961977974637e+02  9.981920542355028374e+02
51 1021 7.746704e-01 2.286667e+01  9.900113444495250405e+02  9.935499999999999545e+02  9.969585387508185477e+02  9.981529563593801413e+02
52 1041 7.688313e-01 2.286875e+01  9.900113444495250405e+02  9.960147710659283575e+02  9.971255328150909918e+02  9.991808832731715029e+02
53 1061 7.645817e-01 2.287184e+01  9.900113444495250405e+02  9.959523462075403586e+02  9.970828276687198013e+02  9.977680865425047614e+02
54 1081 7.608454e-01 2.286550e+01  9.900113444495250405e+02  9.952292050439721152e+02  9.970846899925898015e+02  9.986231511375196988e+02
55 1101 7.534560e-01 2.286949e+01  9.900113444495250405e+02  9.952543591186678213e+02  9.971094082279100803e+02  9.986144981387819826e+02
56 1121 7.468532e-01 2.287804e+01  9.900113444495250405e+02  9.932398002211189123e+02  9.966841231391024394e+02  9.999919122567748673e+02
57 1141 7.375622e-01 2.287983e+01  9.900113444495250405e+02  9.931599999999999682e+02  9.967167312958148386e+02  9.976070321301689319e+02
58 1161 7.299242e-01 2.287781e+01  9.900113444495250405e+02  9.941448616869954549e+02  9.967099168744327926e+02  9.979560987074605691e+02
59 1181 7.244504e-01 2.288381e+01  9.900113444495250405e+02  9.954586655463090210e+02  9.968418638010273298e+02  9.980580126877241582e+02
60 1201 7.249392e-01 2.289266e+01  9.900113444495250405e+02  9.951008869150097098e+02  9.967477621597681718e+02  9.984839843318831072e+02
61 1221 7.264718e-01 2.289784e+01  9.900113444495250405e+02  9.942526321900638777e+02  9.963229311619493274e+02  9.983678975933083848e+02
62 1241 7.295995e-01 2.290015e+01  9.900113444495250405e+02  9.950626549972089379e+02  9.969016129999840814e+02  9.980448103367722297e+02
63 1261 7.304964e-01 2.291269e+01  9.900113444495250405e+02  9.948075603324964504e+02  9.968260966295381422e+02  9.985742413809459777e+02
64 1281 7.316777e-01 2.292365e+01  9.900113444495250405e+02  9.945619917055079213e+02  9.962287732502936706e+02  9.975058168339187432e+02
65 1301 7.356078e-01 2.292738e+01  9.900113444495250405e+02  9.930901889684616890e+02  9.966421548907599117e+02  9.982421460170382943e+02
66 1321 7.395181e-01 2.293301e+01  9.900113444495250405e+02  9.945529220540234974e+02  9.965145697446118902e+02  9.999916243414239716e+02
67 1341 7.470807e-01 2.292943e+01  9.900113444495250405e+02  9.947735749514999952e+02  9.966260823264728970e+02  9.976789364259135482e+02
68 1361 7.534021e-01 2.292420e+01  9.900113444495250405e+02  9.955535515251156085e+02  9.965562591488824182e+02  9.973700000000000045e+02
69 1381 7.582163e-01 2.292189e+01  9.900113444495250405e+02  9.940262318043425012e+02  9.961981996934136987e+02  9.977150389877577936e+02
70 1401 7.607594e-01 2.291769e+01  9.900113444495250405e+02  9.943865544023307166e+02  9.966234739599585737e+02  9.978010235635543950e+02
71 1421 7.651413e-01 2.292127e+01  9.900113444495250405e+02  9.944164244059219300e+02  9.964900414871999601e+02  9.976925918583037856e+02
72 1441 7.727480e-01 2.292322e+01  9.900113444495250405e+02  9.947200000000000273e+02  9.966966151560446860e+02  9.986017754185271542e+02
73 1461 7.751238e-01 2.293106e+01  9.900113444495250405e+02  9.952266884535490590e+02  9.967214888396957804e+02  9.979782145010598242e+02
74 1481 7.716676e-01 2.294762e+01  9.900113444495250405e+02  9.946656727702196577e+02  9.959579924401805329e+02  9.982916371688792196e+02
75 1501 7.662489e-01 2.295298e+01  9.900113444495250405e+02  9.950240230570129825e+02  9.963187766617066927e+02  9.983288806730267879e+02
76 1521 7.564600e-01 2.295632e+01  9.900113444495250405e+02  9.943281767871081911e+02  9.969331064077001656e+02  9.976749930015196242e+02
77 1541 7.487507e-01 2.296709e+01  9.900113444495250405e+02  9.943787784738991604e+02  9.964443433736230418e+02  9.974080180064905790e+02
78 1561 7.407522e-01 2.297035e+01  9.900113444495250405e+02  9.935586827651791282e+02  9.964817176579763327e+02  9.983493498210357302e+02
79 1581 7.385913e-01 2.297920e+01  9.900113444495250405e+02  9.944689176840055325e+02  9.963116859358078727e+02  9.978211459140085253e+02
80 1601 7.389277e-01 2.299055e+01  9.900113444495250405e+02  9.939894970302890442e+02  9.962298577472240595e+02  9.999911801399057367e+02
81 1621 7.432727e-01 2.299318e+01  9.900113444495250405e+02  9.940808217553078521e+02  9.965714330005798729e+02  9.975722664578396461e+02
82 1641 7.477884e-01 2.299918e+01  9.900113444495250405e+02  9.933561522781074018e+02  9.964480615721126924e+02  9.980818477129122357e+02
83 1661 7.551070e-01 2.300618e+01  9.900113444495250405e+02  9.922609132628878115e+02  9.963061018787125249e+02  9.978200000000000500e+02
84 1681 7.638238e-01 2.302892e+01  9.900113444495250405e+02  9.948723846109206761e+02  9.960141825514074299e+02  9.976392769127965039e+02
85 1701 7.742691e-01 2.304296e+01  9.900113444495250405e+02  9.939734081129340666e+02  9.965688792091040114e+02  9.971959765220298095e+02
86 1721 7.802693e-01 2.304961e+01  9.900113444495250405e+02  9.954505686128845809e+02  9.963001530319854737e+02  9.999895049048942610e+02
87 1741 7.806475e-01 2.305839e+01  9.900113444495250405e+02  9.955769828268731771e+02  9.967802958100185151e+02  9.975451456285790073e+02
88 1761 7.803411e-01 2.306280e+01  9.900113444495250405e+02  9.944445847461872745e+02  9.967545479949890250e+02  9.982569283781886043e+02
89 1781 7.755437e-01 2.307690e+01  9.900113444495250405e+02  9.952917240395332783e+02  9.968358077897382827e+02  9.975700000000000500e+02
90 1801 7.698796e-01 2.309320e+01  9.900113444495250405e+02  9.943721865900181456e+02  9.966487322219500129e+02  9.977865040139012081e+02
91 1821 7.659096e-01 2.310920e+01  9.900113444495250405e+02  9.919127786142826153e+02  9.965606755678535364e+02  9.979236117205932715e+02
92 1841 7.623493e-01 2.311720e+01  9.900113444495250405e+02  9.946440582255164600e+02  9.965025983260059093e+02  9.982753529678903988e+02
93 1861 7.617888e-01 2.312945e+01  9.900113444495250405e+02  9.942211080702882100e+02  9.959060362102570707e+02  9.984972179896922171e+02
94 1881 7.647500e-01 2.314198e+01  9.900113444495250405e+02  9.942626600056955795e+02  9.961976501339697734e+02  9.976734856232874336e+02
95 1901 7.711804e-01 2.315763e+01  9.900113444495250405e+02  9.947138032789630415e+02  9.961736579738860655e+02  9.984049038884791116e+02
96 1921 7.775663e-01 2.316616e+01  9.900113444495250405e+02  9.944600000000000364e+02  9.962147838240714464e+02  9.984651245943839513e+02
97 1941 7.792551e-01 2.319139e+01  9.900113444495250405e+02  9.941564300323080943e+02  9.964403818228540786e+02  9.981599999999999682e+02
98 1961 7.812140e-01 2.319482e+01  9.900113444495250405e+02  9.933139467901423814e+02  9.963766177216805318e+02  9.977664200959394520e+02
99 1981 7.852059e-01 2.319102e+01  9.900113444495250405e+02  9.948388465829273173e+02  9.962729329869356434e+02  9.982432030256123880e+02
100 2001 7.891498e-01 2.319404e+01  9.900113444495250405e+02  9.944145546261426034e+02  9.961169745121212600e+02  9.984986324002155698e+02
101 2021 7.884327e-01 2.318983e+01  9.900113444495250405e+02  9.902011181547946990e+02  9.961911632805492900e+02  9.979657215992491501e+02
102 2041 7.931394e-01 2.320038e+01  9.900113444495250405e+02  9.932375428646205364e+02  9.960404748320186172e+02  9.984223074075853219e+02
103 2061 7.953841e-01 2.320011e+01  9.900113444495250405e+02  9.927107789593472944e+02  9.967493305840255289e+02  9.985113430582514411e+02
104 2081 7.952089e-01 2.319871e+01  9.900113444495250405e+02  9.928496664393243236e+02  9.964112640847359899e+02  9.985504046991153473e+02
105 2101 7.923488e-01 2.320589e+01  9.900113444495250405e+02  9.936393176596344574e+02  9.963908356947938501e+02  9.983934843025134569e+02
106 2121 7.938725e-01 2.320416e+01  9.900113444495250405e+02  9.921653054754046934e+02  9.969976714668665636e+02  9.985052802781947321e+02
107 2141 7.960122e-01 2.320949e+01  9.900113444495250405e+02  9.932530330648190784e+02  9.967245461105802633e+02  9.985241919569556330e+02
108 2161 7.984599e-01 2.322382e+01  9.900113444495250405e+02  9.928400000000000318e+02  9.969609380836009223e+02  9.984427871749975338e+02
109 2181 7.991169e-01 2.322909e+01  9.900113444495250405e+02  9.925492820795820990e+02  9.967124339222170875e+02  9.982799999999999727e+02
110 2201 8.020888e-01 2.323498e+01  9.900113444495250405e+02  9.935589797673549128e+02  9.962192099276555837e+02  9.983408003944100528e+02
111 2221 8.077941e-01 2.323452e+01  9.900113444495250405e+02  9.928118157587756514e+02  9.962820462309680352e+02  9.984635358796938363e+02
112 2241 8.150878e-01 2.323511e+01  9.900113444495250405e+02  9.919343155178313509e+02  9.964696301905714790e+02  9.984358809031467672e+02
113 2261 8.203224e-01 2.324119e+01  9.900113444495250405e+02  9.906735610282900097e+02  9.965555974755549187e+02  9.981568622599944547e+02
114 2281 8.264346e-01 2.324494e+01  9.900113444495250405e+02  9.941484593573436541e+02  9.963910471473036523e+02  9.983847504065194016e+02
115 2301 8.279488e-01 2.324691e+01  9.900113444495250405e+02  9.942244092757565568e+02  9.969585702514625609e+02  9.983605580573929501e+02
116 2321 8.284570e-01 2.325658e+01  9.900113444495250405e+02  9.930910639908461235e+02  9.959692616893369177e+02  9.983313478995822834e+02
117 2341 8.343425e-01 2.325881e+01  9.900113444495250405e+02  9.924687337051736904e+02  9.965426337299077204e+02  9.983665078749396571e+02
118 2361 8.436150e-01 2.327453e+01  9.900113444495250405e+02  9.945299999999999727e+02  9.969102420952069679e+02  9.983832591087341370e+02
119 2381 8.543364e-01 2.328298e+01  9.900113444495250405e+02  9.946168561343343981e+02  9.969053979196378350e+02  9.975708741523700382e+02
120 2401 8.641475e-01 2.328624e+01  9.900113444495250405e+02  9.939607465718477215e+02  9.963135702755608918e+02  9.981502300789677520e+02
121 2421 8.725675e-01 2.328461e+01  9.900113444495250405e+02  9.954770596147087645e+02  9.963452666539159281e+02  9.983634818230285646e+02
122 2441 8.775622e-01 2.329013e+01  9.878962352187635361e+02  9.878962352187635361e+02  9.960317321207081704e+02  9.983675174405169628e+02
123 2461 8.786541e-01 2.328930e+01  9.878962352187635361e+02  9.932599999999999909e+02  9.965400962290195821e+02  9.984620578925824930e+02
124 2481 8.755539e-01 2.328952e+01  9.869988080103502170e+02  9.869988080103502170e+02  9.965930171659033476e+02  9.979078649872916458e+02
125 2501 8.703272e-01 2.329570e+01  9.869988080103502170e+02  9.919421861611176610e+02  9.958357771972223418e+02  9.977465220695719381e+02
126 2521 8.647119e-01 2.330340e+01  9.869988080103502170e+02  9.936887561473525921e+02  9.966262126849710512e+02  9.984023054077628103e+02
127 2541 8.611858e-01 2.330469e+01  9.869988080103502170e+02  9.948899999999999864e+02  9.961137485923622990e+02  9.983064147813677209e+02
128 2561 8.553231e-01 2.332657e+01  9.869988080103502170e+02  9.936441189697375194e+02  9.966213676033474940e+02  9.983640912225673674e+02
129 2581 8.418240e-01 2.333102e+01  9.869988080103502170e+02  9.942757312446958622e+02  9.964884186700967348e+02  9.984635956292279388e+02
130 2601 8.342927e-01 2.332266e+01  9.869988080103502170e+02  9.950944839101147181e+02  9.963952020322387853e+02  9.980434537244397006e+02
131 2621 8.275478e-01 2.333961e+01  9.869988080103502170e+02  9.902865136180869285e+02  9.967400000000000091e+02  9.981083452304052344e+02
132 2641 8.235008e-01 2.332712e+01  9.869988080103502170e+02  9.952945141343363957e+02  9.963664950600705197e+02  9.980644565230777516e+02
133 2661 8.197377e-01 2.332860e+01  9.869988080103502170e+02  9.940199999999999818e+02  9.963850591266188985e+02  9.979199999999999591e+02
134 2681 8.200975e-01 2.333961e+01  9.869988080103502170e+02  9.939869710833218051e+02  9.962334871093767106e+02  9.983671436868723958e+02
135 2701 8.166608e-01 2.333824e+01  9.869988080103502170e+02  9.930043241362155868e+02  9.967184025800295331e+02  9.978495924277993936e+02
136 2721 8.098481e-01 2.333924e+01  9.869988080103502170e+02  9.920618316704410518e+02  9.965204718797997430e+02  9.980172258181745519e+02
137 2741 8.058455e-01 2.334162e+01  9.869988080103502170e+02  9.930943083785932686e+02  9.962384235547572189e+02  9.977596646177737512e+02
138 2761 8.044490e-01 2.334441e+01  9.869988080103502170e+02  9.912424081320773439e+02  9.958646861043389436e+02  9.983649270820294532e+02
139 2781 8.066600e-01 2.336379e+01  9.869988080103502170e+02  9.926267134544236797e+02  9.964279344081385261e+02  9.977933937674664548e+02
140 2801 8.108719e-01 2.337730e+01  9.869988080103502170e+02  9.942479651567058454e+02  9.965874302204160813e+02  9.982961997130162217e+02
141 2821 8.129617e-01 2.337584e+01  9.869988080103502170e+02  9.937105439017263961e+02  9.961594259308994879e+02  9.983820068030424864e+02
142 2841 8.149250e-01 2.338284e+01  9.869988080103502170e+02  9.918711850589664891e+02  9.961703676055869892e+02  9.984900000000000091e+02
143 2861 8.132031e-01 2.338375e+01  9.869988080103502170e+02  9.938713763910357102e+02  9.966865261486439067e+02  9.984772669446148257e+02
144 2881 8.082446e-01 2.342006e+01  9.869988080103502170e+02  9.944230148462090710e+02  9.960083059807091104e+02  9.977252224418375590e+02
145 2901 8.017052e-01 2.342010e+01  9.869988080103502170e+02  9.947238701560677328e+02  9.965939409374304887e+02  9.983080751142184681e+02
146 2921 7.954466e-01 2.342918e+01  9.869988080103502170e+02  9.938217255017741536e+02  9.960882564305982214e+02  9.991760004237338535e+02
147 2941 7.898236e-01 2.342965e+01  9.869988080103502170e+02  9.938355718722193615e+02  9.965154121606559556e+02  9.975099999999999909e+02
148 2961 7.883587e-01 2.341477e+01  9.869988080103502170e+02  9.943985483792373543e+02  9.965004258512809656e+02  9.983848914126161844e+02
149 2981 7.863140e-01 2.341761e+01  9.869988080103502170e+02  9.946355222881118152e+02  9.965448186197531868e+02  9.978215028628393384e+02
150 3001 7.868260e-01 2.341631e+01  9.869988080103502170e+02  9.935983606693229149e+02  9.963841418829324539e+02  9.977852080509582038e+02
151 3021 7.895890e-01 2.342505e+01  9.869988080103502170e+02  9.938607394304548279e+02  9.969167894342433556e+02  9.983257905911483476e+02
152 3041 7.916550e-01 2.343092e+01  9.869988080103502170e+02  9.945010184410054990e+02  9.964698356500894079e+02  9.984215907000561856e+02
153 3061 7.922304e-01 2.343584e+01  9.869988080103502170e+02  9.930718111505451589e+02  9.957716912214767717e+02  9.984293018041713594e+02
154 3081 7.958706e-01 2.343789e+01  9.869988080103502170e+02  9.940334849998386062e+02  9.964117284960974530e+02  9.984870785232378694e+02
155 3101 7.954085e-01 2.345239e+01  9.869988080103502170e+02  9.932660679163889199e+02  9.956454501897999307e+02  9.980712601743380219e+02
156 3121 7.964010e-01 2.346070e+01  9.869988080103502170e+02  9.940584682847579643e+02  9.961945102962939700e+02  9.985188792275733931e+02
157 3141 7.992273e-01 2.346815e+01  9.869988080103502170e+02  9.925678026978340540e+02  9.962308777196567462e+02  9.984082001259316712e+02
158 3161 8.042184e-01 2.347296e+01  9.869988080103502170e+02  9.944171752979032135e+02  9.959872728201214613e+02  9.975744957330986153e+02
159 3181 8.055573e-01 2.348243e+01  9.869988080103502170e+02  9.916464835251371142e+02  9.962483498065763570e+02  9.974554106172070078e+02
160 3201 8.059269e-01 2.347711e+01  9.869988080103502170e+02  9.926816215121401683e+02  9.962840725417424892e+02  9.974235713469267921e+02
161 3221 8.064648e-01 2.347721e+01  9.869988080103502170e+02  9.940988429949721876e+02  9.960807477589105474e+02  9.983813651942710976e+02
162 3241 8.061836e-01 2.348194e+01  9.869988080103502170e+02  9.943747305303852499e+02  9.965586616499119827e+02  9.983723815817660352e+02
163 3261 8.042120e-01 2.348529e+01  9.869988080103502170e+02  9.924701695733033375e+02  9.964966930655031092e+02  9.983975549283527471e+02
164 3281 8.041401e-01 2.349590e+01  9.869988080103502170e+02  9.917885542402788133e+02  9.964450982483240296e+02  9.982713695824367051e+02
165 3301 8.064941e-01 2.349368e+01  9.869988080103502170e+02  9.910229271747697339e+02  9.962432724488135136e+02  9.983604892716905397e+02
166 3321 8.093622e-01 2.349196e+01  9.869988080103502170e+02  9.890727612285368195e+02  9.962164350592614710e+02  9.978031802446170104e+02
167 3341 8.140111e-01 2.348977e+01  9.869988080103502170e+02  9.927440060705620226e+02  9.970172102770565061e+02  9.983972616347115263e+02
168 3361 8.146924e-01 2.349259e+01  9.869988080103502170e+02  9.930322171386001173e+02  9.959967360684402138e+02  9.980302810372502336e+02
169 3381 8.130747e-01 2.349583e+01  9.869988080103502170e+02  9.916074615175473355e+02  9.959517814421274124e+02  9.983415046183000641e+02
170 3401 8.121841e-01 2.349641e+01  9.869988080103502170e+02  9.921509035696001320e+02  9.961145103742213678e+02  9.983961897557478551e+02
171 3421 8.088159e-01 2.349910e+01  9.869988080103502170e+02  9.932277691121950056e+02  9.960460908599832237e+02  9.980050969357184840e+02
172 3441 8.101872e-01 2.350388e+01  9.869988080103502170e+02  9.926407906214110426e+02  9.962584884530511999e+02  9.973065157466504616e+02
173 3461 8.089750e-01 2.349897e+01  9.869988080103502170e+02  9.932599999999999909e+02  9.961207722647187666e+02  9.984906733741102016e+02
174 3481 8.072574e-01 2.350303e+01  9.869988080103502170e+02  9.924470897010112367e+02  9.966371426267685365e+02  9.985190582247548718e+02
175 3501 8.049716e-01 2.351463e+01  9.869988080103502170e+02  9.905207529500655710e+02  9.966376040670747898e+02  9.984383135683854107e+02
176 3521 8.014840e-01 2.352903e+01  9.869988080103502170e+02  9.944575552122215640e+02  9.960901389415239464e+02  9.975190417935651794e+02
177 3541 7.985653e-01 2.353639e+01  9.869988080103502170e+02  9.947973633668291313e+02  9.963329512505681578e+02  9.977347073847585079e+02
178 3561 7.974818e-01 2.353838e+01  9.869988080103502170e+02  9.934085005412231340e+02  9.964294402484489410e+02  9.984120395928767948e+02
179 3581 7.992829e-01 2.354034e+01  9.869988080103502170e+02  9.948074803868922800e+02  9.962566881013260627e+02  9.985350418603015896e+02
180 3601 7.993243e-01 2.354636e+01  9.869988080103502170e+02  9.943949408424743979e+02  9.962325805555653915e+02  9.972635359053991806e+02
181 3621 8.003438e-01 2.354915e+01  9.869988080103502170e+02  9.945253152759969453e+02  9.968185101559207624e+02  9.983304078000014670e+02
182 3641 8.039739e-01 2.354880e+01  9.869988080103502170e+02  9.942313485224368605e+02  9.963220881588149496e+02  9.983899999999999864e+02
183 3661 8.059637e-01 2.354572e+01  9.869988080103502170e+02  9.934857666279981459e+02  9.965056881000750764e+02  9.981804172583244963e+02
184 3681 8.084915e-01 2.354722e+01  9.869988080103502170e+02  9.897224437427693147e+02  9.966872382855743808e+02  9.985022522191696908e+02
185 3701 8.053526e-01 2.356023e+01  9.869988080103502170e+02  9.931206658897706347e+02  9.966451227959779544e+02  9.987564742243608862e+02
186 3721 8.004876e-01 2.356436e+01  9.869988080103502170e+02  9.911023761748547258e+02  9.960406509130502855e+02  9.985077936158506873e+02
187 3741 7.967737e-01 2.356920e+01  9.869988080103502170e+02  9.944373043528178187e+02  9.960646906085419232e+02  9.973962293750723802e+02
188 3761 7.981871e-01 2.357799e+01  9.869988080103502170e+02  9.943744123218489221e+02  9.966739407199570451e+02  9.983141266938574745e+02
189 3781 7.982092e-01 2.357489e+01  9.869988080103502170e+02  9.928154460752834893e+02  9.967934377596504874e+02  9.984390452615016329e+02
190 3801 7.967890e-01 2.356560e+01  9.869988080103502170e+02  9.935160225840834300e+02  9.962997121859649496e+02  9.984282903910747109e+02
191 3821 7.928065e-01 2.358603e+01  9.869988080103502170e+02  9.940358285671914018e+02  9.964232320431765402e+02  9.978172002009214339e+02
192 3841 7.904770e-01 2.357701e+01  9.869988080103502170e+02  9.944835410848551192e+02  9.967510475117544502e+02  9.984800000000000182e+02
193 3861 7.892370e-01 2.357548e+01  9.869988080103502170e+02  9.907674754947628344e+02  9.965936094452272300e+02  9.989621745241834105e+02
194 3881 7.906021e-01 2.358897e+01  9.869988080103502170e+02  9.909097537066037376e+02  9.966331986311565743e+02  9.980074127380793243e+02
195 3901 7.934670e-01 2.358977e+01  9.869988080103502170e+02  9.926091525566616838e+02  9.961754809294648112e+02  9.983628254193404246e+02
196 3921 7.963850e-01 2.358723e+01  9.869988080103502170e+02  9.920638929745541645e+02  9.970550003971633259e+02  9.984616882107789024e+02
197 3941 8.001807e-01 2.359257e+01  9.869988080103502170e+02  9.926488133260448876e+02  9.964483667576705557e+02  9.990017412719363392e+02
198 3961 7.997221e-01 2.359439e+01  9.869988080103502170e+02  9.932468887943825848e+02  9.966547560435334390e+02  9.983631271709703014e+02
199 3981 7.992353e-01 2.359767e+01  9.869988080103502170e+02  9.923374708634033823e+02  9.964518948707186610e+02  9.984988365352952542e+02
200 4001 8.014520e-01 2.359784e+01  9.869988080103502170e+02  9.930642196116373270e+02  9.967503621498656230e+02  9.985800000000000409e+02
201 4021 8.060830e-01 2.360158e+01  9.869988080103502170e+02  9.941119994116976386e+02  9.969086003792054953e+02  9.984823976458560537e+02
202 4041 8.061032e-01 2.360311e+01  9.869988080103502170e+02  9.949863359201169715e+02  9.967836612952579571e+02  9.986920604016875131e+02
203 4061 8.057621e-01 2.360866e+01  9.869988080103502170e+02  9.914304447542494927e+02  9.966234769240732021e+02  9.985146595736001700e+02
204 4081 8.048229e-01 2.361896e+01  9.869988080103502170e+02  9.938586723339767559e+02  9.969944629506144338e+02  9.988067554370095422e+02
205 4101 8.019347e-01 2.362519e+01  9.869988080103502170e+02  9.941584448358797772e+02  9.966034407794775234e+02  9.985248486743262220e+02
206 4121 7.988113e-01 2.363537e+01  9.869988080103502170e+02  9.941459730575105596e+02  9.964987611292657448e+02  9.984600000000000364e+02
207 4141 7.950738e-01 2.365968e+01  9.869988080103502170e+02  9.934576782111982993e+02  9.966047857799001122e+02  9.984834795318722627e+02
208 4161 7.910748e-01 2.366786e+01  9.869988080103502170e+02  9.935556871243717296e+02  9.961107469147020765e+02  9.987752879661167071e+02
209 4181 7.862389e-01 2.367445e+01  9.869988080103502170e+02  9.922757871638685856e+02  9.959000977938844699e+02  9.974794212648388338e+02
210 4201 7.808092e-01 2.367633e+01  9.869988080103502170e+02  9.928111141989325006e+02  9.955561147579824137e+02  9.976200000000000045e+02
211 4221 7.755717e-01 2.369508e+01  9.869988080103502170e+02  9.930864521584556996e+02  9.958334192022138041e+02  9.985591970166366309e+02
212 4241 7.698981e-01 2.368923e+01  9.869988080103502170e+02  9.926873586778825711e+02  9.960322573524694008e+02  9.976200000000000045e+02
213 4261 7.629352e-01 2.368841e+01  9.869988080103502170e+02  9.934773976990882147e+02  9.963612502600565222e+02  9.982752519352338823e+02
214 4281 7.617752e-01 2.369896e+01  9.869988080103502170e+02  9.906835774840981230e+02  9.966285244500201088e+02  9.985534892990300477e+02
215 4301 7.596286e-01 2.370146e+01  9.869988080103502170e+02  9.941164238562092805e+02  9.968157524224582176e+02  9.985215802272160772e+02
216 4321 7.591791e-01 2.371777e+01  9.869988080103502170e+02  9.945748846551459792e+02  9.964615499554915914e+02  9.980477399495345026e+02
217 4341 7.601444e-01 2.372687e+01  9.869988080103502170e+02  9.943449613150135065e+02  9.968876371723893044e+02  9.980533294770601742e+02
218 4361 7.556706e-01 2.372000e+01  9.869988080103502170e+02  9.932603008118001071e+02  9.966426748352267850e+02  9.975164111405326821e+02
219 4381 7.564898e-01 2.371980e+01  9.869988080103502170e+02  9.907265693665450499e+02  9.961005624413958230e+02  9.987018708554608111e+02
220 4401 7.547823e-01 2.371834e+01  9.869988080103502170e+02  9.927297153222245925e+02  9.959313922593512416e+02  9.978247919989835282e+02
221 4421 7.574381e-01 2.371992e+01  9.869988080103502170e+02  9.936690886279744745e+02  9.969013606437038106e+02  9.986142565060648622e+02
222 4441 7.598468e-01 2.371716e+01  9.869988080103502170e+02  9.939985238209125100e+02  9.966101946487334544e+02  9.984649401294572044e+02
223 4461 7.638477e-01 2.372533e+01  9.869988080103502170e+02  9.916499999999999773e+02  9.965164691387367384e+02  9.987400000000000091e+02
224 4481 7.698953e-01 2.372919e+01  9.869988080103502170e+02  9.933659986960998367e+02  9.962935073215992361e+02  9.985108687210347398e+02
225 4501 7.784417e-01 2.373430e+01  9.869988080103502170e+02  9.922118383956211574e+02  9.965032933896814029e+02  9.982113923523515950e+02
226 4521 7.858711e-01 2.374936e+01  9.869988080103502170e+02  9.922015207208368111e+02  9.966994128675394222e+02  9.973704734087876886e+02
227 4541 7.915782e-01 2.375758e+01  9.869988080103502170e+02  9.951586515063648903e+02  9.968337431152601766e+02  9.982112518531273508e+02
228 4561 7.916932e-01 2.378622e+01  9.869988080103502170e+02  9.905938625068954480e+02  9.963358259660797103e+02  9.981087321639402035e+02
229 4581 7.888473e-01 2.378608e+01  9.869988080103502170e+02  9.925309121242935362e+02  9.964342310073182034e+02  9.984870279679167879e+02
230 4601 7.852397e-01 2.380086e+01  9.869988080103502170e+02  9.930357149993519670e+02  9.959800000000000182e+02  9.985303658794776993e+02
231 4621 7.824692e-01 2.379946e+01  9.869988080103502170e+02  9.946100000000000136e+02  9.963531869309028934e+02  9.976785516852027058e+02
232 4641 7.765432e-01 2.379927e+01  9.869988080103502170e+02  9.912433115428068504e+02  9.962102989699984619e+02  9.981375732879571387e+02
233 4661 7.703498e-01 2.380650e+01  9.869988080103502170e+02  9.922217147065961171e+02  9.961376323369116790e+02  9.980425911259133045e+02
234 4681 7.657925e-01 2.380952e+01  9.869988080103502170e+02  9.921336797180157419e+02  9.964451858051093041e+02  9.976463570390753830e+02
235 4701 7.637008e-01 2.380810e+01  9.869988080103502170e+02  9.922763025931753873e+02  9.962333876431455337e+02  9.975099999999999909e+02
236 4721 7.623741e-01 2.380685e+01  9.869988080103502170e+02  9.912729817120858797e+02  9.968340762891060649e+02  9.991793013772967242e+02
237 4741 7.637521e-01 2.380463e+01  9.869988080103502170e+02  9.928079869701499547e+02  9.957078083435803819e+02  9.974215066485317038e+02
238 4761 7.664974e-01 2.383696e+01  9.869988080103502170e+02  9.917691917959929242e+02  9.963837088680750185e+02  9.977945199848116999e+02
239 4781 7.701989e-01 2.385212e+01  9.867743638464219202e+02  9.867743638464219202e+02  9.961267475209932627e+02  9.991137816924009485e+02
240 4801 7.725546e-01 2.385112e+01  9.867743638464219202e+02  9.935494640931552794e+02  9.959911355550229928e+02  9.983792217613738558e+02
241 4821 7.760778e-01 2.386436e+01  9.867743638464219202e+02  9.899046551988730016e+02  9.956828202653239259e+02  9.983729842215426515e+02
242 4841 7.760585e-01 2.387002e+01  9.867743638464219202e+02  9.921134471573441260e+02  9.951584198015125367e+02  9.982782901021478210e+02
243 4861 7.766389e-01 2.386947e+01  9.867743638464219202e+02  9.872008449752786419e+02  9.950478733138662619e+02  9.984417871577162487e+02
244 4881 7.781418e-01 2.387267e+01  9.867743638464219202e+02  9.920565969703067140e+02  9.961203208402727114e+02  9.984352228318152811e+02
245 4901 7.785749e-01 2.388303e+01  9.867743638464219202e+02  9.932757962461952275e+02  9.959184837573207005e+02  9.972951789219415559e+02
246 4921 7.783046e-01 2.388474e+01  9.867743638464219202e+02  9.889853469562411874e+02  9.959004920739967019e+02  9.973677228607680263e+02
247 4941 7.772257e-01 2.389083e+01  9.867743638464219202e+02  9.911396183876606756e+02  9.960475968608061521e+02  9.984513860561465890e+02
248 4961 7.766941e-01 2.389318e+01  9.867743638464219202e+02  9.899045828311346895e+02  9.963546599434218933e+02  9.981196583678149636e+02
249 4981 7.761651e-01 2.389700e+01  9.867743638464219202e+02  9.909908421382167489e+02  9.963591030776055959e+02  9.983218521032616763e+02
250 5001 7.787834e-01 2.389765e+01  9.867743638464219202e+02  9.930752784630888073e+02  9.965216018032897409e+02  9.985273984370176095e+02
251 5021 7.838981e-01 2.390880e+01  9.867743638464219202e+02  9.897277719435454628e+02  9.961406686857858404e+02  9.983345533621023833e+02
252 5041 7.853124e-01 2.390952e+01  9.867743638464219202e+02  9.927100000000000364e+02  9.961948022440319619e+02  9.976461279792271171e+02
253 5061 7.886319e-01 2.391251e+01  9.867743638464219202e+02  9.922573274589694847e+02  9.964637048784475155e+02  9.983820367579472759e+02
254 5081 7.911069e-01 2.391029e+01  9.867743638464219202e+02  9.927300000000000182e+02  9.961986564810341633e+02  9.983890224797155497e+02
255 5101 7.937331e-01 2.390797e+01  9.867743638464219202e+02  9.909217069102443247e+02  9.962820330649751668e+02  9.983032389867020129e+02
256 5121 7.990568e-01 2.391666e+01  9.867743638464219202e+02  9.906844546321377720e+02  9.956600000000000819e+02  9.983450410175048546e+02
257 5141 7.993244e-01 2.392452e+01  9.867743638464219202e+02  9.887235401802188335e+02  9.959275827327056732e+02  9.985399999999999636e+02
258 5161 7.996539e-01 2.392070e+01  9.867743638464219202e+02  9.900891813592941162e+02  9.962204601275714140e+02  9.984346116616576410e+02
259 5181 8.029471e-01 2.391922e+01  9.855338709793943508e+02  9.855338709793943508e+02  9.968535831416184010e+02  9.983873324421007283e+02
260 5201 8.050703e-01 2.392790e+01  9.855338709793943508e+02  9.892400000000000091e+02  9.954123798602316811e+02  9.984106147670355540e+02
261 5221 8.040608e-01 2.393324e+01  9.855338709793943508e+02  9.888197217617865817e+02  9.968032250513424515e+02  9.986981727826441784e+02
262 5241 8.003670e-01 2.394018e+01  9.855338709793943508e+02  9.857136208936005914e+02  9.953534262301716353e+02  9.972681844244091280e+02
263 5261 7.949493e-01 2.394287e+01  2.690716426046757448e+01  2.690716426046757448e+01  9.963147058170197852e+02  9.984724388980828280e+02
264 5281 7.888230e-01 2.394207e+01  2.690716426046757448e+01  9.853950693967854022e+02  9.957130087450568681e+02  9.984646113795437259e+02
265 5301 7.871190e-01 2.397883e+01  2.690716426046757448e+01  9.914661961769430718e+02  9.965581738851990394e+02  9.984927493690342999e+02
266 5321 7.837841e-01 2.398201e+01  2.690716426046757448e+01  9.857991399704252444e+02  9.950960647348985049e+02  9.984966937323301863e+02
267 5341 7.797604e-01 2.398729e+01  2.690716426046757448e+01  9.874006743166609112e+02  9.957740527914277209e+02  9.974794275943584125e+02
268 5361 7.768976e-01 2.399249e+01  2.690716426046757448e+01  9.880299999999999727e+02  9.962455823977277305e+02  9.988339789851517025e+02
269 5381 7.725564e-01 2.398881e+01  2.690716426046757448e+01  9.891723826313508425e+02  9.953286591592626564e+02  9.986928384549289603e+02
270 5401 7.656723e-01 2.399015e+01  2.690716426046757448e+01  9.861047089537598822e+02  9.953399113892000969e+02  9.971275270937062487e+02
271 5421 7.596473e-01 2.399387e+01  2.690716426046757448e+01  9.877716991180091100e+02  9.958823932629439923e+02  9.972979745599786838e+02
272 5441 7.565556e-01 2.400381e+01  2.690716426046757448e+01  2.697470571767405545e+01  9.955779494356664827e+02  9.984046564767545533e+02
273 5461 7.544334e-01 2.401947e+01  2.690716426046757448e+01  9.873767610776267247e+02  9.963007849523136201e+02  9.984197385750070453e+02
274 5481 7.531665e-01 2.400786e+01  2.690716426046757448e+01  2.770302966928993271e+01  9.959189975781803241e+02  9.985845720389862663e+02
275 5501 7.495582e-01 2.400592e+01  2.690716426046757448e+01  9.900675613945878695e+02  9.966585503036357068e+02  9.978899999999999864e+02
276 5521 7.467324e-01 2.402645e+01  2.690716426046757448e+01  2.792043335256157377e+01  9.943108222323387508e+02  9.984072914378364203e+02
277 5541 7.436533e-01 2.402742e+01  2.674919482867123577e+01  2.674919482867123577e+01  9.974582021671088796e+02  9.985361138230778124e+02
278 5561 7.398130e-01 2.403220e+01  2.674919482867123577e+01  9.893389972105787820e+02  9.961712784243161423e+02  9.983600000000000136e+02
279 5581 7.354688e-01 2.403556e+01  2.674919482867123577e+01  9.879551870390095019e+02  9.944664106423800831e+02  9.982044219701361953e+02
280 5601 7.324400e-01 2.403798e+01  2.674919482867123577e+01  9.897761916961061388e+02  9.956438890536542203e+02  9.985044440518735200e+02
281 5621 7.288422e-01 2.405007e+01  2.674919482867123577e+01  3.055861917420952878e+01  9.944864019875958547e+02  9.980356701920809428e+02
282 5641 7.217166e-01 2.404982e+01  2.674919482867123577e+01  9.871876203365620768e+02  9.952731771695803218e+02  9.983596263566342941e+02
283 5661 7.178478e-01 2.404305e+01  2.674919482867123577e+01  9.917895599149165946e+02  9.949212604221489755e+02  9.984001849040736261e+02
284 5681 7.142391e-01 2.405285e+01  2.674919482867123577e+01  9.941041865494709100e+02  9.969364787653494204e+02  9.983366675828796133e+02
285 5701 7.086187e-01 2.405431e+01  2.674919482867123577e+01  9.910583889012450527e+02  9.969326977133462151e+02  9.981614435710155249e+02
286 5721 7.015090e-01 2.405725e+01  2.674919482867123577e+01  9.910228915504266070e+02  9.959844286290842774e+02  9.978813269693570192e+02
287 5741 6.953991e-01 2.405602e+01  2.674919482867123577e+01  9.911030562612940003e+02  9.958281812629309115e+02  9.977378412756784201e+02
288 5761 6.879888e-01 2.404667e+01  2.674919482867123577e+01  9.885158101015803140e+02  9.950315979963805830e+02  9.973726322013150138e+02
289 5781 6.813209e-01 2.404604e+01  2.674919482867123577e+01  9.884600000000000364e+02  9.951235123952262711e+02  9.967661247117472385e+02
290 5801 6.724148e-01 2.405440e+01  2.674919482867123577e+01  9.896015560197521381e+02  9.955068831157739169e+02  9.972413014921691001e+02
291 5821 6.660321e-01 2.405470e+01  2.674919482867123577e+01  9.916404239849294981e+02  9.953648329119716891e+02  9.971196700741436416e+02
292 5841 6.594938e-01 2.405754e+01  2.674919482867123577e+01  9.860846943430210558e+02  9.959524767684480366e+02  9.974800000000000182e+02
293 5861 6.547885e-01 2.405128e+01  2.674919482867123577e+01  9.862005196548518597e+02  9.955157105021237385e+02  9.977557864778921157e+02
294 5881 6.488389e-01 2.405754e+01  2.674919482867123577e+01  9.855230864215435531e+02  9.952631728465526066e+02  9.970499999999999545e+02
295 5901 6.440092e-01 2.405817e+01  2.674919482867123577e+01  9.903319809836849572e+02  9.947147686122131063e+02  9.970806619348086315e+02
296 5921 6.387681e-01 2.405731e+01  2.622608094465720185e+01  2.622608094465720185e+01  9.926572361107125744e+02  9.965946994188142298e+02
297 5941 6.332633e-01 2.406252e+01  2.622608094465720185e+01  9.862825838919770831e+02  9.957915022088101296e+02  9.991327185535267290e+02
298 5961 6.321775e-01 2.406200e+01  2.622608094465720185e+01  9.889043863661662499e+02  9.950397471987093923e+02  9.985346183571090251e+02
299 5981 6.320740e-01 2.406072e+01  2.622608094465720185e+01  9.905421141930415843e+02  9.953953177473081269e+02  9.976791991622661726e+02
300 6001 6.302613e-01 2.406360e+01  2.622608094465720185e+01  9.929837680919064269e+02  9.956108683167668687e+02  9.980231860938492900e+02
301 6021 6.301191e-01 2.408296e+01  2.622608094465720185e+01  9.913822205051513947e+02  9.960820532608549911e+02  9.983867049202468706e+02
302 6041 6.315758e-01 2.409324e+01  2.622608094465720185e+01  9.912568493094240694e+02  9.950728284604540477e+02  9.967703569975484470e+02
303 6061 6.311123e-01 2.409798e+01  2.622608094465720185e+01  9.874519871818374668e+02  9.948106922282557889e+02  9.984359641780665697e+02
304 6081 6.291937e-01 2.411179e+01  2.622608094465720185e+01  2.775559256348706683e+01  9.946135085595967666e+02  9.974423530653436956e+02
305 6101 6.290797e-01 2.411657e+01  2.622608094465720185e+01  2.831435025240521952e+01  9.948708851083573563e+02  9.985303900822646028e+02
306 6121 6.294883e-01 2.412119e+01  2.622608094465720185e+01  2.916829073825619290e+01  9.958399003037433204e+02  9.979161089662432005e+02
307 6141 6.279614e-01 2.412055e+01  2.622608094465720185e+01  9.858850728954208762e+02  9.957403954348762909e+02  9.984138547368592072e+02
308 6161 6.275466e-01 2.412093e+01  2.622608094465720185e+01  9.919573532665086759e+02  9.951832700613598490e+02  9.983454802634900034e+02
309 6181 6.275845e-01 2.412236e+01  2.622608094465720185e+01  9.865219269899615711e+02  9.953802940901189231e+02  9.978641502434790027e+02
310 6201 6.290943e-01 2.412620e+01  2.622608094465720185e+01  9.878400000000000318e+02  9.935957004181481125e+02  9.975495404133820330e+02
311 6221 6.287620e-01 2.413878e+01  2.622608094465720185e+01  2.933497542233507005e+01  9.953685545061164248e+02  9.974774741643386733e+02
312 6241 6.288836e-01 2.414081e+01  2.622608094465720185e+01  2.668847546295641493e+01  9.953052667284428026e+02  9.971117611657324460e+02
313 6261 6.294545e-01 2.413978e+01  2.622608094465720185e+01  9.872849262202491900e+02  9.949812847493491290e+02  9.984585942407564971e+02
314 6281 6.301999e-01 2.415239e+01  2.622608094465720185e+01  2.706464671987361115e+01  9.934931798235809310e+02  9.985257194975829407e+02
315 6302 6.298858e-01 2.417752e+01  2.622608094465720185e+01  2.786385075816877332e+01  9.952788912256364711e+02  9.985429295953654218e+02
316 6322 6.297433e-01 2.419443e+01  2.622608094465720185e+01  2.790025410357585756e+01  9.943055803889590152e+02  9.981952502126059699e+02
317 6342 6.288343e-01 2.419902e+01  2.622608094465720185e+01  9.872905386469280984e+02  9.950431123047079609e+02  9.985275867710448665e+02
318 6362 6.286811e-01 2.419593e+01  2.622608094465720185e+01  9.851750672149992170e+02  9.953380500950720489e+02  9.985329600187412780e+02
319 6382 6.314416e-01 2.422571e+01  2.622608094465720185e+01  9.868897309859576126e+02  9.951891071549414391e+02  9.985014982943795303e+02
320 6402 6.322650e-01 2.423526e+01  2.622608094465720185e+01  2.753729981351682810e+01  9.938840522441878420e+02  9.985342520028790432e+02
321 6422 6.337717e-01 2.424907e+01  2.604565060055056946e+01  2.604565060055056946e+01  9.959804745161565052e+02  9.990720037861414085e+02
322 6442 6.354976e-01 2.425377e+01  2.604565060055056946e+01  2.925329752730175414e+01  9.947909644519002086e+02  9.984998207029552759e+02
323 6462 6.368635e-01 2.426447e+01  2.604565060055056946e+01  2.843387709059697954e+01  9.925188182726132027e+02  9.984220885032585784e+02
324 6482 6.376521e-01 2.427341e+01  2.604565060055056946e+01  2.767629983848973296e+01  9.937995207058115739e+02  9.989113680730745273e+02
325 6502 6.371119e-01 2.427104e+01  2.604565060055056946e+01  2.727734840262172611e+01  9.954333348958950864e+02  9.991672451353417728e+02
326 6522 6.352532e-01 2.428491e+01  2.604565060055056946e+01  9.902831698610812055e+02  9.948701865429882218e+02  9.985016143238131008e+02
327 6542 6.345641e-01 2.427775e+01  2.604565060055056946e+01  2.876590115899038835e+01  9.949762354591928215e+02  9.975015434015416531e+02
328 6562 6.381450e-01 2.427640e+01  2.604565060055056946e+01  2.837934962699493013e+01  9.935505434102659592e+02  9.978114368951064534e+02
329 6582 6.420175e-01 2.427296e+01  2.604565060055056946e+01  9.854360563315422041e+02  9.926983934136678727e+02  9.974061497716106715e+02
330 6602 6.511618e-01 2.426593e+01  2.604565060055056946e+01  2.884092264057692390e+01  9.930783301765663964e+02  9.976860378577185884e+02
331 6622 6.570650e-01 2.426811e+01  2.604565060055056946e+01  3.023043115280763260e+01  9.933125610471661275e+02  9.984307518498093259e+02
332 6642 6.668340e-01 2.426999e+01  2.604565060055056946e+01  2.695565881625499571e+01  9.927275653568874532e+02  9.976953551391246720e+02
333 6662 6.739655e-01 2.427209e+01  2.604565060055056946e+01  2.811206041642518016e+01  9.955155326943931868e+02  9.985709161123895683e+02
334 6682 6.768638e-01 2.427527e+01  2.604565060055056946e+01  2.854692986072511829e+01  9.946542677234590428e+02  9.972200000000000273e+02
335 6702 6.755092e-01 2.427123e+01  2.604565060055056946e+01  2.978893196803029753e+01  9.956734408545353290e+02  9.989099999999999682e+02
336 6722 6.717898e-01 2.426877e+01  2.604565060055056946e+01  2.878284563798435158e+01  9.950139866846434415e+02  9.975943271660075879e+02
337 6742 6.701654e-01 2.427144e+01  2.604565060055056946e+01  2.767104183156389752e+01  9.937388221549981608e+02  9.985546013711162914e+02
338 6762 6.696089e-01 2.426543e+01  2.604565060055056946e+01  9.894474401544621287e+02  9.948376571195016140e+02  9.976165849343375385e+02
339 6782 6.687162e-01 2.427590e+01  2.604565060055056946e+01  2.711888559413824140e+01  9.917643404260400075e+02  9.978714676713645986e+02
340 6802 6.658464e-01 2.427663e+01  2.604565060055056946e+01  2.811837015809073037e+01  9.928495421373723957e+02  9.985599999999999454e+02
341 6822 6.675780e-01 2.429529e+01  2.604565060055056946e+01  2.680078644823673528e+01  9.940766691082123998e+02  9.983815674371170417e+02
342 6842 6.719200e-01 2.429403e+01  2.604565060055056946e+01  2.709722277180829408e+01  9.942186719663554868e+02  9.984635013196225373e+02
343 6862 6.785276e-01 2.429062e+01  2.604565060055056946e+01  9.875566484530299931e+02  9.960215705006586404e+02  9.985673113179547045e+02
344 6882 6.845516e-01 2.429236e+01  2.604565060055056946e+01  3.003836384193611764e+01  9.951711596397040012e+02  9.985128328331081775e+02
345 6902 6.919451e-01 2.429050e+01  2.604565060055056946e+01  2.813806010870025887e+01  9.950805459268240156e+02  9.985686782539552269e+02
346 6922 6.961443e-01 2.429285e+01  2.604565060055056946e+01  2.811699501927623146e+01  9.939462404805775577e+02  9.984674959519850290e+02
347 6942 7.006912e-01 2.428834e+01  2.604565060055056946e+01  2.850564101605155543e+01  9.952913565190232248e+02  9.985252274366781648e+02
348 6962 7.058131e-01 2.430661e+01  2.604565060055056946e+01  9.882817930685177998e+02  9.958722731326151916e+02  9.975700000000000500e+02
349 6982 7.131661e-01 2.430914e+01  2.604565060055056946e+01  2.727399915968313948e+01  9.955458746375027204e+02  9.985803794008731984e+02
350 7002 7.219196e-01 2.430409e+01  2.604565060055056946e+01  2.755422535879544199e+01  9.948241348059893880e+02  9.985483923362758105e+02
351 7022 7.302571e-01 2.430768e+01  2.604565060055056946e+01  2.892642172416071134e+01  9.955222178996990579e+02  9.989957520870857479e+02
352 7042 7.358631e-01 2.430697e+01  2.604565060055056946e+01  2.818896049792599001e+01  9.904915199023641890e+02  9.985483230976029745e+02
353 7062 7.390186e-01 2.430729e+01  2.604565060055056946e+01  2.694921311663529906e+01  9.950361145459552290e+02  9.985792277276426603e+02
354 7082 7.373624e-01 2.431297e+01  2.604565060055056946e+01  2.793247946451470654e+01  9.943092764740617895e+02  9.985348505621184358e+02
355 7102 7.419527e-01 2.432984e+01  2.604565060055056946e+01  2.756318932278242784e+01  9.959635655331125008e+02  9.985016219575336436e+02
356 7122 7.470938e-01 2.432134e+01  2.604565060055056946e+01  2.762147269793492654e+01  9.925039958208496955e+02  9.970017469935295367e+02
357 7142 7.511679e-01 2.432946e+01  2.604565060055056946e+01  2.803158791593036625e+01  9.941746085953038801e+02  9.983888096254794391e+02
358 7162 7.538973e-01 2.433799e+01  2.604565060055056946e+01  2.782889676029920523e+01  9.960177066317523895e+02  9.990414462548197889e+02
359 7182 7.571933e-01 2.433968e+01  2.604565060055056946e+01  2.801263807299923059e+01  9.952650099640468397e+02  9.985247731514394900e+02
360 7202 7.601615e-01 2.434906e+01  2.604565060055056946e+01  2.717198529568858234e+01  9.957838626540033147e+02  9.986149655290508917e+02
361 7222 7.617283e-01 2.434862e+01  2.604565060055056946e+01  2.750188187047254118e+01  9.955163960572576798e+02  9.984458831843148801e+02
362 7242 7.605566e-01 2.434916e+01  2.604565060055056946e+01  2.859395749610164472e+01  9.939575410806862692e+02  9.984892688205275135e+02
363 7262 7.558645e-01 2.436762e+01  2.604565060055056946e+01  2.760538370100689320e+01  9.940132644294371858e+02  9.984600000000000364e+02
364 7282 7.554690e-01 2.437357e+01  2.604565060055056946e+01  2.714914388704033499e+01  9.951397334926232361e+02  9.976536337091775977e+02
365 7302 7.613997e-01 2.438114e+01  2.604565060055056946e+01  2.792095879847366291e+01  9.960064280839225148e+02  9.984061175940123576e+02
366 7322 7.667861e-01 2.440548e+01  2.604565060055056946e+01  2.917604392606876473e+01  9.955303731390577013e+02  9.985414165955302224e+02
367 7342 7.702283e-01 2.441079e+01  2.604565060055056946e+01  2.722316808204813654e+01  9.923750000000000000e+02  9.985160269489325628e+02
368 7362 7.748167e-01 2.442401e+01  2.604565060055056946e+01  2.740783047387625970e+01  9.959342640382531044e+02  9.985192968723874856e+02
369 7382 7.769905e-01 2.442865e+01  2.604565060055056946e+01  2.669029265577741228e+01  9.934141692785135547e+02  9.973126811796781794e+02
370 7402 7.737916e-01 2.443121e+01  2.604565060055056946e+01  2.733319039961687480e+01  9.943482559972562740e+02  9.985390806539342066e+02
371 7422 7.697195e-01 2.444078e+01  2.604565060055056946e+01  2.685332925169733898e+01  9.952126987122090895e+02  9.968887113985931592e+02
372 7442 7.641829e-01 2.444201e+01  2.604565060055056946e+01  2.755438523820414431e+01  9.956446187083581663e+02  9.985857703111701085e+02
373 7462 7.599590e-01 2.445051e+01  2.604565060055056946e+01  3.027937081078396631e+01  9.951967959239585753e+02  9.985560001316366652e+02
374 7482 7.512582e-01 2.445472e+01  2.604565060055056946e+01  2.951597829943578688e+01  9.953093709340247415e+02  9.985010186654242261e+02
375 7502 7.449039e-01 2.446075e+01  2.604565060055056946e+01  2.822950077863175977e+01  9.956437524231832867e+02  9.985299999999999727e+02
376 7522 7.399100e-01 2.446547e+01  2.604565060055056946e+01  2.770719851280518498e+01  9.946541330274083066e+02  9.970543781861013031e+02
377 7542 7.341567e-01 2.447922e+01  2.604565060055056946e+01  2.699974208329467018e+01  9.942393938174509458e+02  9.985151813901663900e+02
378 7562 7.274774e-01 2.448803e+01  2.604565060055056946e+01  2.833485695451149411e+01  9.949758648576921587e+02  9.985978811095669698e+02
379 7582 7.232953e-01 2.449561e+01  2.597996073422722674e+01  2.597996073422722674e+01  9.960593347205062855e+02  9.976967014648362237e+02
380 7602 7.158499e-01 2.450734e+01  2.597996073422722674e+01  2.806666750522585829e+01  9.955117206665349840e+02  9.983977726601581253e+02
381 7622 7.087931e-01 2.450827e+01  2.597996073422722674e+01  2.780093695292137213e+01  9.932954497755326884e+02  9.984808602300383882e+02
382 7642 7.032979e-01 2.450537e+01  2.597996073422722674e+01  2.691876707180502137e+01  9.924683148854034016e+02  9.985108301642479773e+02
383 7662 6.989406e-01 2.450338e+01  2.597996073422722674e+01  2.769197550497452198e+01  9.947794392737878297e+02  9.984393944394313394e+02
384 7682 6.929422e-01 2.451018e+01  2.597996073422722674e+01  2.743611756861513129e+01  9.941834763314064958e+02  9.967721034450775051e+02
385 7702 6.900192e-01 2.451504e+01  2.597996073422722674e+01  2.781870485384636638e+01  9.904289203524404002e+02  9.982133982131329049e+02
386 7722 6.876825e-01 2.453109e+01  2.597996073422722674e+01  2.680731050395502990e+01  9.958389633454394243e+02  9.986680105933641016e+02
387 7742 6.811187e-01 2.453418e+01  2.597996073422722674e+01  2.794443365146353386e+01  9.918315949234012123e+02  9.984900000000000091e+02
388 7762 6.739564e-01 2.453807e+01  2.597996073422722674e+01  2.661454064350662208e+01  9.912421582859342379e+02  9.985111628942935340e+02
389 7782 6.695385e-01 2.454395e+01  2.597996073422722674e+01  2.721050371623985242e+01  9.959358158197253488e+02  9.986388339562663532e+02
390 7802 6.653481e-01 2.454573e+01  2.597996073422722674e+01  2.815618019665930305e+01  9.923827544354983274e+02  9.984163701888030573e+02
391 7822 6.592358e-01 2.454623e+01  2.594170194224373560e+01  2.594170194224373560e+01  9.944131809002194586e+02  9.985406453561345188e+02
392 7842 6.545088e-01 2.455279e+01  2.594170194224373560e+01  2.690343927012717984e+01  9.927015634784673921e+02  9.985635894792636691e+02
393 7862 6.513547e-01 2.455971e+01  2.594170194224373560e+01  2.883453424895443717e+01  9.956097385982691321e+02  9.986281288846063262e+02
394 7882 6.528284e-01 2.457063e+01  2.594170194224373560e+01  2.835168950394602660e+01  9.934253036238766299e+02  9.984286734719570404e+02
395 7902 6.526926e-01 2.457191e+01  2.594170194224373560e+01  2.724706455366211344e+01  9.949136658022907795e+02  9.975199999999999818e+02
396 7922 6.560725e-01 2.458108e+01  2.594170194224373560e+01  2.772647087680242350e+01  9.962393682259283878e+02  9.976778859264400126e+02
397 7942 6.553009e-01 2.459137e+01  2.594170194224373560e+01  2.907650473553473702e+01  9.951809686678532216e+02  9.987124506292782371e+02
398 7962 6.520235e-01 2.459496e+01  2.594170194224373560e+01  2.791173198472696981e+01  9.943326055857554593e+02  9.985139794612812238e+02
399 7982 6.473652e-01 2.459082e+01  2.594170194224373560e+01  2.900633649853282492e+01  9.933226140318170110e+02  9.968863542099734332e+02
400 8002 6.411990e-01 2.458833e+01  2.594170194224373560e+01  2.827556065772978044e+01  9.923846434306543642e+02  9.972921660574204452e+02
401 8022 6.352211e-01 2.459129e+01  2.594170194224373560e+01  2.758578071338313720e+01  9.931718487800675348e+02  9.968384516640355741e+02
402 8042 6.293170e-01 2.460934e+01  2.594170194224373560e+01  2.852111600676476755e+01  9.921786974810988795e+02  9.985448067073078846e+02
403 8062 6.235182e-01 2.461220e+01  2.594170194224373560e+01  2.800826296502698298e+01  9.926859028692495031e+02  9.967952177728523111e+02
404 8082 6.161314e-01 2.461053e+01  2.594170194224373560e+01  2.859248049825249183e+01  9.945927746321970062e+02  9.985625653772565329e+02
405 8102 6.116488e-01 2.461752e+01  2.594170194224373560e+01  2.883964731048509478e+01  9.950713983081946026e+02  9.968309654550921550e+02
406 8122 6.096225e-01 2.462557e+01  2.594170194224373560e+01  2.831369837879618956e+01  9.936622127887546867e+02  9.966559271383181340e+02
407 8142 6.043225e-01 2.462832e+01  2.594170194224373560e+01  2.774330748908315414e+01  9.947417027743883864e+02  9.985536744843695942e+02
408 8162 5.981848e-01 2.462707e+01  2.594170194224373560e+01  2.737730116093742083e+01  9.939344250854746861e+02  9.966342275054931861e+02
409 8182 5.920654e-01 2.463159e+01  2.594170194224373560e+01  2.751338751692392748e+01  3.027797953839536405e+01  9.984953647728816577e+02
410 8202 5.870020e-01 2.464371e+01  2.594170194224373560e+01  2.744658658327968581e+01  9.917279791790931540e+02  9.985321193489580764e+02
411 8222 5.826082e-01 2.465081e+01  2.594170194224373560e+01  2.777867789584669822e+01  9.904214366108146805e+02  9.985843792138815616e+02
412 8242 5.756438e-01 2.465662e+01  2.594170194224373560e+01  2.766518487009602012e+01  9.926624581741173188e+02  9.966440127937131592e+02
413 8262 5.674318e-01 2.465899e+01  2.594170194224373560e+01  2.702094084484090075e+01  9.929865351226103485e+02  9.966100000000000136e+02
414 8282 5.599100e-01 2.466687e+01  2.594170194224373560e+01  2.734527121403245786e+01  9.935833460240421573e+02  9.970079394559328421e+02
415 8302 5.535669e-01 2.466511e+01  2.594170194224373560e+01  2.767063607828987060e+01  9.951796829721454287e+02  9.986473010232732577e+02
416 8322 5.437705e-01 2.467932e+01  2.594170194224373560e+01  2.722336277569798568e+01  5.078545245126457530e+02  9.985826523617948851e+02
417 8342 5.380416e-01 2.468173e+01  2.594170194224373560e+01  2.746041805129792124e+01  9.943272394043949589e+02  9.985281751459933730e+02
418 8362 5.364752e-01 2.467911e+01  2.594170194224373560e+01  2.766063128529091841e+01  2.897236553059962461e+01  9.972454473787511233e+02
419 8382 5.368840e-01 2.468496e+01  2.594170194224373560e+01  2.651161526986996719e+01  9.913801129620264874e+02  9.979457095567535134e+02
420 8402 5.370566e-01 2.469081e+01  2.594170194224373560e+01  2.673464802872423007e+01  9.945592149357376002e+02  9.983149544265014583e+02
421 8422 5.362054e-01 2.468398e+01  2.594170194224373560e+01  2.654232520206089418e+01  9.913140495903616056e+02  9.984982435825301081e+02
422 8442 5.332879e-01 2.467665e+01  2.594170194224373560e+01  2.685623959156133367e+01  9.895899058634836365e+02  9.963051749414649976e+02
423 8462 5.312595e-01 2.467799e+01  2.594170194224373560e+01  2.698939223968805479e+01  9.875958339769354097e+02  9.985312142640458433e+02
424 8482 5.299454e-01 2.468348e+01  2.594170194224373560e+01  2.795713586306082021e+01  9.955118841524816844e+02  9.977056270105704243e+02
425 8502 5.312016e-01 2.468555e+01  2.594170194224373560e+01  2.711842481782818481e+01  9.927747516926265234e+02  9.972200000000000273e+02
426 8522 5.292760e-01 2.470299e+01  2.594170194224373560e+01  2.669528218159175026e+01  9.917875159472373525e+02  9.985046249316839067e+02
427 8542 5.287936e-01 2.470366e+01  2.594170194224373560e+01  2.716311961122689667e+01  9.896911481928168541e+02  9.984234015125281303e+02
428 8562 5.289417e-01 2.470430e+01  2.594170194224373560e+01  2.779722875419176731e+01  9.917684410101651338e+02  9.971321350318853547e+02
429 8582 5.269336e-01 2.470436e+01  2.594170194224373560e+01  2.682825998336011253e+01  9.926498033190348451e+02  9.972859118813862551e+02
430 8602 5.250474e-01 2.471102e+01  2.594170194224373560e+01  2.763332462787674260e+01  9.934997485727828916e+02  9.979020201370514087e+02
431 8622 5.241379e-01 2.472026e+01  2.594170194224373560e+01  2.736091652730486956e+01  9.948972806883748490e+02  9.984400000000000546e+02
432 8642 5.235327e-01 2.473110e+01  2.594170194224373560e+01  2.671753177160128701e+01  9.933764029258370556e+02  9.984241079700434511e+02
433 8662 5.244956e-01 2.473003e+01  2.594170194224373560e+01  2.743679630908266631e+01  9.947685703085244313e+02  9.983773156461018061e+02
434 8682 5.242824e-01 2.471591e+01  2.594170194224373560e+01  2.699421942869015822e+01  9.950949375977844511e+02  9.972902889179508747e+02
435 8702 5.256939e-01 2.471468e+01  2.594170194224373560e+01  2.681564327562265504e+01  9.925267310154588358e+02  9.974855208360486358e+02
436 8722 5.294450e-01 2.471753e+01  2.594170194224373560e+01  2.759153657605083509e+01  9.884573885096756385e+02  9.952751347040643850e+02
437 8742 5.309783e-01 2.471512e+01  2.594170194224373560e+01  2.683387822775872067e+01  9.918174048613084324e+02  9.967449458186129050e+02
438 8762 5.328442e-01 2.472125e+01  2.594170194224373560e+01  2.688508251638755553e+01  9.887373968940955820e+02  9.969891231831592222e+02
439 8782 5.349051e-01 2.473215e+01  2.594170194224373560e+01  2.721200805670891043e+01  9.912119672594153599e+02  9.961826958141222121e+02
440 8802 5.379998e-01 2.475219e+01  2.594170194224373560e+01  2.727890398637408964e+01  5.124434967511857622e+02  9.962158661861261635e+02
441 8822 5.391981e-01 2.475392e+01  2.594170194224373560e+01  2.665410599881633402e+01  9.944140344241634466e+02  9.984545265467218087e+02
442 8842 5.419819e-01 2.475724e+01  2.594170194224373560e+01  2.652946231586285819e+01  9.946109087608547270e+02  9.984606434620397977e+02
443 8862 5.435857e-01 2.476555e+01  2.594170194224373560e+01  2.760285924689665293e+01  2.999617663696585623e+01  9.985637398069169421e+02
444 8882 5.451288e-01 2.477351e+01  2.594170194224373560e+01  2.745685400576999413e+01  9.941655957497617919e+02  9.984110109463842946e+02
445 8902 5.435082e-01 2.477319e+01  2.594170194224373560e+01  2.767547243946982150e+01  2.922937920448625704e+01  9.984199999999999591e+02
446 8922 5.414791e-01 2.477435e+01  2.594170194224373560e+01  2.812642524786657106e+01  9.919466084073861794e+02  9.980829596843078662e+02
447 8942 5.369559e-01 2.477928e+01  2.594170194224373560e+01  2.811781253162044436e+01  9.895398557172702567e+02  9.983742735410943396e+02
448 8962 5.350692e-01 2.479261e+01  2.594170194224373560e+01  2.713805592569807601e+01  9.914606559893088615e+02  9.985247292765924385e+02
449 8982 5.331830e-01 2.479563e+01  2.594170194224373560e+01  2.760397350530087124e+01  5.108967705463365974e+02  9.979193447947258164e+02
450 9002 5.317577e-01 2.479709e+01  2.594170194224373560e+01  2.724855240489333852e+01  2.937003470564215490e+01  9.974338125764619463e+02
451 9022 5.327153e-01 2.479739e+01  2.594170194224373560e+01  2.711096283698766740e+01  9.944729227566958798e+02  9.984849963217633331e+02
452 9042 5.362928e-01 2.480186e+01  2.465098261694689796e+01  2.465098261694689796e+01  5.087090022348384650e+02  9.975009966773671977e+02
453 9062 5.385289e-01 2.479897e+01  2.465098261694689796e+01  2.632523898029344878e+01  9.917730770000741813e+02  9.984985851035856967e+02
454 9082 5.388305e-01 2.479986e+01  2.465098261694689796e+01  2.640838839802840354e+01  9.941973602139692048e+02  9.986355638066268057e+02
455 9102 5.361689e-01 2.480578e+01  2.465098261694689796e+01  2.643039945985172068e+01  9.928295693606219174e+02  9.985416040020779747e+02
456 9122 5.333700e-01 2.480949e+01  2.465098261694689796e+01  2.728191287683056032e+01  9.944718049183125004e+02  9.984313265709504321e+02
457 9142 5.313820e-01 2.479857e+01  2.465098261694689796e+01  2.620193404978049401e+01  9.879581744956923330e+02  9.980399999999999636e+02
458 9162 5.268313e-01 2.479736e+01  2.465098261694689796e+01  2.690458920520262964e+01  9.886807470217040645e+02  9.986480477120464911e+02
459 9182 5.207226e-01 2.480495e+01  2.465098261694689796e+01  2.685324305586487625e+01  9.896431557918111821e+02  9.985136258611313451e+02
460 9202 5.144870e-01 2.481088e+01  2.465098261694689796e+01  2.670762080156011109e+01  9.878871137288284672e+02  9.984684690330407193e+02
461 9222 5.081717e-01 2.481878e+01  2.465098261694689796e+01  2.575145156808432745e+01  5.094612468048827054e+02  9.985463587310115372e+02
462 9242 5.033335e-01 2.482221e+01  2.465098261694689796e+01  2.642000782494484667e+01  9.909684742177230419e+02  9.979282668577686763e+02
463 9262 4.997366e-01 2.483028e+01  2.465098261694689796e+01  2.741308011979057468e+01  9.924837332058132233e+02  9.967423584390014639e+02
464 9282 4.954040e-01 2.483199e+01  2.465098261694689796e+01  2.684075453761355590e+01  9.928193252983116963e+02  9.973554793181158402e+02
465 9302 4.897604e-01 2.483898e+01  2.465098261694689796e+01  2.725671606636363009e+01  9.898788305732014123e+02  9.963874221160687057e+02
466 9322 4.869593e-01 2.484248e+01  2.465098261694689796e+01  2.600721075769279267e+01  9.939419739816523816e+02  9.983738763544503172e+02
467 9342 4.845280e-01 2.484368e+01  2.465098261694689796e+01  2.649487388881410510e+01  5.080203160233523363e+02  9.985460937560833372e+02
468 9362 4.796133e-01 2.483606e+01  2.465098261694689796e+01  2.569162085927965933e+01  9.902789381266836699e+02  9.985641091364058184e+02
469 9382 4.761204e-01 2.483334e+01  2.465098261694689796e+01  2.630413098302150487e+01  9.935042670158883311e+02  9.986030822836481775e+02
470 9402 4.733620e-01 2.484176e+01  2.465098261694689796e+01  2.647775047569940199e+01  2.932565094932568783e+01  9.985198805016863162e+02
471 9422 4.684745e-01 2.484122e+01  2.465098261694689796e+01  2.642001646813941917e+01  9.910581781417134835e+02  9.984403482084105690e+02
472 9442 4.643028e-01 2.483908e+01  2.465098261694689796e+01  2.697254469969423241e+01  9.925914573073250722e+02  9.984584986898912575e+02
473 9462 4.607361e-01 2.484380e+01  2.465098261694689796e+01  2.606385460987608838e+01  9.938371029337727123e+02  9.985494720617905386e+02
474 9482 4.591473e-01 2.484940e+01  2.465098261694689796e+01  2.640500124560184148e+01  2.845538583262830201e+01  9.984534115439626021e+02
475 9502 4.555935e-01 2.485393e+01  2.465098261694689796e+01  2.632362481779703600e+01  2.759674307737225618e+01  9.979600000000000364e+02
476 9522 4.533573e-01 2.485306e+01  2.465098261694689796e+01  2.636745917799048655e+01  9.951709899643881272e+02  9.986120016703551983e+02
477 9542 4.534912e-01 2.486298e+01  2.465098261694689796e+01  2.703660628051862247e+01  5.080069571953465584e+02  9.984600000000000364e+02
478 9562 4.542265e-01 2.486614e+01  2.465098261694689796e+01  2.700175813816665027e+01  9.927254137295512919e+02  9.985677954142167891e+02
479 9582 4.546226e-01 2.486169e+01  2.465098261694689796e+01  2.703600638919073162e+01  9.953753657566073798e+02  9.977591104241986386e+02
480 9602 4.532891e-01 2.485999e+01  2.465098261694689796e+01  2.685843714178433572e+01  9.952470665755125765e+02  9.979481689347612701e+02
481 9622 4.531673e-01 2.487503e+01  2.465098261694689796e+01  2.680494102364970033e+01  9.934482314445633619e+02  9.985242429644515596e+02
482 9642 4.539786e-01 2.488760e+01  2.465098261694689796e+01  2.636430708076019869e+01  9.957953226868861520e+02  9.978172413195745776e+02
483 9662 4.541253e-01 2.489296e+01  2.465098261694689796e+01  2.727081205242030038e+01  9.942929428453759328e+02  9.984795949049462251e+02
484 9683 4.521150e-01 2.489629e+01  2.465098261694689796e+01  2.640983619717103181e+01  2.923708215246010056e+01  9.986031927196333982e+02
485 9703 4.509827e-01 2.490708e+01  2.465098261694689796e+01  2.678334162033617361e+01  9.936752309414009687e+02  9.986564029297362595e+02
486 9723 4.477590e-01 2.490692e+01  2.465098261694689796e+01  2.710028962211955772e+01  2.819200978606036045e+01  9.984707505464559745e+02
487 9743 4.454078e-01 2.491012e+01  2.465098261694689796e+01  2.670721253835436926e+01  2.858022293959411897e+01  9.961507817808931122e+02
488 9763 4.439620e-01 2.491972e+01  2.465098261694689796e+01  2.632340131919054826e+01  5.108977194071964618e+02  9.981900000000000546e+02
489 9783 4.441850e-01 2.492703e+01  2.465098261694689796e+01  2.679093594555043367e+01  9.935020832749025885e+02  9.982178010772565813e+02
490 9803 4.458183e-01 2.493655e+01  2.465098261694689796e+01  2.675337208932868549e+01  9.949225808548492296e+02  9.973947024693587764e+02
491 9823 4.465567e-01 2.493548e+01  2.465098261694689796e+01  2.689948814288792533e+01  9.929894234883656736e+02  9.986485447378211120e+02
492 9843 4.471142e-01 2.494141e+01  2.465098261694689796e+01  2.668037530518891742e+01  2.887148107786178386e+01  9.972412647231735718e+02
493 9863 4.493013e-01 2.495831e+01  2.465098261694689796e+01  2.689237681108318867e+01  5.089333805022325237e+02  9.985412559421118885e+02
494 9883 4.514205e-01 2.496500e+01  2.465098261694689796e+01  2.665591619491875264e+01  9.952510534798964272e+02  9.986253059187665713e+02
495 9903 4.530891e-01 2.496468e+01  2.465098261694689796e+01  2.743168112836689332e+01  9.958648704915840426e+02  9.984089341077234394e+02
496 9923 4.567573e-01 2.496282e+01  2.465098261694689796e+01  2.732552219426458606e+01  9.924339514795586865e+02  9.983078323760961439e+02
497 9943 4.591603e-01 2.496070e+01  2.465098261694689796e+01  2.758014167083397794e+01  9.937059835428253791e+02  9.979853294010356421e+02
498 9963 4.590894e-01 2.497040e+01  2.465098261694689796e+01  2.719184284233091375e+01  9.934733293463730206e+02  9.981120634813271408e+02
499 9983 4.572633e-01 2.496049e+01  2.465098261694689796e+01  2.710083118039229788e+01  9.902908198780113480e+02  9.972100000000000364e+02
500 10003 4.565342e-01 2.495751e+01  2.465098261694689796e+01  2.717909289923625948e+01  9.928297544008380555e+02  9.979938196101674066e+02
501 10023 4.554722e-01 2.495265e+01  2.465098261694689796e+01  2.641633061774147251e+01  2.817092906458499968e+01  9.984903138587533249e+02
502 10043 4.545624e-01 2.494884e+01  2.465098261694689796e+01  2.673040987328453610e+01  3.058723382246606093e+01  9.979437265822652989e+02
503 10063 4.542910e-01 2.495135e+01  2.465098261694689796e+01  2.707850874914727513e+01  9.953583506461050092e+02  9.974865914068222992e+02
504 10083 4.526970e-01 2.496573e+01  2.465098261694689796e+01  2.669849083875101314e+01  9.945290041723304739e+02  9.985908692278817398e+02
505 10103 4.511010e-01 2.496870e+01  2.465098261694689796e+01  2.675158387661300452e+01  9.949150620604015103e+02  9.985920682833967703e+02
506 10123 4.503409e-01 2.497925e+01  2.465098261694689796e+01  2.625955702561479654e+01  5.114862342648876847e+02  9.975778151667651628e+02
507 10143 4.495711e-01 2.498380e+01  2.465098261694689796e+01  2.780680592393247252e+01  9.957527430542661477e+02  9.986161439572841800e+02
508 10163 4.462492e-01 2.500026e+01  2.465098261694689796e+01  2.717814490452058962e+01  9.937290381622101449e+02  9.985038958333270784e+02
509 10183 4.429145e-01 2.500694e+01  2.465098261694689796e+01  2.684627121559656615e+01  9.926839967421021811e+02  9.984062168193341904e+02
510 10203 4.402953e-01 2.501147e+01  2.465098261694689796e+01  2.678826240282622706e+01  9.936112672935007595e+02  9.985726251550670440e+02
511 10223 4.374682e-01 2.501916e+01  2.465098261694689796e+01  2.664933447367303643e+01  2.834173263609916660e+01  9.977016685378574721e+02
512 10243 4.350169e-01 2.502022e+01  2.465098261694689796e+01  2.661651672602318897e+01  9.935917789997192813e+02  9.984866994452563631e+02
513 10263 4.334458e-01 2.501159e+01  2.465098261694689796e+01  2.644399352293363492e+01  9.954581320087786480e+02  9.983924407722469141e+02
514 10283 4.325024e-01 2.501817e+01  2.465098261694689796e+01  2.649492146889222965e+01  9.945478742612538099e+02  9.969422501143657200e+02
515 10303 4.310805e-01 2.501346e+01  2.465098261694689796e+01  2.675408346521084724e+01  9.892115517520073809e+02  9.969308338388761968e+02
516 10323 4.283858e-01 2.502013e+01  2.465098261694689796e+01  2.590412877984319806e+01  2.766592737342609354e+01  9.950644059663428607e+02
517 10343 4.250917e-01 2.502781e+01  2.465098261694689796e+01  2.618959882341596312e+01  5.079027689901343479e+02  9.969700000000000273e+02
518 10363 4.222141e-01 2.502396e+01  2.465098261694689796e+01  2.682879125277501231e+01  5.077470230376935092e+02  9.970800000000000409e+02
519 10383 4.196410e-01 2.502978e+01  2.465098261694689796e+01  2.566406681521706901e+01  9.919047440724847320e+02  9.986180257484404592e+02
520 10403 4.161915e-01 2.502420e+01  2.465098261694689796e+01  2.672349907265220281e+01  9.954975644722601373e+02  9.985766759949444804e+02
521 10423 4.117635e-01 2.502990e+01  2.465098261694689796e+01  2.641557060542744750e+01  9.913864476481356860e+02  9.985877626351496019e+02
522 10443 4.087890e-01 2.503724e+01  2.465098261694689796e+01  2.589821866964959440e+01  5.104169823865153148e+02  9.984531102819569242e+02
523 10463 4.045158e-01 2.504271e+01  2.465098261694689796e+01  2.605683997854025336e+01  9.946451474828029404e+02  9.984589528624907189e+02
524 10483 4.002449e-01 2.505551e+01  2.465098261694689796e+01  2.575327554967205756e+01  9.904598050105676066e+02  9.979002544960704881e+02
525 10503 3.968805e-01 2.506044e+01  2.465098261694689796e+01  2.583544334419605448e+01  2.771033395775272368e+01  9.979807000345654160e+02
526 10523 3.931822e-01 2.506291e+01  2.465098261694689796e+01  2.624256058464442631e+01  2.761440654337727807e+01  9.964708535990996552e+02
527 10543 3.879661e-01 2.506541e+01  2.465098261694689796e+01  2.553691598845113475e+01  2.832792389402318634e+01  9.983631636223080932e+02
528 10563 3.827270e-01 2.506284e+01  2.465098261694689796e+01  2.625862169514528333e+01  2.716010001380931627e+01  9.979383961029935790e+02
529 10583 3.794787e-01 2.506321e+01  2.465098261694689796e+01  2.584639524406112798e+01  2.723975117252852840e+01  9.972609249476113291e+02
530 10603 3.761365e-01 2.506425e+01  2.465098261694689796e+01  2.623452944485089589e+01  2.815520300460739733e+01  9.986307267441956128e+02
531 10623 3.736640e-01 2.506546e+01  2.465098261694689796e+01  2.621035046310611705e+01  5.082063600077629530e+02  9.985957345874693374e+02
532 10643 3.718851e-01 2.506387e+01  2.465098261694689796e+01  2.648144236204293733e+01  9.925059495409304873e+02  9.983709363959726488e+02
533 10663 3.700021e-01 2.506528e+01  2.465098261694689796e+01  2.639650142179929659e+01  2.896059763162822520e+01  9.976699999999999591e+02
534 10683 3.680801e-01 2.507047e+01  2.465098261694689796e+01  2.617426222694663096e+01  2.745802444502747619e+01  9.983450034157432356e+02
535 10703 3.666803e-01 2.506857e+01  2.465098261694689796e+01  2.625538951340267246e+01  2.878423543776063553e+01  9.984671136530382682e+02
536 10723 3.665052e-01 2.506238e+01  2.465098261694689796e+01  2.560157523495016463e+01  9.953727200650581608e+02  9.979341867235025347e+02
537 10743 3.668056e-01 2.506152e+01  2.465098261694689796e+01  2.630895465903775587e+01  5.076904835359964636e+02  9.981722285699436270e+02
538 10763 3.675842e-01 2.507285e+01  2.465098261694689796e+01  2.604286335905083760e+01  5.083170744233425467e+02  9.961799999999999500e+02
539 10783 3.695078e-01 2.508370e+01  2.465098261694689796e+01  2.580735957857745433e+01  2.715042057588300040e+01  9.985721977736037616e+02
540 10803 3.697266e-01 2.508562e+01  2.465098261694689796e+01  2.643141832439598460e+01  9.950834958027865014e+02  9.986145052989655824e+02
541 10823 3.703690e-01 2.510184e+01  2.465098261694689796e+01  2.552902913008686880e+01  2.773499927847989355e+01  9.978662766335246488e+02
542 10843 3.713939e-01 2.510514e+01  2.465098261694689796e+01  2.641520123858988356e+01  9.924625364420674032e+02  9.984846997048255162e+02
543 10863 3.724746e-01 2.510742e+01  2.465098261694689796e+01  2.611069037945885185e+01  2.801598522800098579e+01  9.974029632426203307e+02
544 10883 3.744545e-01 2.511938e+01  2.465098261694689796e+01  2.623244947377366287e+01  9.933702072833417560e+02  9.986106179641477638e+02
545 10903 3.763924e-01 2.512277e+01  2.465098261694689796e+01  2.634658746882805502e+01  9.921892797043327619e+02  9.972543346300133180e+02
546 10923 3.786008e-01 2.512799e+01  2.465098261694689796e+01  2.636990278627591522e+01  2.825964436377308786e+01  9.979640694063450610e+02
547 10943 3.798744e-01 2.513351e+01  2.465098261694689796e+01  2.642147471245239387e+01  2.794300589769873255e+01  9.975836995554781197e+02
548 10963 3.798475e-01 2.514835e+01  2.465098261694689796e+01  2.604453177492913341e+01  9.888207897954556529e+02  9.985045584394284788e+02
549 10983 3.796412e-01 2.516141e+01  2.465098261694689796e+01  2.573134983845462642e+01  5.085115473282471612e+02  9.983767264992429773e+02
550 11003 3.789876e-01 2.516256e+01  2.465098261694689796e+01  2.612289838467671643e+01  9.958301756864723302e+02  9.985103730946684664e+02
551 11023 3.777804e-01 2.516350e+01  2.465098261694689796e+01  2.637440154380301038e+01  9.951491721848904035e+02  9.985657391215548842e+02
552 11043 3.755132e-01 2.517565e+01  2.465098261694689796e+01  2.618200757628326159e+01  2.758451770204860765e+01  9.976368572626296327e+02
553 11063 3.736821e-01 2.518308e+01  2.465098261694689796e+01  2.610508868308220443e+01  9.952312236845473308e+02  9.986046963473172582e+02
554 11083 3.711352e-01 2.519509e+01  2.465098261694689796e+01  2.628646940309693036e+01  9.957773361197381519e+02  9.985730784357663197e+02
555 11103 3.699906e-01 2.520895e+01  2.465098261694689796e+01  2.587139455869655791e+01  9.885019312473062882e+02  9.984800397124919300e+02
556 11123 3.695664e-01 2.521631e+01  2.465098261694689796e+01  2.601877351394672644e+01  9.949112023254797350e+02  9.983250648647734806e+02
557 11143 3.686441e-01 2.521729e+01  2.465098261694689796e+01  2.600174227163201834e+01  9.923141566359659009e+02  9.965099999999999909e+02
558 11163 3.663658e-01 2.521796e+01  2.465098261694689796e+01  2.632167843598641355e+01  9.943076218566919806e+02  9.986008225485282992e+02
559 11183 3.656722e-01 2.522067e+01  2.465098261694689796e+01  2.670329674942355069e+01  9.925628937324818253e+02  9.973084703776995639e+02
560 11203 3.645834e-01 2.522202e+01  2.465098261694689796e+01  2.598523291161291482e+01  9.886814060439644436e+02  9.980499999999999545e+02
561 11223 3.638315e-01 2.523789e+01  2.465098261694689796e+01  2.611209714323117481e+01  9.902069589285365510e+02  9.985885831505628403e+02
562 11243 3.642593e-01 2.525371e+01  2.465098261694689796e+01  2.563510241651292887e+01  2.724830658789327487e+01  9.981555951856086040e+02
563 11263 3.644308e-01 2.525723e+01  2.465098261694689796e+01  2.631975430010926686e+01  9.956581770035854788e+02  9.985861659214556312e+02
564 11283 3.654977e-01 2.525660e+01  2.465098261694689796e+01  2.592416833495119732e+01  9.909670099811000910e+02  9.986100000000000136e+02
565 11303 3.677886e-01 2.526460e+01  2.465098261694689796e+01  2.616690135922683424e+01  9.957045967839083005e+02  9.984344049974766904e+02
566 11323 3.680513e-01 2.528007e+01  2.465098261694689796e+01  2.632831885097285962e+01  9.945419583198894316e+02  9.979505457835045945e+02
567 11343 3.690697e-01 2.528127e+01  2.465098261694689796e+01  2.668035042464647333e+01  9.956282778490694909e+02  9.985684372146870373e+02
568 11363 3.685238e-01 2.529703e+01  2.465098261694689796e+01  2.584575531735233866e+01  2.776435815996815393e+01  9.985869723160283229e+02
569 11383 3.695679e-01 2.530406e+01  2.465098261694689796e+01  2.657949139319477894e+01  9.953643693456701840e+02  9.986161561897619094e+02
570 11403 3.711701e-01 2.532442e+01  2.465098261694689796e+01  2.597577624887479786e+01  2.714294570205711210e+01  9.972001267378939247e+02
571 11423 3.722677e-01 2.532285e+01  2.465098261694689796e+01  2.606012061374034161e+01  9.953732439252225959e+02  9.985862787065985913e+02
572 11443 3.726293e-01 2.532792e+01  2.465098261694689796e+01  2.655735386482191984e+01  9.946607994993782995e+02  9.986022900311719468e+02
573 11463 3.736842e-01 2.533537e+01  2.465098261694689796e+01  2.605528352437596595e+01  5.111558384080527730e+02  9.986459919875520654e+02
574 11483 3.742774e-01 2.533566e+01  2.465098261694689796e+01  2.581267302004302167e+01  9.929553059422197521e+02  9.986328217981521220e+02
575 11503 3.765390e-01 2.534420e+01  2.465098261694689796e+01  2.619339894578196137e+01  9.956180184715062751e+02  9.984934685188925414e+02
576 11523 3.784134e-01 2.534389e+01  2.465098261694689796e+01  2.641032042124982482e+01  5.103155809548885600e+02  9.971162917272690720e+02
577 11543 3.793378e-01 2.534257e+01  2.465098261694689796e+01  2.636073475448459646e+01  2.840552256257364405e+01  9.985273684601975219e+02
578 11563 3.797007e-01 2.535021e+01  2.465098261694689796e+01  2.656920139072027354e+01  2.810448265740357954e+01  9.985668888995764974e+02
579 11583 3.795925e-01 2.535075e+01  2.465098261694689796e+01  2.614232883115537476e+01  2.797558339556105267e+01  9.987573271444543934e+02
580 11603 3.774758e-01 2.534687e+01  2.465098261694689796e+01  2.526331999078758628e+01  9.950613169325688432e+02  9.986625059317285604e+02
581 11623 3.757788e-01 2.535198e+01  2.465098261694689796e+01  2.586067879273484493e+01  9.939654422224942891e+02  9.959490466203487813e+02
582 11643 3.757782e-01 2.536114e+01  2.465098261694689796e+01  2.574016812888256922e+01  9.943990625259434637e+02  9.969133433723704911e+02
583 11663 3.764519e-01 2.537371e+01  2.465098261694689796e+01  2.588078051944889069e+01  9.954581565487485477e+02  9.980357418834508962e+02
584 11683 3.797124e-01 2.537751e+01  2.465098261694689796e+01  2.608228948016787996e+01  9.936365475496800173e+02  9.986065071418314574e+02
585 11703 3.845343e-01 2.539464e+01  2.465098261694689796e+01  2.611930696711834443e+01  9.952701687188941833e+02  9.985764529830385072e+02
586 11723 3.881052e-01 2.540620e+01  2.465098261694689796e+01  2.569718543449086567e+01  9.940679975554746761e+02  9.980504640939465162e+02
587 11743 3.881738e-01 2.540442e+01  2.465098261694689796e+01  2.590472331885234425e+01  5.111746617153665966e+02  9.985056693486167205e+02
588 11763 3.876652e-01 2.540159e+01  2.465098261694689796e+01  2.591551595266060914e+01  9.926763020242449329e+02  9.973386738739029624e+02
589 11783 3.869591e-01 2.540694e+01  2.465098261694689796e+01  2.525545511152135703e+01  9.938447469537618417e+02  9.981584112247728626e+02
590 11803 3.856154e-01 2.541769e+01  2.465098261694689796e+01  2.606281497393959157e+01  9.953526987896116225e+02  9.986119220252743389e+02
591 11823 3.843756e-01 2.542408e+01  2.465098261694689796e+01  2.576303044378996887e+01  2.728812666307758406e+01  9.984900874480636048e+02
592 11843 3.846133e-01 2.543614e+01  2.465098261694689796e+01  2.586656323298092630e+01  2.695407563275948348e+01  9.985871333926969555e+02
593 11863 3.854685e-01 2.543481e+01  2.465098261694689796e+01  2.595554023520049469e+01  9.942985981477224868e+02  9.985717027312540495e+02
594 11883 3.857417e-01 2.545480e+01  2.465098261694689796e+01  2.617204217279123668e+01  2.739024606695523900e+01  9.969800000000000182e+02
595 11903 3.861669e-01 2.546263e+01  2.465098261694689796e+01  2.571199162198012900e+01  9.943947424552341090e+02  9.973076484528107812e+02
596 11923 3.848229e-01 2.546356e+01  2.465098261694689796e+01  2.566018312192079875e+01  9.921055248464460874e+02  9.970451935114325579e+02
597 11943 3.845049e-01 2.547643e+01  2.465098261694689796e+01  2.558597364214501724e+01  2.661952426172799235e+01  9.965444507011303585e+02
598 11963 3.832065e-01 2.548392e+01  2.465098261694689796e+01  2.579894845539737247e+01  9.955183209430421130e+02  9.985045592360092996e+02
599 11983 3.824409e-01 2.549341e+01  2.465098261694689796e+01  2.519427403560210621e+01  5.108782255690108514e+02  9.979229884472781578e+02
600 12003 3.814330e-01 2.549891e+01  2.465098261694689796e+01  2.577977309974439279e+01  9.960350175516870195e+02  9.985665712236392437e+02
