%  columns="iteration, evaluation, sigma, axis ratio, bestever, best, median, worst fitness function value, further objective values of best" (startseed=208719, 2017/10/11 19:16:14.20)
1 21 1.070161e+00 2.242371e+01  9.919622053777827659e+02  9.962796738925811724e+02  9.966207135691083749e+02  9.970587315130336492e+02
2 41 1.029322e+00 2.243905e+01  9.919622053777827659e+02  9.959608415727889223e+02  9.965619135760878180e+02  9.970960053417613835e+02
3 61 9.998342e-01 2.244409e+01  9.919622053777827659e+02  9.951477262637115473e+02  9.966292454417696263e+02  9.969836245401577344e+02
4 81 9.750635e-01 2.245570e+01  9.919622053777827659e+02  9.958857506154221255e+02  9.965811810456110607e+02  9.971936964898620772e+02
5 101 9.584578e-01 2.246047e+01  9.919622053777827659e+02  9.950804098727981000e+02  9.966009436623166948e+02  9.970620950343543427e+02
6 121 9.409806e-01 2.246954e+01  9.919622053777827659e+02  9.958310238634472853e+02  9.966029387085096687e+02  9.969218527590098802e+02
7 141 9.240783e-01 2.247912e+01  9.919622053777827659e+02  9.946774256512946977e+02  9.964696552741556843e+02  9.971167095595111505e+02
8 161 9.092733e-01 2.248775e+01  9.919622053777827659e+02  9.955191997416011418e+02  9.965677128438514956e+02  9.971090889572489004e+02
9 181 8.984540e-01 2.250095e+01  9.919622053777827659e+02  9.956693168167681733e+02  9.965616965982475222e+02  9.970495895152876074e+02
10 201 8.909250e-01 2.250461e+01  9.919622053777827659e+02  9.954075364295439385e+02  9.964786487352802169e+02  9.968997787187391850e+02
11 221 8.851228e-01 2.251161e+01  9.919622053777827659e+02  9.953913971620171424e+02  9.960924197887973151e+02  9.969270566784721268e+02
12 241 8.818586e-01 2.253244e+01  9.919622053777827659e+02  9.956325991896034111e+02  9.965416930350190796e+02  9.970416753973362347e+02
13 261 8.776674e-01 2.253660e+01  9.919622053777827659e+02  9.951045955260217397e+02  9.962731505553979332e+02  9.969387484641225683e+02
14 281 8.731724e-01 2.254000e+01  9.919622053777827659e+02  9.941454092623000633e+02  9.964614802375476756e+02  9.969443509559363292e+02
15 301 8.709524e-01 2.254483e+01  9.919622053777827659e+02  9.957289270302599107e+02  9.966505644180067520e+02  9.969641884090651729e+02
16 321 8.642678e-01 2.255826e+01  9.919622053777827659e+02  9.961209632442956945e+02  9.966480471856291388e+02  9.971387480439758519e+02
17 341 8.580895e-01 2.256522e+01  9.919622053777827659e+02  9.958448836474592554e+02  9.964361011388325551e+02  9.969047172678785955e+02
18 361 8.530510e-01 2.256531e+01  9.919622053777827659e+02  9.949065809417814990e+02  9.964125499741356862e+02  9.969070102729648397e+02
19 381 8.474675e-01 2.256819e+01  9.919622053777827659e+02  9.944463229147230550e+02  9.962719516363658840e+02  9.970175191466065598e+02
20 401 8.388524e-01 2.256778e+01  9.919622053777827659e+02  9.956474045176918253e+02  9.964464010811332173e+02  9.968992472021504909e+02
21 421 8.333679e-01 2.257169e+01  9.919622053777827659e+02  9.950249009144561114e+02  9.964392677387470485e+02  9.968641588004805953e+02
22 441 8.255233e-01 2.258752e+01  9.919622053777827659e+02  9.938121078483280826e+02  9.965306318591684658e+02  9.967793420657600336e+02
23 461 8.192522e-01 2.259885e+01  9.919622053777827659e+02  9.953797367653788797e+02  9.963912802610077506e+02  9.968956869159824237e+02
24 481 8.141019e-01 2.260036e+01  9.919622053777827659e+02  9.954400000000000546e+02  9.964986353558842893e+02  9.970662715395632176e+02
25 501 8.131650e-01 2.261142e+01  9.919622053777827659e+02  9.952111566198910850e+02  9.964398532369767736e+02  9.969230362336610369e+02
26 521 8.094239e-01 2.261015e+01  9.919622053777827659e+02  9.956531221153787783e+02  9.963536088856541255e+02  9.969190990746521948e+02
27 541 8.016566e-01 2.261256e+01  9.919622053777827659e+02  9.956628335688491234e+02  9.964307612258555764e+02  9.969214756211033546e+02
28 561 7.931927e-01 2.261811e+01  9.919622053777827659e+02  9.949576790981708427e+02  9.963297542873306156e+02  9.969491698466546268e+02
29 581 7.819919e-01 2.261835e+01  9.919622053777827659e+02  9.956538268278923169e+02  9.962788017654295345e+02  9.967911317998646155e+02
30 601 7.741356e-01 2.262287e+01  9.919622053777827659e+02  9.956373088777860403e+02  9.963850899177259635e+02  9.967353283490339209e+02
31 621 7.699968e-01 2.263517e+01  9.919622053777827659e+02  9.952009037554589668e+02  9.965448827286492133e+02  9.969326763211222442e+02
32 641 7.635258e-01 2.263898e+01  9.919622053777827659e+02  9.954046643293340821e+02  9.962142550410017066e+02  9.967268928169490891e+02
33 661 7.576486e-01 2.265169e+01  9.919622053777827659e+02  9.951705545760027007e+02  9.963585479525834216e+02  9.969493180885076526e+02
34 681 7.547217e-01 2.265523e+01  9.919622053777827659e+02  9.953419557697842492e+02  9.964476737151810539e+02  9.968707043522431377e+02
35 701 7.480521e-01 2.265951e+01  9.919622053777827659e+02  9.951728332228666432e+02  9.962223093117077042e+02  9.968730570551454093e+02
36 721 7.440909e-01 2.265933e+01  9.919622053777827659e+02  9.951804080847915657e+02  9.965223701366012392e+02  9.968465969122934212e+02
37 741 7.384711e-01 2.266365e+01  9.919622053777827659e+02  9.944278908754878330e+02  9.964700277670347077e+02  9.969714233444278761e+02
38 761 7.357316e-01 2.265744e+01  9.919622053777827659e+02  9.938638088905610175e+02  9.963157640376430209e+02  9.969245039841939615e+02
39 781 7.329940e-01 2.266151e+01  9.919622053777827659e+02  9.925015153615387362e+02  9.963597451796804307e+02  9.969421517060004589e+02
40 801 7.323025e-01 2.266717e+01  9.919622053777827659e+02  9.952757746290020577e+02  9.963852692856690965e+02  9.969269556427599355e+02
41 821 7.321300e-01 2.266750e+01  9.919622053777827659e+02  9.961516001559155029e+02  9.964936174616453854e+02  9.966893377533187959e+02
42 841 7.310805e-01 2.267376e+01  9.919622053777827659e+02  9.945295300318919089e+02  9.963689005283781626e+02  9.967100000000000364e+02
43 861 7.282012e-01 2.267286e+01  9.919622053777827659e+02  9.957569557830993290e+02  9.965125150219041643e+02  9.967972237904284611e+02
44 881 7.208927e-01 2.268564e+01  9.919622053777827659e+02  9.955568980208901166e+02  9.962569962193726951e+02  9.968292239201732627e+02
45 901 7.147796e-01 2.267979e+01  9.919622053777827659e+02  9.955719685142491926e+02  9.963069916633860430e+02  9.966919288294709531e+02
46 921 7.075851e-01 2.267808e+01  9.919622053777827659e+02  9.951809934053958386e+02  9.963464739200921940e+02  9.969387382019069719e+02
47 941 6.989306e-01 2.267528e+01  9.919622053777827659e+02  9.955472872606285364e+02  9.963024919583366454e+02  9.967781776555505076e+02
48 961 6.942730e-01 2.267976e+01  9.919622053777827659e+02  9.954355201231735464e+02  9.962759928666865790e+02  9.967593476852038066e+02
49 981 6.911217e-01 2.268835e+01  9.919622053777827659e+02  9.954971629210266428e+02  9.961619041302860751e+02  9.968328597683482712e+02
50 1001 6.928515e-01 2.271250e+01  9.919622053777827659e+02  9.952503237406543803e+02  9.963745202949203303e+02  9.968928781789621780e+02
51 1021 6.946952e-01 2.271978e+01  9.919622053777827659e+02  9.938305400649325065e+02  9.963284566029891494e+02  9.967100000000000364e+02
52 1041 6.947312e-01 2.272781e+01  9.919622053777827659e+02  9.952487487887507314e+02  9.962917554028203995e+02  9.967777327454850820e+02
53 1061 6.953694e-01 2.272570e+01  9.919622053777827659e+02  9.956651040212611861e+02  9.962239727109447358e+02  9.969085162854491955e+02
54 1081 6.986258e-01 2.272969e+01  9.919622053777827659e+02  9.953913279846519799e+02  9.963474662866702829e+02  9.966567748251704870e+02
55 1101 7.008418e-01 2.273216e+01  9.919622053777827659e+02  9.941808635694335408e+02  9.962978985447396099e+02  9.967390156394981204e+02
56 1121 7.064452e-01 2.274605e+01  9.919622053777827659e+02  9.951691992600678986e+02  9.964576511647690040e+02  9.969782374336431303e+02
57 1141 7.124424e-01 2.275983e+01  9.919622053777827659e+02  9.956421526365440968e+02  9.964479121168544680e+02  9.969103841910406345e+02
58 1161 7.169412e-01 2.276631e+01  9.919622053777827659e+02  9.945445305668832816e+02  9.961049999803944957e+02  9.968255078374663753e+02
59 1181 7.224814e-01 2.276830e+01  9.919622053777827659e+02  9.940900000000000318e+02  9.962290183152397276e+02  9.967106726676263406e+02
60 1201 7.276416e-01 2.276975e+01  9.919622053777827659e+02  9.954785756444908884e+02  9.963115363615447677e+02  9.966973408992837449e+02
61 1221 7.341430e-01 2.276804e+01  9.919622053777827659e+02  9.947623364703881634e+02  9.963029746936376796e+02  9.966985843472366469e+02
62 1241 7.384627e-01 2.277170e+01  9.919622053777827659e+02  9.952025199239295716e+02  9.964205403621213009e+02  9.968614131896856634e+02
63 1261 7.410565e-01 2.279267e+01  9.919622053777827659e+02  9.956630830214761545e+02  9.964576660550103497e+02  9.968913210701160779e+02
64 1281 7.421146e-01 2.281278e+01  9.919622053777827659e+02  9.948125920202286352e+02  9.965246201010634195e+02  9.969943727819742207e+02
65 1301 7.441097e-01 2.283304e+01  9.919622053777827659e+02  9.950780539929071438e+02  9.962257110282287158e+02  9.970136244044637124e+02
66 1321 7.477267e-01 2.283093e+01  9.919622053777827659e+02  9.956041934321608551e+02  9.963453885578144309e+02  9.967964983104429848e+02
67 1341 7.500784e-01 2.282992e+01  9.919622053777827659e+02  9.949443523346121765e+02  9.963126329952075366e+02  9.967500000000000000e+02
68 1361 7.532379e-01 2.281913e+01  9.919622053777827659e+02  9.952071630482829505e+02  9.963166300455519604e+02  9.967412078587076394e+02
69 1381 7.568035e-01 2.281840e+01  9.919622053777827659e+02  9.951929773097577936e+02  9.962898291571225400e+02  9.967170529519639786e+02
70 1401 7.576925e-01 2.282317e+01  9.919622053777827659e+02  9.947450548229667220e+02  9.963729798146073335e+02  9.967639645071730001e+02
71 1421 7.577472e-01 2.282659e+01  9.919622053777827659e+02  9.946651416538667263e+02  9.964148574726843890e+02  9.967719603625273521e+02
72 1441 7.561850e-01 2.282592e+01  9.919622053777827659e+02  9.950089400434983418e+02  9.964686534413308436e+02  9.969506086752394367e+02
73 1461 7.530481e-01 2.283007e+01  9.919622053777827659e+02  9.955607462024073584e+02  9.963900353116664519e+02  9.969806323501120460e+02
74 1481 7.489480e-01 2.283641e+01  9.919622053777827659e+02  9.948910663214235228e+02  9.964410987654794098e+02  9.968569670848108899e+02
75 1501 7.467362e-01 2.284276e+01  9.919622053777827659e+02  9.946102480440619047e+02  9.964193388103597044e+02  9.967486618787170300e+02
76 1521 7.422403e-01 2.284815e+01  9.919622053777827659e+02  9.950570299855182839e+02  9.961677564990113751e+02  9.965609540883730233e+02
77 1541 7.392665e-01 2.286142e+01  9.919622053777827659e+02  9.950031781269088924e+02  9.964542416756665943e+02  9.968347461747812304e+02
78 1561 7.395652e-01 2.287467e+01  9.919622053777827659e+02  9.956036690084250722e+02  9.964106131795965666e+02  9.969774712953910694e+02
79 1581 7.374646e-01 2.287362e+01  9.919622053777827659e+02  9.952531505505177165e+02  9.961929100596647686e+02  9.968614145889121119e+02
80 1601 7.374961e-01 2.287687e+01  9.919622053777827659e+02  9.956063048956510784e+02  9.964706730341235925e+02  9.968514219256320530e+02
81 1621 7.366570e-01 2.287945e+01  9.919622053777827659e+02  9.951873866134349100e+02  9.964131457910397103e+02  9.967378305605099058e+02
82 1641 7.365780e-01 2.288271e+01  9.919622053777827659e+02  9.954739489589245522e+02  9.962713861605533339e+02  9.969291323200480974e+02
83 1661 7.364277e-01 2.288339e+01  9.919622053777827659e+02  9.955777957651235965e+02  9.961287906948689397e+02  9.968735950230841354e+02
84 1681 7.389332e-01 2.288677e+01  9.919622053777827659e+02  9.954606809211180689e+02  9.961734596217000899e+02  9.969333473828858132e+02
85 1701 7.410377e-01 2.289243e+01  9.919622053777827659e+02  9.955693390418731497e+02  9.964883711533502719e+02  9.968732810433741633e+02
86 1721 7.437826e-01 2.289362e+01  9.919622053777827659e+02  9.939088430275190831e+02  9.964347688384622188e+02  9.969252091403686791e+02
87 1741 7.466884e-01 2.290700e+01  9.919622053777827659e+02  9.950700000000000500e+02  9.962930738625716458e+02  9.967905490564174897e+02
88 1761 7.468735e-01 2.290846e+01  9.919622053777827659e+02  9.955586055467200595e+02  9.964175114994179694e+02  9.969395250653536777e+02
89 1781 7.483130e-01 2.290869e+01  9.919622053777827659e+02  9.957654994344386523e+02  9.962098779447492234e+02  9.967150038237268745e+02
90 1801 7.504663e-01 2.292154e+01  9.919622053777827659e+02  9.948141549081411767e+02  9.965032538782709253e+02  9.969961304390627674e+02
91 1821 7.529181e-01 2.291498e+01  9.919622053777827659e+02  9.954007502218942136e+02  9.964127593755410999e+02  9.968349053775873472e+02
92 1841 7.526446e-01 2.291735e+01  9.919622053777827659e+02  9.953131514124386285e+02  9.963908400811938009e+02  9.969033479238632935e+02
93 1861 7.512710e-01 2.292213e+01  9.919622053777827659e+02  9.956451350862406571e+02  9.964882466461322110e+02  9.967720369390752921e+02
94 1881 7.508075e-01 2.292736e+01  9.919622053777827659e+02  9.945000000000000000e+02  9.961947105104204638e+02  9.968640510300953110e+02
95 1901 7.527945e-01 2.292938e+01  9.919622053777827659e+02  9.955821117792205541e+02  9.963110514604504715e+02  9.967596463287061397e+02
96 1921 7.594185e-01 2.293292e+01  9.919622053777827659e+02  9.954426476479922030e+02  9.962692847645805614e+02  9.967528581343050291e+02
97 1941 7.638991e-01 2.294942e+01  9.919622053777827659e+02  9.953025511800731238e+02  9.962922566688059760e+02  9.968586370389660942e+02
98 1961 7.719572e-01 2.295345e+01  9.919622053777827659e+02  9.955978919000160658e+02  9.962089582877813427e+02  9.967742112855710275e+02
99 1981 7.850402e-01 2.295945e+01  9.919622053777827659e+02  9.949277382987575038e+02  9.962304908137646180e+02  9.967776412630394134e+02
100 2001 7.948848e-01 2.296780e+01  9.919622053777827659e+02  9.949688716040272993e+02  9.964216688663868808e+02  9.969292523679760052e+02
101 2021 8.020458e-01 2.295962e+01  9.919622053777827659e+02  9.946256412136639256e+02  9.962557560308803204e+02  9.967893123244783737e+02
102 2041 8.037401e-01 2.297007e+01  9.919622053777827659e+02  9.952414799102299412e+02  9.962139857085394397e+02  9.969327684238733127e+02
103 2061 8.025459e-01 2.297445e+01  9.919622053777827659e+02  9.958968031931653968e+02  9.963764048981515771e+02  9.969970792192511908e+02
104 2081 8.022511e-01 2.297083e+01  9.919622053777827659e+02  9.946699999999999591e+02  9.963975275436147285e+02  9.968796352027519561e+02
105 2101 8.011582e-01 2.298842e+01  9.919622053777827659e+02  9.952720538711200788e+02  9.964250661039013721e+02  9.968274219266562568e+02
106 2121 7.984980e-01 2.298897e+01  9.919622053777827659e+02  9.952000000000000455e+02  9.964592864512109145e+02  9.969132456262346977e+02
107 2141 7.935205e-01 2.299024e+01  9.919622053777827659e+02  9.951499999999999773e+02  9.961128337041448049e+02  9.967466573896975888e+02
108 2161 7.911622e-01 2.299956e+01  9.919622053777827659e+02  9.951411770223893427e+02  9.963214613701303506e+02  9.967863199759300414e+02
109 2181 7.860668e-01 2.300481e+01  9.919622053777827659e+02  9.945377413351070572e+02  9.961870805154844675e+02  9.967747415083805436e+02
110 2201 7.832274e-01 2.300932e+01  9.919622053777827659e+02  9.940568262965715576e+02  9.963500350880002543e+02  9.967463521220897746e+02
111 2221 7.789542e-01 2.302210e+01  9.919622053777827659e+02  9.954091317518544884e+02  9.963034273944551842e+02  9.968733609167503573e+02
112 2241 7.763560e-01 2.304701e+01  9.919622053777827659e+02  9.942105384188396329e+02  9.962474269878365476e+02  9.967089652354363807e+02
113 2261 7.783154e-01 2.305310e+01  9.919622053777827659e+02  9.951030415172425592e+02  9.963749881977473706e+02  9.967161159438528557e+02
114 2281 7.762654e-01 2.306262e+01  9.919622053777827659e+02  9.943648724283071942e+02  9.961172431384746915e+02  9.966833055157114813e+02
115 2301 7.766754e-01 2.307676e+01  9.919622053777827659e+02  9.952306674669458744e+02  9.962165854056856915e+02  9.968197299983410176e+02
116 2321 7.741163e-01 2.308234e+01  9.919622053777827659e+02  9.949412897948783439e+02  9.963047192604396969e+02  9.967116370228105779e+02
117 2341 7.707809e-01 2.309692e+01  9.919622053777827659e+02  9.955924917239412935e+02  9.964090056565374880e+02  9.968076973696736331e+02
118 2361 7.690580e-01 2.310260e+01  9.919622053777827659e+02  9.956003962528075135e+02  9.963411107220678105e+02  9.967692419006974660e+02
119 2381 7.714028e-01 2.310546e+01  9.919622053777827659e+02  9.953718419818953862e+02  9.963295759051429741e+02  9.969055449134826858e+02
120 2401 7.717459e-01 2.310769e+01  9.919622053777827659e+02  9.947697194722762788e+02  9.963588839330442397e+02  9.968815250863628989e+02
121 2421 7.703682e-01 2.311390e+01  9.919622053777827659e+02  9.951248053391100257e+02  9.960150661872673936e+02  9.966449414731223442e+02
122 2441 7.690799e-01 2.312791e+01  9.919622053777827659e+02  9.954613171893325898e+02  9.962912151319743543e+02  9.967857622403222422e+02
123 2461 7.661149e-01 2.314118e+01  9.919622053777827659e+02  9.952572712777963488e+02  9.964318362366527708e+02  9.967307210028459394e+02
124 2481 7.625901e-01 2.313994e+01  9.919622053777827659e+02  9.957603714760361981e+02  9.961332236750993161e+02  9.969255553827855465e+02
125 2501 7.567019e-01 2.314215e+01  9.919622053777827659e+02  9.952632101648523530e+02  9.961411370842874931e+02  9.966249241572278379e+02
126 2521 7.531367e-01 2.314056e+01  9.919622053777827659e+02  9.951698695966694004e+02  9.962851549962765603e+02  9.968680902590344886e+02
127 2541 7.513289e-01 2.313775e+01  9.919622053777827659e+02  9.954397504874921196e+02  9.963838343613813322e+02  9.967137951902079749e+02
128 2561 7.521203e-01 2.314918e+01  9.919622053777827659e+02  9.951977961641061938e+02  9.963960674564127658e+02  9.968597612386583933e+02
129 2581 7.517343e-01 2.316074e+01  9.919622053777827659e+02  9.924465607465543826e+02  9.963594503170804728e+02  9.969132462395569974e+02
130 2601 7.503110e-01 2.317882e+01  9.919622053777827659e+02  9.956264020743009269e+02  9.964920012111022061e+02  9.969579165319445337e+02
131 2621 7.491694e-01 2.318148e+01  9.919622053777827659e+02  9.946499999999999773e+02  9.963401626284600070e+02  9.967288957944904269e+02
132 2641 7.475954e-01 2.318660e+01  9.919622053777827659e+02  9.952820852028816034e+02  9.963733196513021539e+02  9.968787609852597598e+02
133 2661 7.451778e-01 2.319200e+01  9.919622053777827659e+02  9.952143841955629568e+02  9.963903964321993953e+02  9.968700000000000045e+02
134 2681 7.430142e-01 2.322318e+01  9.919622053777827659e+02  9.944584118188654429e+02  9.963029950811093158e+02  9.967032344819089076e+02
135 2701 7.392243e-01 2.322568e+01  9.919622053777827659e+02  9.955365227886436514e+02  9.965201269307754046e+02  9.968382116122983234e+02
136 2721 7.388433e-01 2.322576e+01  9.919622053777827659e+02  9.954540343185187794e+02  9.962844815833678922e+02  9.966282286227334453e+02
137 2741 7.420288e-01 2.324680e+01  9.919622053777827659e+02  9.953611687045627150e+02  9.963669181374575601e+02  9.967211584638049544e+02
138 2761 7.424954e-01 2.325143e+01  9.919622053777827659e+02  9.949082436531407438e+02  9.962102625826005351e+02  9.966415812921064799e+02
139 2781 7.427873e-01 2.325054e+01  9.919622053777827659e+02  9.943460536761642743e+02  9.962016350862201080e+02  9.967708343244676144e+02
140 2801 7.402817e-01 2.325302e+01  9.919622053777827659e+02  9.943779252262548880e+02  9.961361206921089888e+02  9.968200000000000500e+02
141 2821 7.376544e-01 2.325879e+01  9.919622053777827659e+02  9.952037830568414165e+02  9.962280869417426175e+02  9.969004774477372166e+02
142 2841 7.321951e-01 2.326982e+01  9.919622053777827659e+02  9.950829708379599197e+02  9.962896912678060062e+02  9.968719506640436521e+02
143 2861 7.261190e-01 2.328447e+01  9.919622053777827659e+02  9.949934646388309147e+02  9.963332460300616731e+02  9.969025208760240275e+02
144 2881 7.225576e-01 2.328642e+01  9.919622053777827659e+02  9.954169202387388395e+02  9.962303100589838323e+02  9.965014406631073598e+02
145 2901 7.178988e-01 2.328757e+01  9.919622053777827659e+02  9.936681098595100821e+02  9.964011688531695654e+02  9.967705757596784224e+02
146 2921 7.116750e-01 2.329940e+01  9.919622053777827659e+02  9.955768995418025042e+02  9.964413745848862618e+02  9.968764794778417127e+02
147 2941 7.066783e-01 2.330593e+01  9.919622053777827659e+02  9.945754200007974077e+02  9.961812148851091706e+02  9.968766807749411782e+02
148 2961 7.051688e-01 2.329892e+01  9.919622053777827659e+02  9.951952161792597735e+02  9.962683033003690980e+02  9.967696280526702139e+02
149 2981 7.024595e-01 2.330936e+01  9.919622053777827659e+02  9.952660745837207514e+02  9.962861891303321045e+02  9.967349642443791709e+02
150 3001 6.949896e-01 2.330891e+01  9.919622053777827659e+02  9.942506580571197219e+02  9.962680976704403975e+02  9.967955225640513390e+02
151 3021 6.914141e-01 2.332255e+01  9.919622053777827659e+02  9.953463101219000464e+02  9.960369334711486999e+02  9.967729432597759569e+02
152 3041 6.887055e-01 2.333147e+01  9.919622053777827659e+02  9.950900000000000318e+02  9.961817064398917410e+02  9.967200000000000273e+02
153 3061 6.878679e-01 2.334471e+01  9.919622053777827659e+02  9.952954007879087612e+02  9.962751901409978927e+02  9.966684064346408150e+02
154 3081 6.836210e-01 2.335417e+01  9.919622053777827659e+02  9.956243689188122516e+02  9.959899258537882361e+02  9.966502422449655114e+02
155 3101 6.775994e-01 2.335216e+01  9.919622053777827659e+02  9.950503924299487153e+02  9.961124704735885871e+02  9.966087036379099118e+02
156 3121 6.743152e-01 2.336270e+01  9.919622053777827659e+02  9.949112860432969683e+02  9.962971185489061554e+02  9.966861238125148930e+02
157 3141 6.712788e-01 2.338203e+01  9.919622053777827659e+02  9.954954398350525935e+02  9.961830560075793528e+02  9.967999999999999545e+02
158 3161 6.646540e-01 2.338311e+01  9.919622053777827659e+02  9.949983010403233266e+02  9.961656091758085267e+02  9.967677127393018282e+02
159 3181 6.621827e-01 2.338758e+01  9.919622053777827659e+02  9.952100000000000364e+02  9.962214469312791607e+02  9.965473855623721420e+02
160 3201 6.611732e-01 2.339033e+01  9.919622053777827659e+02  9.941692714813141265e+02  9.963068796761097019e+02  9.966559994296799232e+02
161 3221 6.568550e-01 2.340257e+01  9.919622053777827659e+02  9.947907569394150187e+02  9.961146494009431080e+02  9.968679247938392791e+02
162 3241 6.551862e-01 2.340993e+01  9.919622053777827659e+02  9.952017262085306584e+02  9.961611603395731436e+02  9.966272577933075354e+02
163 3261 6.503999e-01 2.342364e+01  9.919622053777827659e+02  9.952226784277821707e+02  9.961811697600667230e+02  9.965300925886494952e+02
164 3281 6.466437e-01 2.343565e+01  9.919622053777827659e+02  9.951742986615246309e+02  9.960570517310396781e+02  9.967758076417430857e+02
165 3301 6.412539e-01 2.344491e+01  9.919622053777827659e+02  9.960207079491380000e+02  9.963209565560455303e+02  9.966118970561840342e+02
166 3321 6.364296e-01 2.346733e+01  9.919622053777827659e+02  9.948053992968336843e+02  9.960553630083502412e+02  9.966233916334824698e+02
167 3341 6.328837e-01 2.348025e+01  9.919622053777827659e+02  9.944811631720145897e+02  9.961120772024438565e+02  9.966252695732270013e+02
168 3361 6.264424e-01 2.349559e+01  9.919622053777827659e+02  9.952618691349507571e+02  9.960186072170865828e+02  9.967158547691449257e+02
169 3381 6.212949e-01 2.350405e+01  9.919622053777827659e+02  9.958113703233364049e+02  9.963081225811174590e+02  9.967479363266292012e+02
170 3401 6.177652e-01 2.350103e+01  9.919622053777827659e+02  9.952591000079978585e+02  9.961621431903868142e+02  9.965599999999999454e+02
171 3421 6.139253e-01 2.350207e+01  9.919622053777827659e+02  9.952263333951607365e+02  9.959982719348931823e+02  9.967286290376775924e+02
172 3441 6.073942e-01 2.350133e+01  9.919622053777827659e+02  9.933832863825293771e+02  9.960583125455229947e+02  9.967536147978753434e+02
173 3461 6.004473e-01 2.350968e+01  9.919622053777827659e+02  9.947685118358573391e+02  9.960779509458520806e+02  9.966860758676540399e+02
174 3481 5.933393e-01 2.350404e+01  9.919622053777827659e+02  9.950607348188260630e+02  9.962908358702458145e+02  9.966939047678976067e+02
175 3501 5.865042e-01 2.349964e+01  9.919622053777827659e+02  9.951670252522906139e+02  9.960487409979139102e+02  9.966178683902519424e+02
176 3521 5.817369e-01 2.350356e+01  9.919622053777827659e+02  9.949141447198128390e+02  9.960741428040109895e+02  9.966374180110287853e+02
177 3541 5.769641e-01 2.351007e+01  9.919622053777827659e+02  9.952659981794088253e+02  9.963709540223952672e+02  9.967705113995768897e+02
178 3561 5.704414e-01 2.350566e+01  9.919622053777827659e+02  9.950856629869826975e+02  9.961521668943546501e+02  9.966000000000000227e+02
179 3581 5.647866e-01 2.350945e+01  9.919622053777827659e+02  9.952651470492249928e+02  9.960679303745159814e+02  9.965544119923911239e+02
180 3601 5.604718e-01 2.350862e+01  9.919622053777827659e+02  9.949221027065019598e+02  9.960741138973531861e+02  9.966493158381663306e+02
181 3621 5.567504e-01 2.353339e+01  9.919622053777827659e+02  9.948219614951813128e+02  9.960644434298205852e+02  9.966092112698418077e+02
182 3641 5.506602e-01 2.354101e+01  9.919622053777827659e+02  9.943692166649299224e+02  9.959914322648464804e+02  9.966796540728984155e+02
183 3661 5.454989e-01 2.354356e+01  9.919622053777827659e+02  9.948724128768222954e+02  9.961481443680011125e+02  9.966857374009281330e+02
184 3681 5.422169e-01 2.354993e+01  9.919622053777827659e+02  9.953110210208691342e+02  9.961671701072548331e+02  9.966499999999999773e+02
185 3701 5.400647e-01 2.355556e+01  9.919622053777827659e+02  9.951539688321404356e+02  9.961039426276857967e+02  9.965707922050604566e+02
186 3721 5.389763e-01 2.356161e+01  9.919622053777827659e+02  9.953091958786676514e+02  9.960551271108281526e+02  9.965779822807874098e+02
187 3741 5.374277e-01 2.356134e+01  9.919622053777827659e+02  9.954284272943551741e+02  9.961694823537662842e+02  9.965560822350660146e+02
188 3761 5.352742e-01 2.355727e+01  9.919622053777827659e+02  9.954233573475257799e+02  9.959555942592248812e+02  9.966471780913533394e+02
189 3781 5.322328e-01 2.356044e+01  9.919622053777827659e+02  9.934723804953446233e+02  9.959258034853680783e+02  9.965547162019397547e+02
190 3801 5.244878e-01 2.356602e+01  9.919622053777827659e+02  9.945187981465604707e+02  9.961485307307921175e+02  9.965506983374569927e+02
191 3821 5.161186e-01 2.357503e+01  9.919622053777827659e+02  9.958935632455246605e+02  9.962098571637625355e+02  9.966188046258985196e+02
192 3841 5.105031e-01 2.357795e+01  9.919622053777827659e+02  9.950979739087974849e+02  9.959929611061342030e+02  9.965461885956503920e+02
193 3861 5.075721e-01 2.358539e+01  9.919622053777827659e+02  9.951196537805667504e+02  9.960823448367909805e+02  9.965672253914980274e+02
194 3881 5.042539e-01 2.359269e+01  9.919622053777827659e+02  9.948701199033534976e+02  9.960764887677880779e+02  9.966225533173042095e+02
195 3901 5.013715e-01 2.359428e+01  9.919622053777827659e+02  9.948505782302951275e+02  9.960451881404318328e+02  9.965228892933790803e+02
196 3921 4.976955e-01 2.360481e+01  9.919622053777827659e+02  9.953262233343820071e+02  9.959729043539118720e+02  9.964855485967664208e+02
197 3941 4.947449e-01 2.360776e+01  9.919622053777827659e+02  9.950980826185422075e+02  9.960108701429551274e+02  9.964968529200584726e+02
198 3961 4.954580e-01 2.361214e+01  9.919622053777827659e+02  9.949111977964226980e+02  9.959857221466606916e+02  9.964709951625567328e+02
199 3981 4.973149e-01 2.362258e+01  9.919622053777827659e+02  9.942773890183576668e+02  9.959800967799517366e+02  9.965272157858503306e+02
200 4001 4.977599e-01 2.362667e+01  9.919622053777827659e+02  9.952933383566856946e+02  9.960871484345395857e+02  9.965564862333227438e+02
201 4021 4.976385e-01 2.362996e+01  9.919622053777827659e+02  9.941482200726866267e+02  9.960572931747276471e+02  9.965495359235994783e+02
202 4041 4.992807e-01 2.363525e+01  9.919622053777827659e+02  9.943079090219251839e+02  9.960501493394214094e+02  9.968174772378685020e+02
203 4061 5.011603e-01 2.363678e+01  9.919622053777827659e+02  9.945997066583499873e+02  9.960938021325689533e+02  9.967354279913206483e+02
204 4081 5.026620e-01 2.364237e+01  9.919622053777827659e+02  9.951200000000000045e+02  9.959870821811905444e+02  9.964174549332873312e+02
205 4101 5.030935e-01 2.364559e+01  9.919622053777827659e+02  9.945210394661339706e+02  9.960521913337979640e+02  9.965199999999999818e+02
206 4121 5.034745e-01 2.364483e+01  9.919622053777827659e+02  9.954856027626560717e+02  9.960957707735598206e+02  9.966996252382954253e+02
207 4141 5.050675e-01 2.364510e+01  9.919622053777827659e+02  9.946759868540931393e+02  9.959576458917019863e+02  9.966111654454973632e+02
208 4161 5.043806e-01 2.364558e+01  9.919622053777827659e+02  9.951499999999999773e+02  9.961098680221773520e+02  9.964968933944437595e+02
209 4181 5.069886e-01 2.365059e+01  9.919622053777827659e+02  9.956526527618458431e+02  9.962059749848144747e+02  9.966514134375806861e+02
210 4201 5.077599e-01 2.365642e+01  9.919622053777827659e+02  9.949310764800512743e+02  9.961242960069262153e+02  9.965104806124627430e+02
211 4221 5.076481e-01 2.365802e+01  9.919622053777827659e+02  9.944458703250771805e+02  9.961402099020297101e+02  9.967932620733893145e+02
212 4241 5.068890e-01 2.366939e+01  9.919622053777827659e+02  9.942387722952839795e+02  9.959324790487999053e+02  9.964166273887441321e+02
213 4261 5.046097e-01 2.366634e+01  9.919622053777827659e+02  9.954675375144905729e+02  9.960644417319888362e+02  9.965891332921418098e+02
214 4281 5.038005e-01 2.367562e+01  9.919622053777827659e+02  9.949524687126144045e+02  9.960270002526202688e+02  9.965091417505931304e+02
215 4301 5.036194e-01 2.368811e+01  9.919622053777827659e+02  9.948602724499614851e+02  9.961507912817123724e+02  9.966626909413557769e+02
216 4321 5.028760e-01 2.369901e+01  9.919622053777827659e+02  9.952156586766826649e+02  9.960612127366318873e+02  9.966182115687413443e+02
217 4341 5.054161e-01 2.371113e+01  9.919622053777827659e+02  9.949450524808801219e+02  9.960631916217848811e+02  9.966880453989977013e+02
218 4361 5.058042e-01 2.371155e+01  9.919622053777827659e+02  9.952397200786698477e+02  9.960320155546514798e+02  9.965728602189625462e+02
219 4381 5.062060e-01 2.371762e+01  9.919622053777827659e+02  9.937305725812126411e+02  9.957904001795643580e+02  9.965991178758451952e+02
220 4401 5.037741e-01 2.374012e+01  9.919622053777827659e+02  9.950233185876886637e+02  9.960079213025362606e+02  9.966962583503976703e+02
221 4421 4.998911e-01 2.374607e+01  9.919622053777827659e+02  9.954231380249204904e+02  9.961272105047414698e+02  9.967234790516806697e+02
222 4441 4.952788e-01 2.375648e+01  9.919622053777827659e+02  9.945241839033133147e+02  9.958577866806570000e+02  9.965128659797422870e+02
223 4461 4.921984e-01 2.375981e+01  9.919622053777827659e+02  9.946248301895286659e+02  9.960584441303021777e+02  9.965824767825935169e+02
224 4481 4.897981e-01 2.375471e+01  9.919622053777827659e+02  9.946686664659133612e+02  9.960378788722371155e+02  9.965995343785572231e+02
225 4501 4.860950e-01 2.375493e+01  9.919622053777827659e+02  9.948581574584503642e+02  9.959857158153411092e+02  9.965115540624367441e+02
226 4521 4.827939e-01 2.376581e+01  9.919622053777827659e+02  9.942918163512960064e+02  9.960611499796787029e+02  9.965075567737726487e+02
227 4541 4.786237e-01 2.376538e+01  9.919622053777827659e+02  9.941568402326797695e+02  9.961126929833393433e+02  9.966840211868786810e+02
228 4561 4.759658e-01 2.377111e+01  9.919622053777827659e+02  9.950833790367137226e+02  9.959333257218844437e+02  9.964885229422446855e+02
229 4581 4.733365e-01 2.377242e+01  9.919622053777827659e+02  9.947534116964137638e+02  9.961108031830531218e+02  9.964504684349136596e+02
230 4601 4.708874e-01 2.377270e+01  9.919622053777827659e+02  9.953605846097690346e+02  9.958273210899200194e+02  9.966499999999999773e+02
231 4621 4.690709e-01 2.377129e+01  9.919622053777827659e+02  9.952537222236794605e+02  9.958724381762347093e+02  9.964972190845022624e+02
232 4641 4.683468e-01 2.377724e+01  9.919622053777827659e+02  9.950330834310415185e+02  9.959796274771239268e+02  9.964350554662751165e+02
233 4661 4.673221e-01 2.378060e+01  9.919622053777827659e+02  9.948306405512082620e+02  9.961110030039603771e+02  9.964478900071018188e+02
234 4681 4.675704e-01 2.378402e+01  9.919622053777827659e+02  9.943046240457739486e+02  9.961312104963018328e+02  9.965950780260545798e+02
235 4701 4.709606e-01 2.379163e+01  9.919622053777827659e+02  9.948262004545018726e+02  9.961977206589627940e+02  9.966529726405152587e+02
236 4721 4.719768e-01 2.379042e+01  9.919622053777827659e+02  9.944941905468384675e+02  9.960299806205646291e+02  9.966602323319846164e+02
237 4741 4.745701e-01 2.378820e+01  9.919622053777827659e+02  9.948472609715797716e+02  9.961201820767963682e+02  9.964381180872460391e+02
238 4761 4.780572e-01 2.378883e+01  9.919622053777827659e+02  9.949418917366117512e+02  9.961336772536647004e+02  9.967502656883623331e+02
239 4781 4.803576e-01 2.378992e+01  9.919622053777827659e+02  9.949589648951134677e+02  9.960074502982042759e+02  9.965349320652078404e+02
240 4801 4.823267e-01 2.380321e+01  9.919622053777827659e+02  9.953051076598289910e+02  9.960403115241288106e+02  9.965989292884845554e+02
241 4821 4.835512e-01 2.380999e+01  9.919622053777827659e+02  9.947607081560961433e+02  9.960233766846580465e+02  9.966388545695111816e+02
242 4841 4.874876e-01 2.381231e+01  9.919622053777827659e+02  9.953090302028055021e+02  9.960516325130543009e+02  9.966530322883703548e+02
243 4861 4.882586e-01 2.382164e+01  9.919622053777827659e+02  9.950016921689115179e+02  9.962444749286935348e+02  9.967383212907656116e+02
244 4881 4.879879e-01 2.382666e+01  9.919622053777827659e+02  9.943925252604242360e+02  9.960867989907806077e+02  9.966582843868942518e+02
245 4901 4.877062e-01 2.383596e+01  9.919622053777827659e+02  9.948924832011314265e+02  9.960728057927892678e+02  9.966936453362446855e+02
246 4921 4.887253e-01 2.384548e+01  9.919622053777827659e+02  9.949921324217024221e+02  9.959978063856517565e+02  9.967786923302811601e+02
247 4941 4.917144e-01 2.384995e+01  9.919622053777827659e+02  9.944558632436179550e+02  9.959567198169462472e+02  9.965967602006530797e+02
248 4961 4.970363e-01 2.385382e+01  9.919622053777827659e+02  9.951058212148515167e+02  9.961276587943248160e+02  9.966018429101096672e+02
249 4981 5.009664e-01 2.386483e+01  9.919622053777827659e+02  9.953081238138906883e+02  9.961281903499947248e+02  9.965624215613991055e+02
250 5001 5.032453e-01 2.386451e+01  9.919622053777827659e+02  9.950578415336599392e+02  9.959240134286100101e+02  9.966699999999999591e+02
251 5021 5.044768e-01 2.386313e+01  9.919622053777827659e+02  9.947564034515046387e+02  9.960703341706297351e+02  9.964282212178093232e+02
252 5041 5.081010e-01 2.386282e+01  9.919622053777827659e+02  9.948231315585308039e+02  9.961289385281274917e+02  9.965329014348758392e+02
253 5061 5.113128e-01 2.385995e+01  9.919622053777827659e+02  9.951151123667161755e+02  9.958800055395993240e+02  9.963556304719468244e+02
254 5081 5.122906e-01 2.386321e+01  9.919622053777827659e+02  9.945674842299716829e+02  9.961701587627571826e+02  9.966102824320697664e+02
255 5101 5.128729e-01 2.387557e+01  9.919622053777827659e+02  9.946384052690407316e+02  9.957661909708597250e+02  9.966569819225614992e+02
256 5121 5.104787e-01 2.387349e+01  9.919622053777827659e+02  9.948564761131048044e+02  9.960848328931148217e+02  9.965345990538656906e+02
257 5141 5.095587e-01 2.388144e+01  9.919622053777827659e+02  9.947507893906866911e+02  9.958582433830795253e+02  9.963817445907558294e+02
258 5161 5.080571e-01 2.387682e+01  9.919622053777827659e+02  9.952899999999999636e+02  9.961123640669686665e+02  9.965399999999999636e+02
259 5181 5.064251e-01 2.388199e+01  9.919622053777827659e+02  9.953910214078257468e+02  9.962147783152809097e+02  9.968375927011588828e+02
260 5201 5.064441e-01 2.388549e+01  9.919622053777827659e+02  9.942646452493489733e+02  9.960873627515770750e+02  9.965457381630372993e+02
261 5221 5.078561e-01 2.388229e+01  9.919622053777827659e+02  9.951242834315864911e+02  9.960529473365788817e+02  9.964740838853125524e+02
262 5241 5.091177e-01 2.388960e+01  9.919622053777827659e+02  9.944953146856371404e+02  9.961176493780528745e+02  9.966188625174768276e+02
263 5261 5.083380e-01 2.387974e+01  9.919622053777827659e+02  9.952276477120915388e+02  9.962095389502370608e+02  9.964900000000000091e+02
264 5281 5.109576e-01 2.388160e+01  9.919622053777827659e+02  9.949567063687317159e+02  9.959416565359874767e+02  9.965057532856403668e+02
265 5301 5.126939e-01 2.388538e+01  9.919622053777827659e+02  9.947021720246681298e+02  9.962394604499388606e+02  9.964257975845094961e+02
266 5321 5.159258e-01 2.388185e+01  9.919622053777827659e+02  9.947279573343471384e+02  9.962146096824374126e+02  9.966689172147636100e+02
267 5341 5.209696e-01 2.388396e+01  9.919622053777827659e+02  9.940146920762753098e+02  9.960855756767382445e+02  9.964760748064717291e+02
268 5361 5.238442e-01 2.388220e+01  9.919622053777827659e+02  9.946004995159217970e+02  9.960502627681129297e+02  9.966260094886519028e+02
269 5381 5.257508e-01 2.388139e+01  9.919622053777827659e+02  9.943618425856350314e+02  9.960781012216294812e+02  9.964247193602326433e+02
270 5401 5.265412e-01 2.388728e+01  9.919622053777827659e+02  9.946991610561498192e+02  9.961495682601239423e+02  9.964209961721072659e+02
271 5421 5.296954e-01 2.389817e+01  9.919622053777827659e+02  9.936487041940099516e+02  9.961233102007007574e+02  9.966863979763425050e+02
272 5441 5.338952e-01 2.390432e+01  9.919622053777827659e+02  9.941495178300076532e+02  9.959585075803940981e+02  9.965457948740929623e+02
273 5461 5.389328e-01 2.390594e+01  9.919622053777827659e+02  9.935911135057212960e+02  9.962112427066864484e+02  9.965929137384085834e+02
274 5481 5.450491e-01 2.390877e+01  9.919622053777827659e+02  9.947647026894229612e+02  9.961761786166721322e+02  9.967436461813240385e+02
275 5501 5.495474e-01 2.392044e+01  9.919622053777827659e+02  9.952917490909044318e+02  9.960419070575289879e+02  9.968577939366825831e+02
276 5521 5.503291e-01 2.391734e+01  9.919622053777827659e+02  9.948672944919535439e+02  9.960553859051890413e+02  9.965339533144499455e+02
277 5541 5.485412e-01 2.392675e+01  9.919622053777827659e+02  9.954388625233857510e+02  9.961133448084883639e+02  9.965086379320262040e+02
278 5561 5.472267e-01 2.392756e+01  9.919622053777827659e+02  9.955709954295641637e+02  9.960702908416635637e+02  9.964890823872364081e+02
279 5581 5.456118e-01 2.392282e+01  9.919622053777827659e+02  9.950204962806609501e+02  9.962596462221140428e+02  9.965414121759538375e+02
280 5601 5.466646e-01 2.393066e+01  9.919622053777827659e+02  9.958979915068244964e+02  9.962035909758429852e+02  9.966610878731706862e+02
281 5621 5.491176e-01 2.394519e+01  9.919622053777827659e+02  9.938057274789319990e+02  9.959883378401102618e+02  9.963467044254518896e+02
282 5641 5.507252e-01 2.394536e+01  9.919622053777827659e+02  9.957215310088291744e+02  9.962283901066763292e+02  9.968534328881722786e+02
283 5661 5.526487e-01 2.395179e+01  9.919622053777827659e+02  9.937698542924035792e+02  9.961624114749228056e+02  9.967386113285617739e+02
284 5681 5.523190e-01 2.395295e+01  9.919622053777827659e+02  9.948203065659807862e+02  9.959848882046885592e+02  9.966393362485731586e+02
285 5701 5.551875e-01 2.396428e+01  9.919622053777827659e+02  9.951162366606547494e+02  9.962016420077006842e+02  9.966086160036513775e+02
286 5721 5.569711e-01 2.396622e+01  9.919622053777827659e+02  9.951047303315159525e+02  9.961214308713484797e+02  9.966136466829141227e+02
287 5741 5.593086e-01 2.396431e+01  9.919622053777827659e+02  9.937976514928514007e+02  9.960564408910770453e+02  9.966370346230492032e+02
288 5761 5.625476e-01 2.398398e+01  9.919622053777827659e+02  9.939729360748270892e+02  9.961358882226331843e+02  9.966002058274818864e+02
289 5781 5.631651e-01 2.398738e+01  9.919622053777827659e+02  9.950458974018090430e+02  9.959475070313931155e+02  9.965179480298648969e+02
290 5801 5.632868e-01 2.399583e+01  9.919622053777827659e+02  9.951151050446452473e+02  9.961335635811295788e+02  9.966953528973003813e+02
291 5821 5.636456e-01 2.400612e+01  9.919622053777827659e+02  9.953567973280632941e+02  9.959880015006630174e+02  9.965599999999999454e+02
292 5841 5.629936e-01 2.402119e+01  9.919622053777827659e+02  9.947859421612693041e+02  9.960495926158557722e+02  9.965237027059758930e+02
293 5861 5.617681e-01 2.401606e+01  9.919622053777827659e+02  9.946694151762031879e+02  9.960077883555436529e+02  9.965707630711075353e+02
294 5881 5.598811e-01 2.402536e+01  9.919622053777827659e+02  9.945305588623133417e+02  9.961721450028275058e+02  9.966259677947923592e+02
295 5901 5.591193e-01 2.403283e+01  9.919622053777827659e+02  9.950137473315553507e+02  9.961244613561440246e+02  9.965443284842453977e+02
296 5921 5.585435e-01 2.403449e+01  9.919622053777827659e+02  9.950925724814530895e+02  9.961468205610214000e+02  9.965810310373509537e+02
297 5941 5.610913e-01 2.403357e+01  9.919622053777827659e+02  9.950903857894700195e+02  9.962215942322804949e+02  9.967740363455233137e+02
298 5961 5.630745e-01 2.403449e+01  9.919622053777827659e+02  9.950751349348358872e+02  9.959380663444931088e+02  9.966597456155242298e+02
299 5981 5.644101e-01 2.404703e+01  9.919622053777827659e+02  9.936768340571071576e+02  9.960002910453022196e+02  9.965716239387040787e+02
300 6001 5.684146e-01 2.404301e+01  9.919622053777827659e+02  9.945286403430737892e+02  9.960772389879525690e+02  9.967729493253310693e+02
301 6021 5.717955e-01 2.404583e+01  9.919622053777827659e+02  9.948064772178901194e+02  9.962228000242224653e+02  9.967254563301085000e+02
302 6041 5.745528e-01 2.405146e+01  9.919622053777827659e+02  9.956340136907036822e+02  9.961850509045333411e+02  9.965503557995311894e+02
303 6061 5.795130e-01 2.405579e+01  9.919622053777827659e+02  9.922599999999999909e+02  9.961964590367356323e+02  9.968783666941764068e+02
304 6081 5.856419e-01 2.405322e+01  9.919622053777827659e+02  9.954091037626110392e+02  9.961628097199502463e+02  9.966914966228960111e+02
305 6101 5.913011e-01 2.406114e+01  9.919622053777827659e+02  9.950000273964125199e+02  9.960218954372189728e+02  9.964871306169785612e+02
306 6121 5.979249e-01 2.406990e+01  9.919622053777827659e+02  9.946748924658843407e+02  9.961860831404795817e+02  9.965048667504487412e+02
307 6141 6.034129e-01 2.408052e+01  9.919622053777827659e+02  9.955948022606564791e+02  9.961632127983068585e+02  9.968038240858070367e+02
308 6161 6.095594e-01 2.408453e+01  9.919622053777827659e+02  9.946200000000000045e+02  9.962308948145930572e+02  9.967380143040653593e+02
309 6181 6.142147e-01 2.408466e+01  9.919622053777827659e+02  9.941156319100899736e+02  9.961814619874446635e+02  9.965421344778820867e+02
310 6201 6.175880e-01 2.409987e+01  9.919622053777827659e+02  9.931639334461632416e+02  9.959767390135406231e+02  9.965677411932769019e+02
311 6221 6.231880e-01 2.409800e+01  9.919622053777827659e+02  9.948940561952074404e+02  9.961573242713986929e+02  9.965723045695434621e+02
312 6241 6.291290e-01 2.411905e+01  9.919622053777827659e+02  9.949957827480037622e+02  9.960014503601253182e+02  9.965859298787759144e+02
313 6261 6.363778e-01 2.411955e+01  9.919622053777827659e+02  9.947823311453931865e+02  9.961312147285976835e+02  9.968478413208173379e+02
314 6281 6.415901e-01 2.413316e+01  9.919622053777827659e+02  9.957946599383577677e+02  9.961748888682359393e+02  9.966481447167747092e+02
315 6301 6.460558e-01 2.414322e+01  9.919622053777827659e+02  9.950734491119434324e+02  9.961644275056521565e+02  9.967462650394120374e+02
316 6321 6.548121e-01 2.415604e+01  9.919622053777827659e+02  9.949021634350270915e+02  9.962264426432595883e+02  9.965444915407600774e+02
317 6341 6.632053e-01 2.415569e+01  9.919622053777827659e+02  9.954161330103338514e+02  9.962708820717120943e+02  9.967997693635148835e+02
318 6361 6.714570e-01 2.415203e+01  9.919622053777827659e+02  9.943286868171527431e+02  9.962457219069640360e+02  9.967209780996414565e+02
319 6381 6.783926e-01 2.415509e+01  9.919622053777827659e+02  9.944350791901733828e+02  9.959032791710027368e+02  9.965616900185733584e+02
320 6401 6.846460e-01 2.416541e+01  9.919622053777827659e+02  9.945887039678100336e+02  9.961206243366068520e+02  9.967023918153593058e+02
321 6421 6.874369e-01 2.418244e+01  9.919622053777827659e+02  9.947868646900195699e+02  9.961611340444115967e+02  9.967234747210663954e+02
322 6441 6.920690e-01 2.418764e+01  9.919622053777827659e+02  9.947773457707614853e+02  9.960914878131661681e+02  9.966205533906111214e+02
323 6461 6.960309e-01 2.420370e+01  9.919622053777827659e+02  9.944072370274301420e+02  9.961042226453826061e+02  9.965738939820689666e+02
324 6481 6.971949e-01 2.420464e+01  9.919622053777827659e+02  9.953393422247088438e+02  9.961650387798545125e+02  9.968861091725605093e+02
325 6501 6.973827e-01 2.420704e+01  9.919622053777827659e+02  9.952113925486002017e+02  9.963199122625371729e+02  9.966453966742886905e+02
326 6521 7.013085e-01 2.422535e+01  9.919622053777827659e+02  9.950299999999999727e+02  9.962711860879496726e+02  9.967382561137685570e+02
327 6541 7.033422e-01 2.423378e+01  9.919622053777827659e+02  9.946633364602355414e+02  9.962417102015499495e+02  9.966848924298553811e+02
328 6561 7.047156e-01 2.424483e+01  9.919622053777827659e+02  9.958315607461404397e+02  9.963542233791600893e+02  9.969116873941017047e+02
329 6581 7.087470e-01 2.424650e+01  9.919622053777827659e+02  9.950846842732033792e+02  9.960999270182546752e+02  9.967895951961000947e+02
330 6601 7.145031e-01 2.425710e+01  9.919622053777827659e+02  9.952483948897256596e+02  9.962928009699720633e+02  9.968407797584503669e+02
331 6621 7.221329e-01 2.425718e+01  9.919622053777827659e+02  9.953154586755549644e+02  9.961471436878246095e+02  9.968152000649357660e+02
332 6641 7.283609e-01 2.427117e+01  9.919622053777827659e+02  9.948807321348239157e+02  9.961880707900427296e+02  9.966492812063693236e+02
333 6661 7.347707e-01 2.428931e+01  9.919622053777827659e+02  9.948498803383697577e+02  9.960838276088840075e+02  9.965927702762659237e+02
334 6681 7.390025e-01 2.430264e+01  9.919622053777827659e+02  9.957251740472278243e+02  9.962824939533958286e+02  9.969113553652368864e+02
335 6701 7.419748e-01 2.431421e+01  9.919622053777827659e+02  9.950393891071435064e+02  9.963100210899498279e+02  9.967305859275307967e+02
336 6721 7.436600e-01 2.432167e+01  9.919622053777827659e+02  9.953438804805317659e+02  9.962271815408505518e+02  9.969408090977192387e+02
337 6741 7.450975e-01 2.433588e+01  9.919622053777827659e+02  9.951195275152447266e+02  9.961647473368553847e+02  9.968548223744883217e+02
338 6761 7.465462e-01 2.434422e+01  9.919622053777827659e+02  9.948176145323863011e+02  9.962178676451380852e+02  9.965636755370908304e+02
339 6781 7.499968e-01 2.435375e+01  9.919622053777827659e+02  9.951366924334091664e+02  9.963629672404061921e+02  9.966974991443299814e+02
340 6801 7.542120e-01 2.436484e+01  9.919622053777827659e+02  9.942184227321286016e+02  9.963139043811893316e+02  9.967108120126268886e+02
341 6821 7.553663e-01 2.437696e+01  9.919622053777827659e+02  9.944115980587803278e+02  9.963262244570539679e+02  9.966018811104181623e+02
342 6841 7.573712e-01 2.439267e+01  9.919622053777827659e+02  9.955432363880287312e+02  9.964092540629478663e+02  9.968170392974030847e+02
343 6861 7.588863e-01 2.440872e+01  9.919622053777827659e+02  9.955233531746989684e+02  9.963440087177681335e+02  9.969900000000000091e+02
344 6881 7.595261e-01 2.442075e+01  9.919622053777827659e+02  9.946765738775368391e+02  9.962805196272344119e+02  9.967909511414718509e+02
345 6901 7.618536e-01 2.442736e+01  9.919622053777827659e+02  9.938053853565442068e+02  9.961841837934346131e+02  9.969127985420307141e+02
346 6921 7.621965e-01 2.443728e+01  9.919622053777827659e+02  9.955000000000000000e+02  9.963587584042261369e+02  9.965878804419375001e+02
347 6941 7.642780e-01 2.443784e+01  9.919622053777827659e+02  9.951799999999999500e+02  9.962566606429454623e+02  9.968424561893760938e+02
348 6961 7.617704e-01 2.444315e+01  9.919622053777827659e+02  9.944929306387318775e+02  9.962442358865359893e+02  9.968257080572457198e+02
349 6981 7.576978e-01 2.445349e+01  9.919622053777827659e+02  9.954916234974102736e+02  9.963094157743134929e+02  9.968469157970583865e+02
350 7001 7.521854e-01 2.446280e+01  9.919622053777827659e+02  9.945321871617978786e+02  9.961464483372042196e+02  9.967366706992918353e+02
351 7021 7.486196e-01 2.447502e+01  9.919622053777827659e+02  9.946284045738537998e+02  9.961821620788684868e+02  9.965923144906490734e+02
352 7041 7.490927e-01 2.448151e+01  9.919622053777827659e+02  9.953032667270632601e+02  9.960429040901603912e+02  9.967648700768978642e+02
353 7061 7.553390e-01 2.449467e+01  9.919622053777827659e+02  9.953275648888460410e+02  9.961725515844640313e+02  9.965774619814372954e+02
354 7081 7.580307e-01 2.449811e+01  9.919622053777827659e+02  9.951914287154829708e+02  9.964421115481275137e+02  9.968720070559663782e+02
355 7101 7.604697e-01 2.450753e+01  9.919622053777827659e+02  9.938170691429166936e+02  9.961055135652002264e+02  9.970064856167343805e+02
356 7121 7.618903e-01 2.452539e+01  9.919622053777827659e+02  9.953989503191443191e+02  9.963010470890767465e+02  9.969150447411268487e+02
357 7141 7.603663e-01 2.453957e+01  9.919622053777827659e+02  9.955199999999999818e+02  9.962249285419214857e+02  9.967713787733149502e+02
358 7161 7.618023e-01 2.455294e+01  9.919622053777827659e+02  9.954114701130574758e+02  9.961568503263731600e+02  9.968781784508337296e+02
359 7181 7.647867e-01 2.456336e+01  9.919622053777827659e+02  9.952440989795593396e+02  9.963192029122672011e+02  9.967587947426287656e+02
360 7201 7.663461e-01 2.457962e+01  9.919622053777827659e+02  9.948520796620822466e+02  9.962163781384014101e+02  9.967250789536386719e+02
361 7221 7.710770e-01 2.459862e+01  9.919622053777827659e+02  9.952484081250329382e+02  9.962329067216197700e+02  9.967008651402221631e+02
362 7241 7.720902e-01 2.462905e+01  9.919622053777827659e+02  9.950121153329746448e+02  9.961190076009011136e+02  9.966548120203018470e+02
363 7261 7.748289e-01 2.464049e+01  9.919622053777827659e+02  9.949112426258943742e+02  9.961325512729300726e+02  9.966101836699310752e+02
364 7281 7.779806e-01 2.464407e+01  9.919622053777827659e+02  9.954339630530378145e+02  9.962433826229760143e+02  9.967620737893485057e+02
365 7301 7.804127e-01 2.465466e+01  9.919622053777827659e+02  9.946349195652953767e+02  9.961766415868277136e+02  9.966345000740541309e+02
366 7321 7.864262e-01 2.467495e+01  9.919622053777827659e+02  9.955791717467544686e+02  9.960625389845847621e+02  9.967500782043524623e+02
367 7341 7.945255e-01 2.469787e+01  9.919622053777827659e+02  9.954920457774369424e+02  9.962365193878335958e+02  9.966515060124280581e+02
368 7361 8.022751e-01 2.470666e+01  9.919622053777827659e+02  9.946581213176709753e+02  9.963004919704578697e+02  9.969895914043228231e+02
369 7381 8.079184e-01 2.473343e+01  9.919622053777827659e+02  9.953614326222278805e+02  9.964326971709815552e+02  9.969445555375989443e+02
370 7401 8.139933e-01 2.473185e+01  9.919622053777827659e+02  9.947326364062588482e+02  9.962613557911142834e+02  9.967100000000000364e+02
371 7421 8.233154e-01 2.475669e+01  9.919622053777827659e+02  9.944391648879051218e+02  9.962974156407710780e+02  9.965754973466071078e+02
372 7441 8.321565e-01 2.476097e+01  9.919622053777827659e+02  9.948338750606873191e+02  9.962439116215434751e+02  9.968899999999999864e+02
373 7461 8.377964e-01 2.478052e+01  9.919622053777827659e+02  9.947810658510790063e+02  9.962165426137842132e+02  9.968240549480565278e+02
374 7481 8.418230e-01 2.482593e+01  9.919622053777827659e+02  9.948584015196684049e+02  9.962826808252150386e+02  9.966963583138165177e+02
375 7501 8.462085e-01 2.487046e+01  9.919622053777827659e+02  9.947166475429435195e+02  9.961948434428637711e+02  9.967083178278761579e+02
376 7521 8.501434e-01 2.490710e+01  9.919622053777827659e+02  9.950202517676077605e+02  9.961986297414205183e+02  9.967706661598548408e+02
377 7541 8.501520e-01 2.494099e+01  9.919622053777827659e+02  9.957362932969012945e+02  9.963020642493569312e+02  9.969011069336692117e+02
378 7561 8.511877e-01 2.496814e+01  9.919622053777827659e+02  9.941786249100902069e+02  9.961913311368284667e+02  9.967354532058211589e+02
379 7581 8.534539e-01 2.499046e+01  9.919622053777827659e+02  9.938491389166804311e+02  9.963291926782870860e+02  9.968135807018370542e+02
380 7601 8.558698e-01 2.501905e+01  9.919622053777827659e+02  9.940942180136064508e+02  9.962775558078083122e+02  9.968305038678688561e+02
381 7621 8.597612e-01 2.504354e+01  9.919622053777827659e+02  9.938155061590796322e+02  9.962127864811241125e+02  9.970099999999999909e+02
382 7641 8.619096e-01 2.506651e+01  9.919622053777827659e+02  9.954531094716509187e+02  9.961895735178626410e+02  9.966080130951406773e+02
383 7661 8.627878e-01 2.508741e+01  9.919622053777827659e+02  9.948978911875544782e+02  9.963471454896348405e+02  9.968813079383492095e+02
384 7681 8.572315e-01 2.511184e+01  9.919622053777827659e+02  9.944200648629324633e+02  9.960753437027706241e+02  9.967031392122769375e+02
385 7701 8.534127e-01 2.514451e+01  9.919622053777827659e+02  9.952342806699517723e+02  9.962525768263463988e+02  9.968281884860269884e+02
386 7721 8.500930e-01 2.517439e+01  9.919622053777827659e+02  9.951345619655328392e+02  9.963622721567011240e+02  9.967752394021648570e+02
387 7741 8.476911e-01 2.519924e+01  9.919622053777827659e+02  9.947385890023156207e+02  9.962740113520115983e+02  9.967481977392044428e+02
388 7761 8.436334e-01 2.520693e+01  9.919622053777827659e+02  9.940802569564983742e+02  9.961699407434605291e+02  9.966574803435213425e+02
389 7781 8.374010e-01 2.521946e+01  9.919622053777827659e+02  9.947278804934791197e+02  9.962860194261381821e+02  9.967382095373319544e+02
390 7801 8.268607e-01 2.523545e+01  9.919622053777827659e+02  9.937731688592058390e+02  9.960478909855253278e+02  9.965734492248569723e+02
391 7821 8.168085e-01 2.524010e+01  9.919622053777827659e+02  9.952014028101374379e+02  9.960039785731219126e+02  9.969017074203296715e+02
392 7841 8.076586e-01 2.525036e+01  9.919622053777827659e+02  9.945402109419505905e+02  9.961854288921332454e+02  9.968918948041796284e+02
393 7861 8.002315e-01 2.526930e+01  9.919622053777827659e+02  9.946593210961477780e+02  9.962130180911926800e+02  9.965973162732691435e+02
394 7881 7.908082e-01 2.527745e+01  9.919622053777827659e+02  9.953418995390393320e+02  9.962173295458935627e+02  9.969111102775749487e+02
395 7901 7.786495e-01 2.529102e+01  9.919622053777827659e+02  9.951524534843965739e+02  9.961546015720625746e+02  9.965966644015064730e+02
396 7921 7.700239e-01 2.530464e+01  9.919622053777827659e+02  9.950773583620084537e+02  9.960560775209380608e+02  9.966089540832165312e+02
397 7941 7.661417e-01 2.532268e+01  9.919622053777827659e+02  9.942788677220330555e+02  9.960372435624674381e+02  9.968218170569372205e+02
398 7961 7.594307e-01 2.533439e+01  9.919622053777827659e+02  9.951593226425682133e+02  9.959717884984976308e+02  9.964003697807548861e+02
399 7981 7.549362e-01 2.534009e+01  9.919622053777827659e+02  9.951747580839751208e+02  9.962023201802694530e+02  9.966458477885785214e+02
400 8001 7.508161e-01 2.534705e+01  9.919622053777827659e+02  9.945972783096754029e+02  9.962717100352892885e+02  9.968951051579599607e+02
401 8021 7.440218e-01 2.534448e+01  9.919622053777827659e+02  9.955366807027058940e+02  9.961708802883066483e+02  9.967730406632755376e+02
402 8041 7.350243e-01 2.534794e+01  9.919622053777827659e+02  9.953492972542485404e+02  9.960313826662409156e+02  9.965450878598710460e+02
403 8061 7.302731e-01 2.539084e+01  9.919622053777827659e+02  9.954869973669530054e+02  9.963708579136551862e+02  9.967776131068195582e+02
404 8081 7.261304e-01 2.540147e+01  9.919622053777827659e+02  9.950836090139241605e+02  9.961237903911001013e+02  9.967439726182227560e+02
405 8101 7.238742e-01 2.542010e+01  9.919622053777827659e+02  9.957511058969488431e+02  9.961887643977966036e+02  9.967938711969004544e+02
406 8121 7.212437e-01 2.542657e+01  9.919622053777827659e+02  9.949357592832548107e+02  9.962705988030915023e+02  9.967460224871749688e+02
407 8141 7.177841e-01 2.544945e+01  9.919622053777827659e+02  9.952336721798430972e+02  9.959285259480752757e+02  9.965386994758305264e+02
408 8161 7.152166e-01 2.545844e+01  9.919622053777827659e+02  9.955217253878790871e+02  9.959687538304311829e+02  9.967032288441014316e+02
409 8181 7.142870e-01 2.545625e+01  9.919622053777827659e+02  9.951694479949055676e+02  9.960849860322806535e+02  9.966591600652440093e+02
410 8201 7.101257e-01 2.546239e+01  9.919622053777827659e+02  9.948438117306137656e+02  9.960622926466622857e+02  9.967513644225394955e+02
411 8221 7.027015e-01 2.546710e+01  9.919622053777827659e+02  9.954370816679693235e+02  9.960218637480351163e+02  9.965181848926315524e+02
412 8241 6.963934e-01 2.547334e+01  9.919622053777827659e+02  9.931158144475969038e+02  9.960611918259164668e+02  9.965904187925599444e+02
413 8261 6.900954e-01 2.547881e+01  9.919622053777827659e+02  9.947551835792630754e+02  9.961962867351596742e+02  9.964958075931623398e+02
414 8281 6.860069e-01 2.550227e+01  9.919622053777827659e+02  9.938243204819974608e+02  9.961217951972028004e+02  9.967230410035695058e+02
415 8301 6.844727e-01 2.550414e+01  9.919622053777827659e+02  9.949503918834594742e+02  9.959350167311174573e+02  9.968410558554516001e+02
416 8321 6.795881e-01 2.552009e+01  9.919622053777827659e+02  9.945325468497442216e+02  9.962001983685929645e+02  9.965761282847514622e+02
417 8341 6.795748e-01 2.552178e+01  9.919622053777827659e+02  9.942211886744286176e+02  9.961013791855045838e+02  9.966148473490756032e+02
418 8361 6.780803e-01 2.552012e+01  9.919622053777827659e+02  9.935580123998462341e+02  9.962803163539322213e+02  9.965949041972096438e+02
419 8381 6.786287e-01 2.551939e+01  9.919622053777827659e+02  9.944917263563784218e+02  9.961783187893896638e+02  9.965347916563181343e+02
420 8401 6.766548e-01 2.553105e+01  9.919622053777827659e+02  9.944244154165734244e+02  9.960138786343964057e+02  9.966471903273777571e+02
421 8421 6.737529e-01 2.553657e+01  9.919622053777827659e+02  9.954889883039485312e+02  9.962131247258151916e+02  9.968174628158568567e+02
422 8441 6.720510e-01 2.553778e+01  9.919622053777827659e+02  9.948469152782625997e+02  9.961036288186160164e+02  9.968630725416599034e+02
423 8461 6.684856e-01 2.553589e+01  9.919622053777827659e+02  9.943731906408488612e+02  9.961148442411313226e+02  9.967370279111072477e+02
424 8481 6.638456e-01 2.555200e+01  9.919622053777827659e+02  9.944969802164484918e+02  9.960704870294752027e+02  9.966050143379115980e+02
425 8501 6.587585e-01 2.556588e+01  9.919622053777827659e+02  9.950548355466569319e+02  9.957623582147668913e+02  9.964978488074074221e+02
426 8521 6.562214e-01 2.558769e+01  9.919622053777827659e+02  9.951825170783044996e+02  9.962086837920054450e+02  9.968285143647508448e+02
427 8541 6.572211e-01 2.559313e+01  9.919622053777827659e+02  9.946211705023539480e+02  9.960057404221888646e+02  9.963280833213896130e+02
428 8561 6.606877e-01 2.560784e+01  9.919622053777827659e+02  9.957449784396285395e+02  9.961989558436415564e+02  9.967422621863547647e+02
429 8581 6.628641e-01 2.561407e+01  9.919622053777827659e+02  9.948099999999999454e+02  9.959913216062118408e+02  9.965329210931298576e+02
430 8601 6.649122e-01 2.561976e+01  9.919622053777827659e+02  9.939178561855585485e+02  9.960402431076652192e+02  9.966908506573107616e+02
431 8621 6.665617e-01 2.562393e+01  9.919622053777827659e+02  9.944510855934963729e+02  9.961749036694609458e+02  9.965629989718341903e+02
432 8641 6.702489e-01 2.562369e+01  9.919622053777827659e+02  9.940736570740311890e+02  9.961891508624910330e+02  9.968218570163749064e+02
433 8661 6.743046e-01 2.564166e+01  9.919622053777827659e+02  9.948674207405324523e+02  9.958818265597501522e+02  9.966200000000000045e+02
434 8681 6.751012e-01 2.564979e+01  9.919622053777827659e+02  9.952016539694246831e+02  9.960964003826436510e+02  9.965584501467324117e+02
435 8701 6.773275e-01 2.565752e+01  9.919622053777827659e+02  9.947102317983051307e+02  9.958562956428538655e+02  9.966024969229198405e+02
436 8721 6.775497e-01 2.566207e+01  9.919622053777827659e+02  9.950142622520412488e+02  9.960112989197274374e+02  9.966957023491128211e+02
437 8741 6.782764e-01 2.567202e+01  9.919622053777827659e+02  9.947584610514954875e+02  9.961880754902510944e+02  9.967899999999999636e+02
438 8761 6.794932e-01 2.567305e+01  9.919622053777827659e+02  9.943839979898818910e+02  9.958522871032274679e+02  9.967799999999999727e+02
439 8781 6.777266e-01 2.567636e+01  9.919622053777827659e+02  9.938610633923115074e+02  9.960887486902923911e+02  9.966878404655692520e+02
440 8801 6.781091e-01 2.568065e+01  9.919622053777827659e+02  9.948427474038848004e+02  9.960966266457301117e+02  9.966303377097469820e+02
441 8821 6.767082e-01 2.569255e+01  9.919622053777827659e+02  9.945800000000000409e+02  9.961634497988338808e+02  9.966200000000000045e+02
442 8841 6.757814e-01 2.569676e+01  9.919622053777827659e+02  9.946085181859201612e+02  9.962040778507750929e+02  9.965599999999999454e+02
443 8861 6.782240e-01 2.570179e+01  9.919622053777827659e+02  9.951901471771019487e+02  9.961708754459126567e+02  9.966989390390582457e+02
444 8881 6.803506e-01 2.570625e+01  9.919622053777827659e+02  9.954222619379956996e+02  9.962719853234692664e+02  9.966184147286977577e+02
445 8901 6.809890e-01 2.571000e+01  9.919622053777827659e+02  9.955067161472711632e+02  9.960896142211868209e+02  9.967204345965029688e+02
446 8921 6.817442e-01 2.572696e+01  9.919622053777827659e+02  9.946363360720863511e+02  9.961333797839994304e+02  9.966840839913047603e+02
447 8941 6.820375e-01 2.573740e+01  9.919622053777827659e+02  9.940599999999999454e+02  9.959971589957560809e+02  9.965444333661585006e+02
448 8961 6.812367e-01 2.574467e+01  9.919622053777827659e+02  9.952391129216190393e+02  9.959820436222000808e+02  9.963465339762743724e+02
449 8981 6.794504e-01 2.574839e+01  9.919622053777827659e+02  9.951467234816287828e+02  9.962758802844587080e+02  9.967326533427456070e+02
450 9001 6.779049e-01 2.575330e+01  9.919622053777827659e+02  9.952511915661962121e+02  9.959185245668176094e+02  9.965112876726370814e+02
451 9021 6.751857e-01 2.576839e+01  9.919622053777827659e+02  9.951484281405014372e+02  9.960534507126598101e+02  9.967023661352815225e+02
452 9041 6.724318e-01 2.577069e+01  9.919622053777827659e+02  9.944873377116908841e+02  9.961753523948013935e+02  9.968866712714345795e+02
453 9061 6.733281e-01 2.577532e+01  9.919622053777827659e+02  9.951223982614028500e+02  9.962840790052230204e+02  9.966048312601242287e+02
454 9081 6.747824e-01 2.578053e+01  9.919622053777827659e+02  9.950880487230429026e+02  9.961294986911801743e+02  9.965919201304673152e+02
455 9101 6.750568e-01 2.579058e+01  9.919622053777827659e+02  9.947890087586198433e+02  9.960801707830798932e+02  9.968933123684129214e+02
456 9121 6.754920e-01 2.579277e+01  9.919622053777827659e+02  9.943250434108131230e+02  9.960773070959783126e+02  9.966231887625324362e+02
457 9141 6.768790e-01 2.579871e+01  9.919622053777827659e+02  9.948435182364200955e+02  9.961569294364539928e+02  9.965445868456930612e+02
458 9161 6.763803e-01 2.580255e+01  9.919622053777827659e+02  9.954164869587908697e+02  9.961775813842474463e+02  9.966750165191285760e+02
459 9181 6.798388e-01 2.581016e+01  9.919622053777827659e+02  9.952666987194534158e+02  9.959554317018048550e+02  9.967276080356019747e+02
460 9201 6.885409e-01 2.581233e+01  9.919622053777827659e+02  9.952799999999999727e+02  9.961159530595066371e+02  9.964411387868901784e+02
461 9221 6.951387e-01 2.582202e+01  9.919622053777827659e+02  9.931160527467228576e+02  9.960440365372201086e+02  9.965319550653219949e+02
462 9241 7.031822e-01 2.583668e+01  9.919622053777827659e+02  9.950113954809023653e+02  9.963033351453971136e+02  9.967775747521741323e+02
463 9261 7.079102e-01 2.582591e+01  9.919622053777827659e+02  9.948551744715485938e+02  9.962836078441267773e+02  9.967687136077305468e+02
464 9281 7.106480e-01 2.583831e+01  9.919622053777827659e+02  9.953680498986218481e+02  9.962387661953412135e+02  9.968594020597383860e+02
465 9301 7.101510e-01 2.585635e+01  9.919622053777827659e+02  9.953019644902565233e+02  9.962346865980375696e+02  9.967724213030533065e+02
466 9321 7.107159e-01 2.587301e+01  9.919622053777827659e+02  9.954181721684965396e+02  9.962061591524413871e+02  9.966299999999999955e+02
467 9341 7.081055e-01 2.587654e+01  9.919622053777827659e+02  9.954246962373676979e+02  9.962589037693160208e+02  9.969057464299582989e+02
468 9361 7.088924e-01 2.588381e+01  9.919622053777827659e+02  9.950524364302291360e+02  9.962282636984313058e+02  9.966807990568997866e+02
469 9381 7.112649e-01 2.589547e+01  9.919622053777827659e+02  9.954354891079671006e+02  9.964168047647476669e+02  9.968235811908057258e+02
470 9401 7.145158e-01 2.589900e+01  9.919622053777827659e+02  9.947650315155873386e+02  9.960970166004364046e+02  9.967357012733289139e+02
471 9421 7.214712e-01 2.589941e+01  9.919622053777827659e+02  9.953319904656508470e+02  9.962805376336846166e+02  9.967566058538723155e+02
472 9441 7.298024e-01 2.590405e+01  9.919622053777827659e+02  9.943808759816151905e+02  9.958413816220135004e+02  9.968539822469246019e+02
473 9461 7.358221e-01 2.591377e+01  9.919622053777827659e+02  9.922620469540768227e+02  9.960066349172398077e+02  9.969093271998492582e+02
474 9481 7.411730e-01 2.591816e+01  9.919622053777827659e+02  9.948723512601760604e+02  9.963498714349932470e+02  9.969307758534699815e+02
475 9501 7.473769e-01 2.592210e+01  9.919622053777827659e+02  9.950902703135069487e+02  9.961925339187848749e+02  9.968526083787915013e+02
476 9521 7.513380e-01 2.592595e+01  9.919622053777827659e+02  9.950482238192106479e+02  9.963552715872649514e+02  9.967518944906178149e+02
477 9541 7.574692e-01 2.593338e+01  9.919622053777827659e+02  9.951318227472123681e+02  9.962894329338971602e+02  9.966813335384327956e+02
478 9561 7.633092e-01 2.594030e+01  9.919622053777827659e+02  9.951674038872852179e+02  9.961451393728607400e+02  9.967392460085748098e+02
479 9581 7.632533e-01 2.594023e+01  9.919622053777827659e+02  9.951100000000000136e+02  9.962341953177492542e+02  9.974250774980067717e+02
480 9601 7.628308e-01 2.593350e+01  9.919622053777827659e+02  9.933679544531674992e+02  9.963443876970220572e+02  9.967834899621833529e+02
481 9621 7.678643e-01 2.594739e+01  9.919622053777827659e+02  9.934053987523200249e+02  9.964004861323287514e+02  9.966541494617125636e+02
482 9641 7.717900e-01 2.595093e+01  9.919622053777827659e+02  9.954314964548563012e+02  9.961724756895752080e+02  9.965789281347841779e+02
483 9661 7.757821e-01 2.595068e+01  9.919622053777827659e+02  9.945330831853739255e+02  9.960230937750814064e+02  9.966579629994846528e+02
484 9681 7.784029e-01 2.594848e+01  9.919622053777827659e+02  9.955161251664573001e+02  9.961945677802116279e+02  9.967489527680666015e+02
485 9701 7.761869e-01 2.597302e+01  9.919622053777827659e+02  9.944239568462235184e+02  9.960272031106508166e+02  9.965462593774735751e+02
486 9721 7.735282e-01 2.596940e+01  9.919622053777827659e+02  9.947699999999999818e+02  9.962564741699136448e+02  9.967256656465248170e+02
487 9741 7.703581e-01 2.597268e+01  9.919622053777827659e+02  9.948480997369028955e+02  9.962328697174768877e+02  9.966830104798208367e+02
488 9761 7.702335e-01 2.596119e+01  9.919622053777827659e+02  9.949546494775922838e+02  9.959370541835794484e+02  9.965852669327234707e+02
489 9781 7.693397e-01 2.596520e+01  9.919622053777827659e+02  9.956389668152610284e+02  9.962755626009486605e+02  9.969288414835626781e+02
490 9801 7.692056e-01 2.596227e+01  9.919622053777827659e+02  9.949368616707998854e+02  9.960075580340533179e+02  9.964770504057013341e+02
491 9821 7.715738e-01 2.595360e+01  9.919622053777827659e+02  9.942864482209641892e+02  9.958667531568016784e+02  9.966415091705928262e+02
492 9841 7.698318e-01 2.596418e+01  9.919622053777827659e+02  9.940582353001319689e+02  9.960841361167740615e+02  9.966079577120777913e+02
493 9861 7.656068e-01 2.596875e+01  9.919622053777827659e+02  9.950745796323230934e+02  9.960759152091236501e+02  9.966220956695287896e+02
494 9881 7.610366e-01 2.597150e+01  9.919622053777827659e+02  9.954239985396289967e+02  9.962123989235487898e+02  9.968672633830566383e+02
495 9901 7.591742e-01 2.597459e+01  9.919622053777827659e+02  9.951553749706293956e+02  9.961844978940957844e+02  9.968141184537245181e+02
496 9921 7.581840e-01 2.598680e+01  9.919622053777827659e+02  9.944637005421125195e+02  9.962867486665340948e+02  9.967276841751740903e+02
497 9941 7.573807e-01 2.599910e+01  9.919622053777827659e+02  9.950543654492410042e+02  9.963844750847193836e+02  9.966189974175634916e+02
498 9961 7.556648e-01 2.601292e+01  9.919622053777827659e+02  9.940164275383127688e+02  9.962018303008142084e+02  9.968389629732038202e+02
499 9981 7.553127e-01 2.600117e+01  9.919622053777827659e+02  9.947033694499948524e+02  9.961741650925764588e+02  9.965551989364037127e+02
500 10001 7.554901e-01 2.600525e+01  9.919622053777827659e+02  9.946018793547300447e+02  9.962112100036674747e+02  9.967694602339488483e+02
501 10021 7.545919e-01 2.600627e+01  9.919622053777827659e+02  9.926147560047326124e+02  9.960443294806789254e+02  9.966057764671983250e+02
502 10041 7.557521e-01 2.601411e+01  9.919622053777827659e+02  9.949805693707764931e+02  9.961341990699556845e+02  9.967941326686980119e+02
503 10061 7.545980e-01 2.602168e+01  9.919622053777827659e+02  9.949823992838059894e+02  9.961631979996054724e+02  9.970555792924872094e+02
504 10081 7.556703e-01 2.602045e+01  9.919622053777827659e+02  9.947731616429217638e+02  9.961283033765938626e+02  9.966799999999999500e+02
505 10101 7.567511e-01 2.602882e+01  9.919622053777827659e+02  9.946564399449889606e+02  9.962633441670188859e+02  9.966987938770079154e+02
506 10121 7.571175e-01 2.602945e+01  9.919622053777827659e+02  9.941133018948329436e+02  9.961397703883160375e+02  9.965456684584879667e+02
507 10141 7.559564e-01 2.603250e+01  9.919622053777827659e+02  9.942468095596439071e+02  9.961950577635798254e+02  9.966869392066051887e+02
508 10161 7.536859e-01 2.603791e+01  9.919622053777827659e+02  9.947244269297434585e+02  9.960259821387749071e+02  9.965687767300797759e+02
509 10181 7.514743e-01 2.604581e+01  9.919622053777827659e+02  9.953959101010914310e+02  9.961508103774843903e+02  9.967237765882672420e+02
510 10201 7.513163e-01 2.604762e+01  9.919622053777827659e+02  9.927104907304111521e+02  9.960956597637580217e+02  9.965681764998680592e+02
511 10221 7.472262e-01 2.604158e+01  9.919622053777827659e+02  9.948137146812981655e+02  9.962125891117851779e+02  9.966969955783488331e+02
512 10241 7.406528e-01 2.605017e+01  9.919622053777827659e+02  9.945455122483726882e+02  9.960845685170353363e+02  9.966605543039037229e+02
513 10261 7.308089e-01 2.604564e+01  9.919622053777827659e+02  9.936162299120014723e+02  9.961308441886869787e+02  9.965982348524980807e+02
514 10281 7.246702e-01 2.605125e+01  9.919622053777827659e+02  9.943082813453289646e+02  9.962542677090962115e+02  9.967685950445958269e+02
515 10301 7.231179e-01 2.605249e+01  9.919622053777827659e+02  9.952816725617889233e+02  9.961629380138000442e+02  9.967306729172088353e+02
516 10321 7.203277e-01 2.606472e+01  9.919622053777827659e+02  9.932819958639288416e+02  9.960952112335177162e+02  9.966140217678453155e+02
517 10341 7.153955e-01 2.609025e+01  9.919622053777827659e+02  9.948634097899773678e+02  9.962469702367681066e+02  9.966049713062293449e+02
518 10361 7.122884e-01 2.608146e+01  9.919622053777827659e+02  9.954900000000000091e+02  9.961177156076278152e+02  9.966409056582136827e+02
519 10381 7.114562e-01 2.609263e+01  9.918085995652593283e+02  9.918085995652593283e+02  9.960156684280661921e+02  9.966551467862807385e+02
520 10401 7.087456e-01 2.610238e+01  9.918085995652593283e+02  9.952487717025085203e+02  9.962275207534700030e+02  9.967748739578269124e+02
521 10421 7.069661e-01 2.610379e+01  9.918085995652593283e+02  9.948269971154886662e+02  9.961368766184084507e+02  9.966927542355435889e+02
522 10441 7.019553e-01 2.611277e+01  9.918085995652593283e+02  9.957456934870631358e+02  9.963142839130132415e+02  9.966399999999999864e+02
523 10461 6.961840e-01 2.612816e+01  9.918085995652593283e+02  9.953413065167668492e+02  9.962478132809978888e+02  9.966431493675203228e+02
524 10481 6.904640e-01 2.615674e+01  9.918085995652593283e+02  9.950671205346158104e+02  9.960725277389631174e+02  9.967100000000000364e+02
525 10501 6.868505e-01 2.613861e+01  9.918085995652593283e+02  9.942607743188243603e+02  9.960801004258742068e+02  9.966554312700513947e+02
526 10521 6.827212e-01 2.614226e+01  9.918085995652593283e+02  9.935597581264236169e+02  9.961044044809302704e+02  9.966579213651169766e+02
527 10541 6.775560e-01 2.615575e+01  9.918085995652593283e+02  9.942815886080055634e+02  9.962014433029054317e+02  9.968231564395723581e+02
528 10561 6.725127e-01 2.616468e+01  9.918085995652593283e+02  9.942942390691174523e+02  9.960287675108086205e+02  9.965697185351790495e+02
529 10581 6.657851e-01 2.617814e+01  9.918085995652593283e+02  9.946644209028175965e+02  9.960402531922225080e+02  9.966762442601250314e+02
530 10601 6.609626e-01 2.619617e+01  9.918085995652593283e+02  9.945860943173537407e+02  9.961312465009498283e+02  9.965302690818397195e+02
531 10621 6.559302e-01 2.620732e+01  9.918085995652593283e+02  9.949545615138554240e+02  9.961111938201684097e+02  9.964415180468768085e+02
532 10641 6.519270e-01 2.620378e+01  9.918085995652593283e+02  9.947965183542435170e+02  9.959899775327169209e+02  9.964432849325556845e+02
533 10661 6.476340e-01 2.620368e+01  9.918085995652593283e+02  9.940858048195855190e+02  9.960382436248610247e+02  9.965396671233239658e+02
534 10681 6.438533e-01 2.620081e+01  9.918085995652593283e+02  9.952999999999999545e+02  9.959973510109214203e+02  9.968451814517493403e+02
535 10701 6.398409e-01 2.620568e+01  9.918085995652593283e+02  9.953178072515544272e+02  9.961770890785621759e+02  9.964360580280600743e+02
536 10721 6.388652e-01 2.620101e+01  9.918085995652593283e+02  9.951302803978503562e+02  9.961181161321023865e+02  9.965876079576710254e+02
537 10741 6.389998e-01 2.619400e+01  9.918085995652593283e+02  9.951912888526176175e+02  9.962778214443246725e+02  9.967696205109824632e+02
538 10761 6.414521e-01 2.618986e+01  9.918085995652593283e+02  9.950678467045138405e+02  9.962325159487340898e+02  9.967307386855079585e+02
539 10781 6.412868e-01 2.619742e+01  9.918085995652593283e+02  9.951642054071589882e+02  9.960890815707099364e+02  9.967473067666612678e+02
540 10801 6.424814e-01 2.620098e+01  9.918085995652593283e+02  9.952000000000000455e+02  9.961603638750583514e+02  9.967030385050868517e+02
541 10821 6.434237e-01 2.619841e+01  9.918085995652593283e+02  9.950271335909130812e+02  9.960950000000000273e+02  9.964075648423645362e+02
542 10841 6.437952e-01 2.620247e+01  9.918085995652593283e+02  9.947578306098891971e+02  9.959198754083324729e+02  9.964166634419269712e+02
543 10861 6.431208e-01 2.619883e+01  9.918085995652593283e+02  9.953089587417928215e+02  9.960172028689769377e+02  9.966565670217734123e+02
544 10881 6.445789e-01 2.619891e+01  9.918085995652593283e+02  9.949815334115545511e+02  9.960898103949479037e+02  9.965773406245511978e+02
545 10901 6.463696e-01 2.624018e+01  9.918085995652593283e+02  9.952607714189091439e+02  9.959609516889231600e+02  9.967341922311868530e+02
546 10921 6.469280e-01 2.625080e+01  9.918085995652593283e+02  9.949984405347297525e+02  9.959630287194388529e+02  9.967829659149605277e+02
547 10941 6.479916e-01 2.624970e+01  9.918085995652593283e+02  9.946846607571648065e+02  9.960184138379078149e+02  9.966900000000000546e+02
548 10961 6.503153e-01 2.624479e+01  9.918085995652593283e+02  9.949622021114990957e+02  9.961220728061655336e+02  9.965426602855518468e+02
549 10981 6.492931e-01 2.625715e+01  9.918085995652593283e+02  9.945564743627911639e+02  9.960194575253497078e+02  9.968429647061961987e+02
550 11001 6.477550e-01 2.625874e+01  9.918085995652593283e+02  9.949643624683133112e+02  9.961201673179918998e+02  9.973666941287998498e+02
551 11021 6.480375e-01 2.626604e+01  9.918085995652593283e+02  9.949330959241316350e+02  9.961766119185367643e+02  9.967040092051113334e+02
552 11041 6.442619e-01 2.627304e+01  9.918085995652593283e+02  9.952296448940990103e+02  9.961421945747931659e+02  9.965079189447128556e+02
553 11061 6.406260e-01 2.627444e+01  9.918085995652593283e+02  9.942069896045001087e+02  9.961306401111971809e+02  9.966810704127010467e+02
554 11081 6.376425e-01 2.628813e+01  9.918085995652593283e+02  9.945480138479732659e+02  9.959283132946914066e+02  9.965870270076424049e+02
555 11101 6.344134e-01 2.629271e+01  9.918085995652593283e+02  9.940542982417301801e+02  9.960616565348968834e+02  9.966061461462270472e+02
556 11121 6.330746e-01 2.629646e+01  9.918085995652593283e+02  9.954084882267453622e+02  9.961526795167731052e+02  9.968123650892121077e+02
557 11141 6.340601e-01 2.630307e+01  9.918085995652593283e+02  9.952970731293609106e+02  9.961484106968483729e+02  9.969099999999999682e+02
558 11161 6.357450e-01 2.630596e+01  9.918085995652593283e+02  9.949200766099036173e+02  9.960865091141317862e+02  9.966981123134244172e+02
559 11181 6.399814e-01 2.633489e+01  9.918085995652593283e+02  9.926010719576780730e+02  9.960643859778292608e+02  9.964229075615452302e+02
560 11201 6.447879e-01 2.633105e+01  9.918085995652593283e+02  9.943725835541542892e+02  9.959447877638094724e+02  9.966511161152128579e+02
561 11221 6.492869e-01 2.633772e+01  9.918085995652593283e+02  9.950158415719735103e+02  9.961900560933808038e+02  9.966830951772936942e+02
562 11241 6.532754e-01 2.634111e+01  9.918085995652593283e+02  9.947556915581099020e+02  9.962238975871191542e+02  9.966982013846507016e+02
563 11261 6.527597e-01 2.634152e+01  9.918085995652593283e+02  9.947999999999999545e+02  9.960576384917089854e+02  9.964415347815398718e+02
564 11281 6.511923e-01 2.634267e+01  9.918085995652593283e+02  9.936862591935545197e+02  9.960640195706271243e+02  9.968719515886580211e+02
565 11301 6.497206e-01 2.635114e+01  9.918085995652593283e+02  9.953598824917849015e+02  9.960505860888977168e+02  9.968039597033222208e+02
566 11321 6.498863e-01 2.635378e+01  9.918085995652593283e+02  9.946406631291163194e+02  9.959670176757836089e+02  9.966299999999999955e+02
567 11341 6.511351e-01 2.635090e+01  9.918085995652593283e+02  9.952000000000000455e+02  9.961370700900307611e+02  9.966983476228995187e+02
568 11361 6.512762e-01 2.636776e+01  9.918085995652593283e+02  9.945755656355910332e+02  9.961923348359739521e+02  9.968145366943034560e+02
569 11381 6.480290e-01 2.636343e+01  9.918085995652593283e+02  9.950091278480117580e+02  9.961625055107560911e+02  9.966644927228588813e+02
570 11401 6.484672e-01 2.636603e+01  9.918085995652593283e+02  9.944191126084341477e+02  9.959749266989649641e+02  9.967796557414775407e+02
571 11421 6.472454e-01 2.636485e+01  9.918085995652593283e+02  9.940439479110086722e+02  9.960291993627965894e+02  9.968312691109211983e+02
572 11441 6.456950e-01 2.636296e+01  9.918085995652593283e+02  9.953622094519631673e+02  9.960269703842629951e+02  9.965239860875308295e+02
573 11461 6.427938e-01 2.635895e+01  9.918085995652593283e+02  9.948389801542476789e+02  9.960247491604452534e+02  9.964035872651636510e+02
574 11481 6.377782e-01 2.636544e+01  9.918085995652593283e+02  9.941336454549887094e+02  9.961622792515338460e+02  9.966644863170060944e+02
575 11501 6.327061e-01 2.636759e+01  9.918085995652593283e+02  9.950320497634461390e+02  9.961197981046452696e+02  9.966733768036833681e+02
576 11521 6.256637e-01 2.637363e+01  9.918085995652593283e+02  9.950828002537617749e+02  9.959298593297918387e+02  9.964954469049920363e+02
577 11541 6.194846e-01 2.638005e+01  9.918085995652593283e+02  9.952412200251800414e+02  9.960291557740659982e+02  9.967055138012796078e+02
578 11561 6.105158e-01 2.638424e+01  9.918085995652593283e+02  9.953392410822409602e+02  9.961382087003241850e+02  9.966395052487114299e+02
579 11581 6.105000e-01 2.638859e+01  9.918085995652593283e+02  9.951371614996515973e+02  9.959184119657040810e+02  9.965349178662579561e+02
580 11601 6.094582e-01 2.639134e+01  9.918085995652593283e+02  9.957927291124492513e+02  9.961173787372183597e+02  9.968472045652991937e+02
581 11621 6.069832e-01 2.638711e+01  9.918085995652593283e+02  9.949518250238221526e+02  9.961789076629247575e+02  9.967300000000000182e+02
582 11641 6.026789e-01 2.639551e+01  9.918085995652593283e+02  9.950889120768460998e+02  9.961853421468301804e+02  9.965166091325959314e+02
583 11661 5.996491e-01 2.639628e+01  9.918085995652593283e+02  9.952513528300854659e+02  9.960421986105408223e+02  9.972293539885603195e+02
584 11681 5.945769e-01 2.640367e+01  9.918085995652593283e+02  9.944461312437130118e+02  9.959690175728876511e+02  9.965391879980508065e+02
585 11701 5.909402e-01 2.640887e+01  9.918085995652593283e+02  9.950486475394500303e+02  9.959663692856099715e+02  9.966537060973207645e+02
586 11721 5.861587e-01 2.641467e+01  9.918085995652593283e+02  9.949669726346436391e+02  9.960669414649833016e+02  9.965545869086461153e+02
587 11741 5.793133e-01 2.641439e+01  9.918085995652593283e+02  9.954727684981021412e+02  9.961009212504246761e+02  9.964613798756308825e+02
588 11761 5.721154e-01 2.641807e+01  9.918085995652593283e+02  9.945977887859618249e+02  9.959477644636094738e+02  9.967614852736696776e+02
589 11781 5.654609e-01 2.641562e+01  9.918085995652593283e+02  9.950626736326453283e+02  9.960392355452033826e+02  9.965809712544371450e+02
590 11801 5.583084e-01 2.641454e+01  9.918085995652593283e+02  9.951264364310185329e+02  9.960721781951083358e+02  9.964761460301268698e+02
591 11821 5.534509e-01 2.641645e+01  9.918085995652593283e+02  9.950729116511744223e+02  9.960428730947965050e+02  9.969123243700024659e+02
592 11841 5.481760e-01 2.641587e+01  9.918085995652593283e+02  9.948072179667155979e+02  9.958738898572032667e+02  9.964335910397431917e+02
593 11861 5.451466e-01 2.641873e+01  9.918085995652593283e+02  9.951005852523396698e+02  9.959889704239450339e+02  9.965070103639134231e+02
594 11881 5.413564e-01 2.642903e+01  9.918085995652593283e+02  9.936722048243972267e+02  9.960878051789748042e+02  9.967281857411911687e+02
595 11901 5.361555e-01 2.643682e+01  9.914533417491840055e+02  9.914533417491840055e+02  9.957387309278919929e+02  9.965169801743178368e+02
596 11921 5.316410e-01 2.647686e+01  9.914533417491840055e+02  9.951836712367627342e+02  9.959799676049428854e+02  9.963078168155821004e+02
597 11941 5.284009e-01 2.648390e+01  9.914533417491840055e+02  9.948791145311698756e+02  9.960169832547496753e+02  9.964078318297140413e+02
598 11961 5.245706e-01 2.647898e+01  9.914533417491840055e+02  9.948372740114832595e+02  9.960462551772712914e+02  9.964730666075109866e+02
599 11981 5.217943e-01 2.648097e+01  9.914533417491840055e+02  9.947782949439140339e+02  9.960789437408326421e+02  9.964826899888217895e+02
600 12001 5.219659e-01 2.650228e+01  9.914533417491840055e+02  9.934792833237669356e+02  9.959982995691748329e+02  9.966388752019572621e+02
