%  columns="iteration, evaluation, sigma, axis ratio, bestever, best, median, worst fitness function value, further objective values of best" (startseed=213404, 2017/10/12 9:39:47.04)
1 21 1.071292e+00 2.240859e+01  9.914533417491840055e+02  9.955515459014155795e+02  9.964786098304505231e+02  9.972521673049733408e+02
2 41 1.033035e+00 2.242669e+01  9.914533417491840055e+02  9.943551351407157881e+02  9.961157807137162763e+02  9.968160439327573386e+02
3 61 1.007470e+00 2.243993e+01  9.914533417491840055e+02  9.952066153028223425e+02  9.963921908864472243e+02  9.971000000000000227e+02
4 81 9.817342e-01 2.245293e+01  9.914533417491840055e+02  9.941678999864205935e+02  9.960763356695413222e+02  9.967506093412592918e+02
5 101 9.612292e-01 2.246309e+01  9.914533417491840055e+02  9.956438491134649666e+02  9.964519472488186693e+02  9.969782990131781162e+02
6 121 9.461955e-01 2.247483e+01  9.914533417491840055e+02  9.941924674292530426e+02  9.961815390774033858e+02  9.967655142114595037e+02
7 141 9.333301e-01 2.248441e+01  9.914533417491840055e+02  9.951200000000000045e+02  9.963274556068899983e+02  9.968340481418604213e+02
8 161 9.235523e-01 2.249727e+01  9.914533417491840055e+02  9.956232472733807981e+02  9.964103205015654794e+02  9.969472264639755394e+02
9 181 9.111677e-01 2.250939e+01  9.914533417491840055e+02  9.949016003084194608e+02  9.963621128195983374e+02  9.968179601202014055e+02
10 201 8.993275e-01 2.251882e+01  9.914533417491840055e+02  9.949450787083782188e+02  9.961845719261789327e+02  9.968516907913103751e+02
11 221 8.916326e-01 2.251983e+01  9.914533417491840055e+02  9.947364346509698407e+02  9.963668420331036941e+02  9.969946062767072590e+02
12 241 8.849114e-01 2.252753e+01  9.914533417491840055e+02  9.956443679973822327e+02  9.963470850097762650e+02  9.967957370023377734e+02
13 261 8.799099e-01 2.253161e+01  9.914533417491840055e+02  9.955105072506650004e+02  9.963144808161605397e+02  9.969636545439933570e+02
14 281 8.772212e-01 2.253407e+01  9.914533417491840055e+02  9.930143023992524149e+02  9.962541261656945153e+02  9.969468159658302966e+02
15 301 8.788902e-01 2.253774e+01  9.914533417491840055e+02  9.955708117048933445e+02  9.963388867347364339e+02  9.969832002878825961e+02
16 321 8.831529e-01 2.254311e+01  9.914533417491840055e+02  9.955462255863430983e+02  9.964541249958554090e+02  9.969307836433436023e+02
17 341 8.861683e-01 2.255328e+01  9.914533417491840055e+02  9.947824815793865127e+02  9.962954765377592139e+02  9.967663492387233646e+02
18 361 8.874475e-01 2.255396e+01  9.914533417491840055e+02  9.954562220317976653e+02  9.962568795997822235e+02  9.967564038022485420e+02
19 381 8.913744e-01 2.256831e+01  9.914533417491840055e+02  9.946660443328929659e+02  9.962807607682053685e+02  9.968273148524062890e+02
20 401 8.947564e-01 2.257618e+01  9.914533417491840055e+02  9.947038914328695682e+02  9.963752060553144929e+02  9.969465584847325772e+02
21 421 8.956865e-01 2.258300e+01  9.914533417491840055e+02  9.943488477499111013e+02  9.963949033747674093e+02  9.968700000000000045e+02
22 441 8.966238e-01 2.258749e+01  9.914533417491840055e+02  9.957452505421040314e+02  9.962933198910516239e+02  9.967606464730820335e+02
23 461 8.987599e-01 2.260887e+01  9.914533417491840055e+02  9.945451012003150026e+02  9.963062941892990239e+02  9.968515702071789519e+02
24 481 8.981166e-01 2.261995e+01  9.914533417491840055e+02  9.957482612161468296e+02  9.963435993142379630e+02  9.968061068636081927e+02
25 501 8.950303e-01 2.262439e+01  9.914533417491840055e+02  9.952970676495046973e+02  9.962473508856645594e+02  9.968203877769726660e+02
26 521 8.890990e-01 2.262402e+01  9.914533417491840055e+02  9.947940412989380548e+02  9.962209848901097757e+02  9.968772368779183353e+02
27 541 8.862115e-01 2.262059e+01  9.914533417491840055e+02  9.946514341577432106e+02  9.964877009569413531e+02  9.969455105790750622e+02
28 561 8.838889e-01 2.262348e+01  9.914533417491840055e+02  9.955064060783126934e+02  9.964455928904433222e+02  9.968910872276927648e+02
29 581 8.792608e-01 2.263126e+01  9.914533417491840055e+02  9.953178471212384011e+02  9.963299384884408028e+02  9.968644842857328285e+02
30 601 8.745260e-01 2.264254e+01  9.914533417491840055e+02  9.936119174254738482e+02  9.964392194682495756e+02  9.969342537950180940e+02
31 621 8.712413e-01 2.264585e+01  9.914533417491840055e+02  9.953564861514892073e+02  9.962208175229675362e+02  9.970099999999999909e+02
32 641 8.624958e-01 2.264735e+01  9.914533417491840055e+02  9.955082902364617894e+02  9.963441923970123071e+02  9.969839237034450434e+02
33 661 8.559285e-01 2.266093e+01  9.914533417491840055e+02  9.953292257947631470e+02  9.964361979357536256e+02  9.967710396259110439e+02
34 681 8.506630e-01 2.267246e+01  9.914533417491840055e+02  9.954411505609903088e+02  9.961843906246476763e+02  9.968791622806545547e+02
35 701 8.437506e-01 2.267045e+01  9.914533417491840055e+02  9.952308641920863010e+02  9.963505144686878339e+02  9.970371850947208259e+02
36 721 8.384527e-01 2.266917e+01  9.914533417491840055e+02  9.958675534594971168e+02  9.963889199260283931e+02  9.970545016449084414e+02
37 741 8.327350e-01 2.267052e+01  9.914533417491840055e+02  9.958075120666444491e+02  9.963266606107554253e+02  9.968454337185311260e+02
38 761 8.253550e-01 2.267045e+01  9.914533417491840055e+02  9.957184613608800419e+02  9.963435850740063415e+02  9.968894298980321764e+02
39 781 8.152144e-01 2.266992e+01  9.914533417491840055e+02  9.935239846152608152e+02  9.962227304590930999e+02  9.969958627257816488e+02
40 801 8.063387e-01 2.268143e+01  9.914533417491840055e+02  9.949811428098352053e+02  9.963379229281929383e+02  9.969199999999999591e+02
41 821 7.960665e-01 2.268436e+01  9.914533417491840055e+02  9.953213982456096574e+02  9.961404658036656201e+02  9.967121642020024410e+02
42 841 7.929140e-01 2.269903e+01  9.914533417491840055e+02  9.942507726644537343e+02  9.961408587658763736e+02  9.968320220203098643e+02
43 861 7.882063e-01 2.270834e+01  9.914533417491840055e+02  9.950820084943005668e+02  9.962075949216618937e+02  9.965437790063950843e+02
44 881 7.819771e-01 2.271125e+01  9.914533417491840055e+02  9.944404919336091098e+02  9.963225366041020834e+02  9.968301960701128337e+02
45 901 7.803856e-01 2.272267e+01  9.914533417491840055e+02  9.945707782996839796e+02  9.961827202274957926e+02  9.967242022901522205e+02
46 921 7.789630e-01 2.272232e+01  9.914533417491840055e+02  9.945599999999999454e+02  9.960504605714230593e+02  9.966069067866209252e+02
47 941 7.778277e-01 2.272679e+01  9.914533417491840055e+02  9.940045871266758013e+02  9.963212935957467380e+02  9.968344808279571225e+02
48 961 7.755417e-01 2.273354e+01  9.914533417491840055e+02  9.945388592065630746e+02  9.962133841522636430e+02  9.965825832392503116e+02
49 981 7.721104e-01 2.273687e+01  9.914533417491840055e+02  9.944216911506414363e+02  9.962178801213832458e+02  9.967409029927164283e+02
50 1001 7.691022e-01 2.273980e+01  9.914533417491840055e+02  9.948475194279124025e+02  9.963219982335583609e+02  9.975765687004623032e+02
51 1021 7.686010e-01 2.275547e+01  9.914533417491840055e+02  9.956137701154202659e+02  9.963386669505380269e+02  9.968681560431862181e+02
52 1041 7.690061e-01 2.276174e+01  9.914533417491840055e+02  9.946850753368490814e+02  9.962377042247187546e+02  9.968812654086415250e+02
53 1061 7.682926e-01 2.276794e+01  9.914533417491840055e+02  9.947767239276150804e+02  9.961624617279533140e+02  9.966426597567116232e+02
54 1081 7.667654e-01 2.277903e+01  9.914533417491840055e+02  9.953071548630614416e+02  9.962100946298269264e+02  9.966901523200908741e+02
55 1101 7.686020e-01 2.278018e+01  9.914533417491840055e+02  9.946882200192142136e+02  9.959917453655183408e+02  9.966690505638885043e+02
56 1121 7.654189e-01 2.277813e+01  9.914533417491840055e+02  9.945057256227944436e+02  9.963305773850870537e+02  9.968428716045309557e+02
57 1141 7.606230e-01 2.278548e+01  9.914533417491840055e+02  9.950467650052913768e+02  9.962234368295110016e+02  9.966894195279500082e+02
58 1161 7.586200e-01 2.282208e+01  9.914533417491840055e+02  9.948382538962893022e+02  9.963898048044452480e+02  9.966953897579451223e+02
59 1181 7.533419e-01 2.281948e+01  9.914533417491840055e+02  9.955821313332580758e+02  9.962557878680097474e+02  9.968822797058970764e+02
60 1201 7.526545e-01 2.283075e+01  9.914533417491840055e+02  9.942357428147701057e+02  9.961337693208902238e+02  9.967032057855151379e+02
61 1221 7.494386e-01 2.282346e+01  9.914533417491840055e+02  9.956107946553146348e+02  9.963487829101866282e+02  9.969230046406428301e+02
62 1241 7.452552e-01 2.283241e+01  9.914533417491840055e+02  9.946684373476779228e+02  9.963054826097301202e+02  9.969465117877807643e+02
63 1261 7.458783e-01 2.284179e+01  9.914533417491840055e+02  9.952029540058941848e+02  9.961020872014078122e+02  9.978479368426581004e+02
64 1281 7.478528e-01 2.284298e+01  9.914533417491840055e+02  9.946964444916116008e+02  9.962360660768201797e+02  9.971512340340756282e+02
65 1301 7.495843e-01 2.286177e+01  9.914533417491840055e+02  9.945991493271703803e+02  9.961524357380136507e+02  9.966396303608327116e+02
66 1321 7.519904e-01 2.287185e+01  9.914533417491840055e+02  9.953145408395075719e+02  9.962361332449156635e+02  9.966744571762446867e+02
67 1341 7.532302e-01 2.286696e+01  9.914533417491840055e+02  9.959299999999999500e+02  9.962860840782764171e+02  9.968430913794991284e+02
68 1361 7.541815e-01 2.286425e+01  9.914533417491840055e+02  9.951822561784935033e+02  9.962098172577016157e+02  9.968136505681681001e+02
69 1381 7.560133e-01 2.286127e+01  9.914533417491840055e+02  9.953478223395663917e+02  9.960732969824356360e+02  9.967206745082072530e+02
70 1401 7.536356e-01 2.285668e+01  9.914533417491840055e+02  9.942512450839853955e+02  9.961743141546811557e+02  9.970150022176208040e+02
71 1421 7.514445e-01 2.286717e+01  9.914533417491840055e+02  9.952346226188146829e+02  9.961880937720661677e+02  9.965449347528590351e+02
72 1441 7.501841e-01 2.287557e+01  9.914533417491840055e+02  9.953035598333993903e+02  9.962473808230785153e+02  9.969285789758289411e+02
73 1461 7.490898e-01 2.288351e+01  9.914533417491840055e+02  9.944462869494620918e+02  9.962748974183514292e+02  9.966909333340246349e+02
74 1481 7.496207e-01 2.288881e+01  9.914533417491840055e+02  9.951503242119840706e+02  9.962866970493887493e+02  9.968425791221311556e+02
75 1501 7.501934e-01 2.289870e+01  9.914533417491840055e+02  9.938184348761269575e+02  9.962167374506191209e+02  9.966244809552160859e+02
76 1521 7.453927e-01 2.290136e+01  9.914533417491840055e+02  9.944900000000000091e+02  9.962006316487036202e+02  9.966540528440001481e+02
77 1541 7.409899e-01 2.290321e+01  9.914533417491840055e+02  9.952673708898489622e+02  9.962815808479263069e+02  9.968610805637512158e+02
78 1561 7.343743e-01 2.291009e+01  9.914533417491840055e+02  9.943214160110386501e+02  9.961458046136546045e+02  9.968036201692134455e+02
79 1581 7.324736e-01 2.291458e+01  9.914533417491840055e+02  9.957518046537368264e+02  9.962315266851469460e+02  9.966661452513213817e+02
80 1601 7.321614e-01 2.291566e+01  9.914533417491840055e+02  9.958008580919590713e+02  9.962119016673728993e+02  9.968788283405372113e+02
81 1621 7.290748e-01 2.292038e+01  9.914533417491840055e+02  9.953684922009128968e+02  9.962269111944212909e+02  9.971361971300734695e+02
82 1641 7.222987e-01 2.292237e+01  9.914533417491840055e+02  9.953117387185727694e+02  9.961337094454354428e+02  9.966323295605232033e+02
83 1661 7.164296e-01 2.293136e+01  9.914533417491840055e+02  9.948066815291462035e+02  9.961220265029044185e+02  9.968531199441575836e+02
84 1681 7.111318e-01 2.294659e+01  9.914533417491840055e+02  9.956550295116753659e+02  9.961347749322511618e+02  9.966215515292910823e+02
85 1701 7.062621e-01 2.295395e+01  9.914533417491840055e+02  9.950441419932860754e+02  9.960829433919002440e+02  9.967348684556028502e+02
86 1721 7.019048e-01 2.296053e+01  9.914533417491840055e+02  9.946749090320842015e+02  9.963453340870573811e+02  9.968558250776426348e+02
87 1741 7.004264e-01 2.297024e+01  9.914533417491840055e+02  9.945900000000000318e+02  9.961231752399716015e+02  9.966656198527682591e+02
88 1761 7.042373e-01 2.297518e+01  9.914533417491840055e+02  9.948161155686668735e+02  9.962320377913556513e+02  9.967494147826962489e+02
89 1781 7.105905e-01 2.297803e+01  9.914533417491840055e+02  9.956104308109515841e+02  9.962464546329003952e+02  9.969741335643259390e+02
90 1801 7.188980e-01 2.300057e+01  9.914533417491840055e+02  9.943099999999999454e+02  9.961977546990551673e+02  9.966319229461998930e+02
91 1821 7.297077e-01 2.301140e+01  9.914533417491840055e+02  9.945028556624913563e+02  9.961184537055826240e+02  9.966168713673627053e+02
92 1841 7.433272e-01 2.302532e+01  9.914533417491840055e+02  9.949181277264899563e+02  9.962165663923152579e+02  9.970849773512674119e+02
93 1861 7.524000e-01 2.303622e+01  9.914533417491840055e+02  9.953070595186127321e+02  9.962695606463882996e+02  9.971007131203766676e+02
94 1881 7.649209e-01 2.305020e+01  9.914533417491840055e+02  9.945932418835828912e+02  9.961035422680712372e+02  9.967079326207656322e+02
95 1901 7.753248e-01 2.306872e+01  9.914533417491840055e+02  9.932063380796632828e+02  9.963875000807920514e+02  9.968322611053588389e+02
96 1921 7.857836e-01 2.308485e+01  9.914533417491840055e+02  9.952899999999999636e+02  9.962931590205059820e+02  9.972129475831732179e+02
97 1941 7.927804e-01 2.309705e+01  9.914533417491840055e+02  9.948241108227877021e+02  9.961019812793030042e+02  9.967303467310829319e+02
98 1961 7.990730e-01 2.311675e+01  9.914533417491840055e+02  9.942685428207068981e+02  9.962825248284432291e+02  9.967680657827847881e+02
99 1981 8.045752e-01 2.313924e+01  9.914533417491840055e+02  9.954268793925582486e+02  9.961852714733718130e+02  9.971529639277662227e+02
100 2001 8.136340e-01 2.315077e+01  9.914533417491840055e+02  9.957899999999999636e+02  9.964113855044665797e+02  9.967790621354121186e+02
101 2021 8.229446e-01 2.316571e+01  9.914533417491840055e+02  9.948991467219282185e+02  9.960535098554566957e+02  9.968187534933696270e+02
102 2041 8.340905e-01 2.317581e+01  9.914533417491840055e+02  9.951999008874239507e+02  9.964078434131207587e+02  9.967614078399394657e+02
103 2061 8.399483e-01 2.318943e+01  9.914533417491840055e+02  9.955991918982374500e+02  9.962113757395001130e+02  9.968700000000000045e+02
104 2081 8.471112e-01 2.320446e+01  9.914533417491840055e+02  9.951205096329225626e+02  9.962638579441130560e+02  9.968433502981779384e+02
105 2101 8.520925e-01 2.321770e+01  9.914533417491840055e+02  9.954086234539840916e+02  9.962436157614213244e+02  9.967777160332090034e+02
106 2121 8.524275e-01 2.323640e+01  9.914533417491840055e+02  9.945372003718645146e+02  9.962066146920502661e+02  9.971938597778486155e+02
107 2141 8.500844e-01 2.324580e+01  9.914533417491840055e+02  9.953713979399046821e+02  9.962376293841630286e+02  9.971212473742712064e+02
108 2161 8.454311e-01 2.327059e+01  9.914533417491840055e+02  9.952354061612873011e+02  9.964660425439877827e+02  9.971467508125691666e+02
109 2181 8.387557e-01 2.328391e+01  9.914533417491840055e+02  9.952207000662298242e+02  9.960099999999999909e+02  9.970095940871194671e+02
110 2201 8.301725e-01 2.329577e+01  9.914533417491840055e+02  9.951494925528145359e+02  9.960457519643521209e+02  9.964278070544785351e+02
111 2221 8.244285e-01 2.330154e+01  9.914533417491840055e+02  9.951157996119069367e+02  9.960576331912005799e+02  9.965658840161887611e+02
112 2241 8.216196e-01 2.331449e+01  9.914533417491840055e+02  9.952677949188602042e+02  9.962732356244966923e+02  9.969830067492205217e+02
113 2261 8.153758e-01 2.331182e+01  9.914533417491840055e+02  9.951672734519045207e+02  9.962741523431251380e+02  9.967572387994545124e+02
114 2281 8.108915e-01 2.331246e+01  9.914533417491840055e+02  9.950188972351417078e+02  9.962919937049017562e+02  9.967161225618455092e+02
115 2301 8.064790e-01 2.332947e+01  9.914533417491840055e+02  9.955526716124204540e+02  9.961017179160694468e+02  9.971086361583462576e+02
116 2321 8.021062e-01 2.333487e+01  9.914533417491840055e+02  9.956752378593838557e+02  9.963235461189781290e+02  9.968239618202914016e+02
117 2341 7.995260e-01 2.335091e+01  9.914533417491840055e+02  9.949293286791814808e+02  9.961716341873707279e+02  9.967733147178067838e+02
118 2361 7.960808e-01 2.336709e+01  9.914533417491840055e+02  9.947136623746617943e+02  9.963434171271401283e+02  9.967401412676182417e+02
119 2381 7.895173e-01 2.338204e+01  9.914533417491840055e+02  9.941282237635631418e+02  9.962008910584473824e+02  9.968206482144693155e+02
120 2401 7.866248e-01 2.340781e+01  9.914533417491840055e+02  9.945388653604518368e+02  9.962053003580286941e+02  9.965844077763666746e+02
121 2421 7.820498e-01 2.340738e+01  9.914533417491840055e+02  9.952433853737189793e+02  9.962341720541303403e+02  9.966207523372191872e+02
122 2441 7.791583e-01 2.342310e+01  9.914533417491840055e+02  9.940700000000000500e+02  9.963029158798045728e+02  9.968187680029469675e+02
123 2461 7.752423e-01 2.343428e+01  9.914533417491840055e+02  9.950254185767903436e+02  9.961125805819822290e+02  9.966094924790273808e+02
124 2481 7.755702e-01 2.345436e+01  9.914533417491840055e+02  9.955141313228253921e+02  9.961387441855921452e+02  9.966216815050582909e+02
125 2501 7.728107e-01 2.347016e+01  9.914533417491840055e+02  9.952677066767895440e+02  9.963380491835836210e+02  9.967996901935611049e+02
126 2521 7.695523e-01 2.347363e+01  9.914533417491840055e+02  9.930945700416477848e+02  9.961113238916561841e+02  9.967166228019574419e+02
127 2541 7.681204e-01 2.348074e+01  9.914533417491840055e+02  9.954438096781824470e+02  9.962312535637380506e+02  9.968365186449162820e+02
128 2561 7.660462e-01 2.346773e+01  9.914533417491840055e+02  9.950480357985454702e+02  9.961447348022220467e+02  9.970487375385517907e+02
129 2581 7.612400e-01 2.347485e+01  9.914533417491840055e+02  9.950564180428808640e+02  9.963118501117548931e+02  9.968825142227434526e+02
130 2601 7.566160e-01 2.349363e+01  9.914533417491840055e+02  9.945022034864445004e+02  9.961430549137425032e+02  9.971451045996868743e+02
131 2621 7.532990e-01 2.350082e+01  9.914533417491840055e+02  9.955711450448065989e+02  9.963838525819883216e+02  9.970634648311265664e+02
132 2641 7.536274e-01 2.350828e+01  9.914533417491840055e+02  9.953536892564429763e+02  9.964458971724593539e+02  9.970959354474474594e+02
133 2661 7.520291e-01 2.351244e+01  9.914533417491840055e+02  9.952650197017192113e+02  9.961262590859904549e+02  9.968977866102137568e+02
134 2681 7.525724e-01 2.352249e+01  9.914533417491840055e+02  9.950793714056344470e+02  9.961914546998018523e+02  9.970018138633852232e+02
135 2701 7.566756e-01 2.351478e+01  9.914533417491840055e+02  9.959160719146951806e+02  9.964883428546506821e+02  9.971633898837469587e+02
136 2721 7.561914e-01 2.352122e+01  9.914533417491840055e+02  9.951826019332306714e+02  9.963657252829143545e+02  9.970721718037398205e+02
137 2741 7.576477e-01 2.352394e+01  9.914533417491840055e+02  9.958448167279279915e+02  9.964021317360144394e+02  9.970818336353070208e+02
138 2761 7.591288e-01 2.352249e+01  9.914533417491840055e+02  9.944121022392733948e+02  9.962585020553015056e+02  9.970540148545437660e+02
139 2781 7.645111e-01 2.351935e+01  9.914533417491840055e+02  9.953083926172904512e+02  9.961467720498606013e+02  9.969384194436929647e+02
140 2801 7.683172e-01 2.353286e+01  9.914533417491840055e+02  9.950525561317281245e+02  9.963600960235861521e+02  9.970859625866454508e+02
141 2821 7.725975e-01 2.354019e+01  9.914533417491840055e+02  9.940763072937592142e+02  9.961559668419582749e+02  9.966176074691841222e+02
142 2841 7.787633e-01 2.353630e+01  9.914533417491840055e+02  9.950671181235718450e+02  9.963692114814558636e+02  9.970073888391641503e+02
143 2861 7.839634e-01 2.355435e+01  9.914533417491840055e+02  9.955770614037767245e+02  9.961982677552408632e+02  9.970740839980024930e+02
144 2881 7.885717e-01 2.356119e+01  9.914533417491840055e+02  9.955784021474952397e+02  9.962828310003347951e+02  9.971017198997974447e+02
145 2901 7.963457e-01 2.357008e+01  9.914533417491840055e+02  9.954810040174049846e+02  9.963487043170323432e+02  9.970000000000000000e+02
146 2921 8.033863e-01 2.357458e+01  9.914533417491840055e+02  9.955900000000000318e+02  9.963555282847059971e+02  9.968099999999999454e+02
147 2941 8.072616e-01 2.357963e+01  9.914533417491840055e+02  9.949831204841182171e+02  9.962352094025687848e+02  9.968807978776997061e+02
148 2961 8.115864e-01 2.357411e+01  9.914533417491840055e+02  9.954679964815300082e+02  9.962988470605466773e+02  9.967791681601985374e+02
149 2981 8.168991e-01 2.358635e+01  9.914533417491840055e+02  9.952580464126581319e+02  9.962042294576506265e+02  9.967288937321822004e+02
150 3001 8.245308e-01 2.359293e+01  9.914533417491840055e+02  9.939018269423246466e+02  9.962850056308411695e+02  9.969477671312299663e+02
151 3021 8.326022e-01 2.359462e+01  9.914533417491840055e+02  9.955599999999999454e+02  9.961794215204832881e+02  9.968877170901358795e+02
152 3041 8.433715e-01 2.360107e+01  9.914533417491840055e+02  9.945738292627435158e+02  9.963511514923674213e+02  9.967216620180472546e+02
153 3061 8.492919e-01 2.360342e+01  9.914533417491840055e+02  9.948969756725728075e+02  9.962068123355245461e+02  9.968099999999999454e+02
154 3081 8.493142e-01 2.360346e+01  9.914533417491840055e+02  9.955065850320185064e+02  9.961653299166734996e+02  9.967583410622005431e+02
155 3101 8.497217e-01 2.361007e+01  9.914533417491840055e+02  9.952452662196051278e+02  9.961999527038723272e+02  9.967618216718069561e+02
156 3121 8.523179e-01 2.361163e+01  9.914533417491840055e+02  9.945764980412200202e+02  9.962190721501108328e+02  9.968459004135611394e+02
157 3141 8.538002e-01 2.362272e+01  9.914533417491840055e+02  9.952772612522049940e+02  9.961753664526520424e+02  9.966601879399553354e+02
158 3161 8.544221e-01 2.362732e+01  9.914533417491840055e+02  9.946367993523026598e+02  9.961546915763210563e+02  9.968276083478862120e+02
159 3181 8.565251e-01 2.363061e+01  9.914533417491840055e+02  9.954881304316008936e+02  9.962601743324541985e+02  9.969994851052300646e+02
160 3201 8.556811e-01 2.363695e+01  9.914533417491840055e+02  9.932869462022694051e+02  9.962267409957822792e+02  9.968883385427598114e+02
161 3221 8.561034e-01 2.363514e+01  9.914533417491840055e+02  9.954651576240725035e+02  9.961902230098482960e+02  9.966848055635165338e+02
162 3241 8.593896e-01 2.364137e+01  9.914533417491840055e+02  9.940479076613934240e+02  9.962293021440391385e+02  9.967524240871060783e+02
163 3261 8.623974e-01 2.365417e+01  9.914533417491840055e+02  9.947243277966728101e+02  9.962485795816501195e+02  9.967466340821699760e+02
164 3281 8.623190e-01 2.365369e+01  9.914533417491840055e+02  9.947476387695836593e+02  9.962052790165125771e+02  9.967640873636100878e+02
165 3301 8.585182e-01 2.364866e+01  9.914533417491840055e+02  9.945832909058536870e+02  9.962284900222325632e+02  9.967591463132124545e+02
166 3321 8.561945e-01 2.366181e+01  9.914533417491840055e+02  9.939794533545331205e+02  9.961145811903143112e+02  9.968013172489925182e+02
167 3341 8.562815e-01 2.366174e+01  9.914533417491840055e+02  9.946153402828756498e+02  9.962038637879422822e+02  9.969376167755414144e+02
168 3361 8.564289e-01 2.367763e+01  9.914533417491840055e+02  9.951869700022831466e+02  9.960408562465922842e+02  9.965521203781642043e+02
169 3381 8.577901e-01 2.367632e+01  9.914533417491840055e+02  9.952351589693297456e+02  9.963283924594129530e+02  9.968092760056980524e+02
170 3401 8.557892e-01 2.368695e+01  9.914533417491840055e+02  9.955020450863532915e+02  9.963761108311002772e+02  9.969010553809112025e+02
171 3421 8.529419e-01 2.368014e+01  9.914533417491840055e+02  9.952447097992529734e+02  9.961305195334766722e+02  9.965150640287814667e+02
172 3441 8.530184e-01 2.368673e+01  9.914533417491840055e+02  9.950818779387626591e+02  9.962096546141250428e+02  9.967518539071588748e+02
173 3461 8.553345e-01 2.368258e+01  9.914533417491840055e+02  9.950958248358509763e+02  9.963165875089277961e+02  9.968071778654417585e+02
174 3481 8.621305e-01 2.368122e+01  9.914533417491840055e+02  9.957134992539313316e+02  9.963269120691675198e+02  9.966336259291338138e+02
175 3501 8.709538e-01 2.367812e+01  9.914533417491840055e+02  9.953036331714006337e+02  9.962506918217087559e+02  9.968654236380654083e+02
176 3521 8.784909e-01 2.367484e+01  9.914533417491840055e+02  9.950914660923831434e+02  9.962368342060983650e+02  9.967412838955915504e+02
177 3541 8.837409e-01 2.368169e+01  9.914533417491840055e+02  9.954720720960674498e+02  9.963992025013662897e+02  9.966331402956193415e+02
178 3561 8.855719e-01 2.368992e+01  9.914533417491840055e+02  9.953551885785326476e+02  9.963161682019305090e+02  9.966876703472719328e+02
179 3581 8.867078e-01 2.368836e+01  9.914533417491840055e+02  9.955058845496690765e+02  9.962883905881659530e+02  9.966782378889635083e+02
180 3601 8.882500e-01 2.369100e+01  9.914533417491840055e+02  9.952655237410535847e+02  9.963086330946377984e+02  9.968824803018125067e+02
181 3621 8.908701e-01 2.370467e+01  9.914533417491840055e+02  9.954877887224828328e+02  9.961717494623694620e+02  9.967742184539271193e+02
182 3641 8.943861e-01 2.370296e+01  9.914533417491840055e+02  9.950279813316030868e+02  9.962702673795894270e+02  9.967971083811146400e+02
183 3661 8.998463e-01 2.370627e+01  9.914533417491840055e+02  9.938812289119282468e+02  9.962620852873864123e+02  9.967172937109244231e+02
184 3681 9.040541e-01 2.371248e+01  9.914533417491840055e+02  9.954084744427506166e+02  9.962941877401049169e+02  9.969046552836580304e+02
185 3701 9.062461e-01 2.371394e+01  9.914533417491840055e+02  9.955605363957981808e+02  9.963302789932497490e+02  9.968782208076535198e+02
186 3721 9.077663e-01 2.371623e+01  9.914533417491840055e+02  9.942631772338792189e+02  9.963479392769161223e+02  9.971164013374066144e+02
187 3741 9.101704e-01 2.371599e+01  9.914533417491840055e+02  9.956229333126124175e+02  9.964413046094487072e+02  9.968122119726650681e+02
188 3761 9.143715e-01 2.369984e+01  9.914533417491840055e+02  9.954500000000000455e+02  9.964888987998398306e+02  9.968879538699933391e+02
189 3781 9.181234e-01 2.369776e+01  9.914533417491840055e+02  9.933969348536818416e+02  9.960475284036300536e+02  9.967365337289846821e+02
190 3801 9.213516e-01 2.370131e+01  9.914533417491840055e+02  9.952537925803460439e+02  9.961960494420750365e+02  9.968831902253368753e+02
191 3821 9.248030e-01 2.370499e+01  9.914533417491840055e+02  9.950566701629657018e+02  9.962308339306089238e+02  9.968044613152305828e+02
192 3841 9.275614e-01 2.370604e+01  9.914533417491840055e+02  9.953507723691986939e+02  9.964173753252347296e+02  9.968433478128667957e+02
193 3861 9.273372e-01 2.370086e+01  9.914533417491840055e+02  9.944972940821287466e+02  9.962245346796200920e+02  9.966993526957520544e+02
194 3881 9.312023e-01 2.370715e+01  9.914533417491840055e+02  9.943999999999999773e+02  9.963487611233163079e+02  9.966616857468228545e+02
195 3901 9.335728e-01 2.371171e+01  9.914533417491840055e+02  9.956906569267590612e+02  9.963900489459965684e+02  9.967159667652176722e+02
196 3921 9.345102e-01 2.371224e+01  9.914533417491840055e+02  9.950279553085753150e+02  9.959909410849923006e+02  9.967462754300083816e+02
197 3941 9.359010e-01 2.372210e+01  9.914533417491840055e+02  9.954839317394289537e+02  9.963226061688592381e+02  9.968042700393593805e+02
198 3961 9.307834e-01 2.373716e+01  9.914533417491840055e+02  9.952118658025019613e+02  9.961736339443293673e+02  9.967193579957199745e+02
199 3981 9.275154e-01 2.374199e+01  9.914533417491840055e+02  9.955015051684223408e+02  9.961502664629055062e+02  9.969422726271106967e+02
200 4001 9.273663e-01 2.374208e+01  9.914533417491840055e+02  9.951625782641490332e+02  9.961686226171059388e+02  9.967464341157767649e+02
201 4021 9.305031e-01 2.374807e+01  9.914533417491840055e+02  9.951613975655379818e+02  9.962904883659127790e+02  9.967159571074863607e+02
202 4041 9.394330e-01 2.375140e+01  9.914533417491840055e+02  9.950547414933828350e+02  9.960594604818207927e+02  9.967388844735293105e+02
203 4061 9.470347e-01 2.374283e+01  9.914533417491840055e+02  9.951837861753773495e+02  9.964641290846684569e+02  9.968514408414420132e+02
204 4081 9.558229e-01 2.374933e+01  9.914533417491840055e+02  9.941699999999999591e+02  9.962103544751118989e+02  9.968050836725891486e+02
205 4101 9.620768e-01 2.376324e+01  9.914533417491840055e+02  9.948611538195451658e+02  9.963180128717650632e+02  9.968763841647660229e+02
206 4121 9.702934e-01 2.377965e+01  9.914533417491840055e+02  9.949794111587461884e+02  9.961893315091817840e+02  9.966564427577047809e+02
207 4141 9.795973e-01 2.378258e+01  9.914533417491840055e+02  9.955755469849568726e+02  9.964080245686047874e+02  9.967222681771296493e+02
208 4161 9.875905e-01 2.379371e+01  9.914533417491840055e+02  9.952684652639094338e+02  9.963558228486876942e+02  9.968331543456852160e+02
209 4181 1.001019e+00 2.381356e+01  9.914533417491840055e+02  9.950601624101250309e+02  9.963207959611556817e+02  9.968902783822658193e+02
210 4201 1.013212e+00 2.381926e+01  9.914533417491840055e+02  9.947932250957557017e+02  9.962692506459402466e+02  9.966708014815383194e+02
211 4221 1.020476e+00 2.382634e+01  9.914533417491840055e+02  9.949614665074390132e+02  9.963457155834063315e+02  9.967951068236674246e+02
212 4241 1.026500e+00 2.382677e+01  9.914533417491840055e+02  9.953736208212848169e+02  9.962546163069912382e+02  9.968128771351472324e+02
213 4261 1.032112e+00 2.382976e+01  9.914533417491840055e+02  9.947315539461008029e+02  9.962823200223796221e+02  9.967935199965930906e+02
214 4281 1.030236e+00 2.382535e+01  9.914533417491840055e+02  9.937247591740726875e+02  9.963806608303548273e+02  9.967647483375614001e+02
215 4301 1.030204e+00 2.383609e+01  9.914533417491840055e+02  9.953287409918643789e+02  9.964225263893581541e+02  9.968765397927119238e+02
216 4321 1.036031e+00 2.383836e+01  9.914533417491840055e+02  9.944114368609631356e+02  9.963214109183786604e+02  9.967471870659545630e+02
217 4341 1.041909e+00 2.382418e+01  9.914533417491840055e+02  9.944166870348612974e+02  9.964052570036717498e+02  9.967823423838049166e+02
218 4361 1.043826e+00 2.382903e+01  9.914533417491840055e+02  9.940788080267979012e+02  9.962201553297909413e+02  9.967774888123607298e+02
219 4381 1.048686e+00 2.382279e+01  9.914533417491840055e+02  9.951206442244048276e+02  9.962510027113423803e+02  9.968093973155832828e+02
220 4401 1.052259e+00 2.383058e+01  9.914533417491840055e+02  9.946662484327470111e+02  9.961850485384979947e+02  9.967816553160258763e+02
221 4421 1.053112e+00 2.384815e+01  9.914533417491840055e+02  9.951819348967057977e+02  9.960910729403888126e+02  9.969464919309668858e+02
222 4441 1.050107e+00 2.384749e+01  9.914533417491840055e+02  9.948013222222082277e+02  9.961222172898283134e+02  9.968630622664651355e+02
223 4461 1.045894e+00 2.385668e+01  9.914533417491840055e+02  9.947926016561330016e+02  9.963217799649320341e+02  9.970257655280661311e+02
224 4481 1.041739e+00 2.385946e+01  9.914533417491840055e+02  9.947770363050848346e+02  9.963285838599165345e+02  9.968102803571978257e+02
225 4501 1.040422e+00 2.386775e+01  9.914533417491840055e+02  9.954676892088401701e+02  9.963632282891990144e+02  9.969046706251270962e+02
226 4521 1.042291e+00 2.387228e+01  9.914533417491840055e+02  9.948652078355830781e+02  9.960752068820322620e+02  9.969509879429990633e+02
227 4541 1.040846e+00 2.386841e+01  9.914533417491840055e+02  9.949793076730269377e+02  9.964952346160946490e+02  9.970468901258550432e+02
228 4561 1.040974e+00 2.386959e+01  9.914533417491840055e+02  9.954059027559080732e+02  9.963704566881967821e+02  9.969641421324913608e+02
229 4581 1.046020e+00 2.386866e+01  9.914533417491840055e+02  9.955085697100798825e+02  9.962077831312485614e+02  9.966794856179280941e+02
230 4601 1.048357e+00 2.388139e+01  9.914533417491840055e+02  9.950592887540186666e+02  9.963321715161069960e+02  9.967772974861153443e+02
231 4621 1.049478e+00 2.388277e+01  9.914533417491840055e+02  9.944189546889389248e+02  9.961840532210983383e+02  9.968637544034650091e+02
232 4641 1.055065e+00 2.388839e+01  9.914533417491840055e+02  9.956436312867908782e+02  9.960986388167505083e+02  9.966563611676306209e+02
233 4661 1.056032e+00 2.389328e+01  9.914533417491840055e+02  9.946057585195176216e+02  9.963345268846400131e+02  9.968260550130719366e+02
234 4681 1.057917e+00 2.389969e+01  9.914533417491840055e+02  9.953077789589815438e+02  9.962450923649994365e+02  9.969874982469117413e+02
235 4701 1.053840e+00 2.390535e+01  9.914533417491840055e+02  9.946152903342027685e+02  9.962983592341540771e+02  9.967107336318210855e+02
236 4721 1.049848e+00 2.391279e+01  9.914533417491840055e+02  9.955090109239496314e+02  9.963283562319988960e+02  9.969099999999999682e+02
237 4741 1.049615e+00 2.391676e+01  9.914533417491840055e+02  9.954167426833121226e+02  9.961428895478727554e+02  9.966203528271806817e+02
238 4761 1.044308e+00 2.391948e+01  9.914533417491840055e+02  9.945858464355446813e+02  9.962568849618074864e+02  9.968547430507495619e+02
239 4781 1.042200e+00 2.392204e+01  9.914533417491840055e+02  9.941830103669400387e+02  9.963385274259301241e+02  9.969219229599948449e+02
240 4801 1.038417e+00 2.393556e+01  9.914533417491840055e+02  9.937789134934616868e+02  9.964381717843250499e+02  9.969610967013729805e+02
241 4821 1.026940e+00 2.394381e+01  9.914533417491840055e+02  9.947383477671891114e+02  9.960891309402429670e+02  9.970229872965129516e+02
242 4841 1.020158e+00 2.394685e+01  9.914533417491840055e+02  9.953191112185028260e+02  9.960902573547102747e+02  9.968522454368549006e+02
243 4861 1.013094e+00 2.394779e+01  9.914533417491840055e+02  9.954567858067428006e+02  9.961867556937379504e+02  9.972919916307151880e+02
244 4881 1.007689e+00 2.397157e+01  9.914533417491840055e+02  9.947705558397573213e+02  9.963019377395173706e+02  9.968679863431435706e+02
245 4901 1.001149e+00 2.398402e+01  9.914533417491840055e+02  9.953519077743200114e+02  9.962278939697758915e+02  9.967063876428504727e+02
246 4921 9.935160e-01 2.399555e+01  9.914533417491840055e+02  9.933459240879668641e+02  9.962594939351539551e+02  9.969539094933942351e+02
247 4941 9.908184e-01 2.400050e+01  9.914533417491840055e+02  9.957083987454020644e+02  9.963832145267313081e+02  9.971012502755066862e+02
248 4961 9.852419e-01 2.400737e+01  9.914533417491840055e+02  9.935808210362994259e+02  9.963935515967123138e+02  9.973361586949864659e+02
249 4981 9.824934e-01 2.402202e+01  9.914533417491840055e+02  9.951908402852899371e+02  9.961654411443030313e+02  9.966981250659508760e+02
250 5001 9.779406e-01 2.403122e+01  9.914533417491840055e+02  9.951101651968476745e+02  9.961608374355455453e+02  9.967681860989890765e+02
251 5021 9.727407e-01 2.404795e+01  9.914533417491840055e+02  9.954418852456770992e+02  9.960699831414815435e+02  9.970259900745866162e+02
252 5041 9.687172e-01 2.405258e+01  9.914533417491840055e+02  9.942510500462642540e+02  9.964131249945171476e+02  9.968747681504015645e+02
253 5061 9.653428e-01 2.406847e+01  9.914533417491840055e+02  9.952789872419202766e+02  9.961587015843106201e+02  9.968526615294994144e+02
254 5081 9.642498e-01 2.407428e+01  9.914533417491840055e+02  9.953795273635648755e+02  9.962053211643765280e+02  9.967464081214667431e+02
255 5101 9.591782e-01 2.410388e+01  9.914533417491840055e+02  9.954910409007030694e+02  9.961661683259363826e+02  9.967759423591768382e+02
256 5121 9.561609e-01 2.411876e+01  9.914533417491840055e+02  9.952304855836963497e+02  9.963529356714910818e+02  9.968112917990174537e+02
257 5141 9.563362e-01 2.413628e+01  9.914533417491840055e+02  9.943531507095783581e+02  9.960383116745620100e+02  9.968205841102280829e+02
258 5161 9.544830e-01 2.414504e+01  9.914533417491840055e+02  9.951466608999837717e+02  9.961665470567606917e+02  9.967929148528523910e+02
259 5181 9.523967e-01 2.418035e+01  9.914533417491840055e+02  9.949142829745998142e+02  9.962960474122630785e+02  9.968955350430414910e+02
260 5201 9.477109e-01 2.419744e+01  9.914533417491840055e+02  9.956685905712574822e+02  9.963764737989208697e+02  9.972354319115117960e+02
261 5221 9.481093e-01 2.420743e+01  9.914533417491840055e+02  9.952101608962233286e+02  9.964668748275892085e+02  9.973975906464947911e+02
262 5241 9.474011e-01 2.422677e+01  9.914533417491840055e+02  9.956271338722269775e+02  9.962339962662160815e+02  9.967427522572581893e+02
263 5261 9.479571e-01 2.424510e+01  9.914533417491840055e+02  9.958218996121134978e+02  9.963773658753800646e+02  9.973828536646846032e+02
264 5281 9.427790e-01 2.426312e+01  9.914533417491840055e+02  9.948912726474505916e+02  9.962864331672037679e+02  9.972553743841135656e+02
265 5301 9.357171e-01 2.427673e+01  9.914533417491840055e+02  9.935553763012931086e+02  9.963606165636058449e+02  9.972659942555249017e+02
266 5321 9.283878e-01 2.429587e+01  9.914533417491840055e+02  9.948350946006844424e+02  9.962623548119613588e+02  9.968253989942111275e+02
267 5341 9.239705e-01 2.431226e+01  9.914533417491840055e+02  9.950434940698162336e+02  9.962397844136102094e+02  9.969934115616683812e+02
268 5361 9.162466e-01 2.432151e+01  9.914533417491840055e+02  9.957105390347558114e+02  9.962907849713947144e+02  9.969391080304415027e+02
269 5381 9.096101e-01 2.431950e+01  9.914533417491840055e+02  9.951223817085389101e+02  9.964235867029730116e+02  9.968055773349036599e+02
270 5401 9.026078e-01 2.432611e+01  9.914533417491840055e+02  9.948969880723352617e+02  9.961024380194273817e+02  9.968281256117144267e+02
271 5421 8.994928e-01 2.433436e+01  9.914533417491840055e+02  9.951907816394819974e+02  9.962309113513656484e+02  9.966480244574892140e+02
272 5441 8.966195e-01 2.433760e+01  9.914533417491840055e+02  9.955164085243112595e+02  9.961733314800314929e+02  9.968344787196176640e+02
273 5461 8.959988e-01 2.434471e+01  9.914533417491840055e+02  9.955589179567570000e+02  9.962715122564047761e+02  9.967177965946169707e+02
274 5481 8.951844e-01 2.434274e+01  9.914533417491840055e+02  9.949600000000000364e+02  9.963652962125680688e+02  9.969026752188191267e+02
275 5501 8.929163e-01 2.434160e+01  9.914533417491840055e+02  9.954009082221540439e+02  9.963498986649226481e+02  9.968217227445568369e+02
276 5521 8.886279e-01 2.434697e+01  9.914533417491840055e+02  9.957178818183836029e+02  9.960574583696763966e+02  9.966421311467445321e+02
277 5541 8.823325e-01 2.434554e+01  9.914533417491840055e+02  9.952952113204785292e+02  9.961809022847370443e+02  9.967102142821439656e+02
278 5561 8.746506e-01 2.435193e+01  9.914533417491840055e+02  9.951405448208140569e+02  9.961443416735264691e+02  9.966680510411068781e+02
279 5581 8.683872e-01 2.436449e+01  9.914533417491840055e+02  9.942991901915995641e+02  9.960754900934200577e+02  9.973843810582942524e+02
280 5601 8.663557e-01 2.436864e+01  9.914533417491840055e+02  9.955823205161142369e+02  9.962850492229352994e+02  9.968094883009587193e+02
281 5621 8.643659e-01 2.437159e+01  9.914533417491840055e+02  9.951527873804436695e+02  9.962117904915965028e+02  9.966666734715696521e+02
282 5641 8.652076e-01 2.437410e+01  9.914533417491840055e+02  9.953176731454902892e+02  9.961553460064651517e+02  9.967248562361016866e+02
283 5661 8.660990e-01 2.436878e+01  9.914533417491840055e+02  9.946119941572055723e+02  9.962050292692134690e+02  9.965629495722955653e+02
284 5681 8.670232e-01 2.437633e+01  9.914533417491840055e+02  9.950327626349718457e+02  9.961567786624873406e+02  9.967887774363179005e+02
285 5701 8.676701e-01 2.438287e+01  9.914533417491840055e+02  9.948454365726170181e+02  9.962855564135949180e+02  9.967347239762043500e+02
286 5721 8.757423e-01 2.439255e+01  9.914533417491840055e+02  9.950959918269664968e+02  9.961414475557274955e+02  9.966803173774513880e+02
287 5741 8.793616e-01 2.439614e+01  9.914533417491840055e+02  9.940084650971956535e+02  9.963681625063502452e+02  9.968774451941648067e+02
288 5761 8.796744e-01 2.440347e+01  9.914533417491840055e+02  9.957015557402207833e+02  9.962124970079132709e+02  9.968132731242097861e+02
289 5781 8.811526e-01 2.440614e+01  9.914533417491840055e+02  9.951982730429201638e+02  9.961526873968954305e+02  9.966857772890311935e+02
290 5801 8.839409e-01 2.440700e+01  9.914533417491840055e+02  9.950014335785697313e+02  9.962939554549745935e+02  9.968278254440333512e+02
291 5821 8.849862e-01 2.441030e+01  9.914533417491840055e+02  9.955062605479523654e+02  9.962444523231042695e+02  9.968127339649473697e+02
292 5841 8.858726e-01 2.441120e+01  9.914533417491840055e+02  9.952011465858819292e+02  9.963275232071000573e+02  9.968091062242083353e+02
293 5861 8.913064e-01 2.440754e+01  9.914533417491840055e+02  9.953459845443754830e+02  9.963110048589099961e+02  9.967621200766384391e+02
294 5881 8.939023e-01 2.440997e+01  9.914533417491840055e+02  9.949971289704801620e+02  9.961913488144730309e+02  9.968426029485663094e+02
295 5901 8.939057e-01 2.441478e+01  9.914533417491840055e+02  9.945035039726900550e+02  9.961158246989095915e+02  9.966669524660096613e+02
296 5921 8.901873e-01 2.441762e+01  9.914533417491840055e+02  9.955251128317374878e+02  9.962615909669331131e+02  9.967080603355848325e+02
297 5941 8.885658e-01 2.442530e+01  9.914533417491840055e+02  9.951791445912051586e+02  9.960855393472675132e+02  9.965941116437735445e+02
298 5961 8.863059e-01 2.443350e+01  9.914533417491840055e+02  9.955512886345248944e+02  9.962759125473478434e+02  9.967009070288615931e+02
299 5981 8.841668e-01 2.443920e+01  9.914533417491840055e+02  9.947483695934697607e+02  9.962102564166087859e+02  9.967799999999999727e+02
300 6001 8.822629e-01 2.444407e+01  9.914533417491840055e+02  9.944593422394735853e+02  9.963118219920529555e+02  9.968412012366685531e+02
301 6021 8.756068e-01 2.445315e+01  9.914533417491840055e+02  9.930240983328725406e+02  9.963510075375011183e+02  9.967181668001511525e+02
302 6041 8.707792e-01 2.445580e+01  9.914533417491840055e+02  9.945306218251578230e+02  9.960542059113548703e+02  9.965196563769818567e+02
303 6061 8.681857e-01 2.445379e+01  9.914533417491840055e+02  9.950502830138261743e+02  9.961430108539082084e+02  9.966851649669713424e+02
304 6081 8.576556e-01 2.445574e+01  9.914533417491840055e+02  9.953372457514248026e+02  9.962214367977562688e+02  9.967101806444533167e+02
305 6101 8.489272e-01 2.446117e+01  9.914533417491840055e+02  9.942906914117126007e+02  9.960527734018737647e+02  9.968820760758783308e+02
306 6121 8.388645e-01 2.446536e+01  9.914533417491840055e+02  9.956152935120171605e+02  9.963875080768679027e+02  9.966508119630912006e+02
307 6141 8.295976e-01 2.448310e+01  9.914533417491840055e+02  9.955212855697902796e+02  9.961513858759055893e+02  9.966819594785939671e+02
308 6161 8.178494e-01 2.447890e+01  9.914533417491840055e+02  9.948876422180418331e+02  9.960350222298509379e+02  9.965233962006529964e+02
309 6181 8.069158e-01 2.448603e+01  9.914533417491840055e+02  9.946028232491139534e+02  9.961534116316015570e+02  9.964642440966455297e+02
310 6201 7.958029e-01 2.449048e+01  9.914533417491840055e+02  9.942799999999999727e+02  9.961602835108865293e+02  9.966419107855423363e+02
311 6221 7.861896e-01 2.449534e+01  9.914533417491840055e+02  9.954800000000000182e+02  9.961579412594583118e+02  9.966987632687436189e+02
312 6241 7.767936e-01 2.451112e+01  9.914533417491840055e+02  9.955508770180319971e+02  9.961431379957534773e+02  9.967259378172300330e+02
313 6261 7.730950e-01 2.451136e+01  9.914533417491840055e+02  9.950718622390386372e+02  9.962021488182197118e+02  9.969051194379998151e+02
314 6281 7.713767e-01 2.452277e+01  9.914533417491840055e+02  9.951172454822201416e+02  9.960417476167201585e+02  9.967310389459398721e+02
315 6301 7.676023e-01 2.452894e+01  9.914533417491840055e+02  9.945807469494214956e+02  9.962171210187975703e+02  9.964371837671716321e+02
316 6321 7.627938e-01 2.451533e+01  9.914533417491840055e+02  9.954895126403030190e+02  9.962305879436905798e+02  9.966499999999999773e+02
317 6341 7.560403e-01 2.454077e+01  9.914533417491840055e+02  9.953228586124830599e+02  9.961200357236193668e+02  9.988226952846546283e+02
318 6361 7.518883e-01 2.454594e+01  9.914533417491840055e+02  9.951066164292851681e+02  9.960910538163436740e+02  9.965452967068928274e+02
319 6381 7.476006e-01 2.455078e+01  9.914533417491840055e+02  9.952543461325351473e+02  9.960172431692959663e+02  9.965685521921018335e+02
320 6401 7.455247e-01 2.456671e+01  9.914533417491840055e+02  9.942521830664633171e+02  9.959962016745951132e+02  9.981751600373744395e+02
321 6421 7.428150e-01 2.457068e+01  9.914533417491840055e+02  9.951799999999999500e+02  9.960347944280204047e+02  9.967018350602911596e+02
322 6441 7.419952e-01 2.457283e+01  9.914533417491840055e+02  9.934004616002764578e+02  9.959964386066531006e+02  9.968762716639467953e+02
323 6461 7.420887e-01 2.457794e+01  9.914533417491840055e+02  9.950255577054859941e+02  9.960287544953087036e+02  9.965860699575308672e+02
324 6481 7.405722e-01 2.458703e+01  9.914533417491840055e+02  9.953215823503284128e+02  9.960199504295143242e+02  9.966626748993193132e+02
325 6501 7.393423e-01 2.459379e+01  9.914533417491840055e+02  9.946883259542695441e+02  9.959022017409928367e+02  9.988181810844350821e+02
326 6521 7.338793e-01 2.460237e+01  9.914533417491840055e+02  9.951839685751257321e+02  9.962267108674938072e+02  9.966699999999999591e+02
327 6541 7.304675e-01 2.461583e+01  9.914533417491840055e+02  9.951011776276276350e+02  9.961045021811607967e+02  9.966554800412297936e+02
328 6561 7.303355e-01 2.462811e+01  9.914533417491840055e+02  9.950007822732263776e+02  9.959447393177383674e+02  9.965800000000000409e+02
329 6581 7.288125e-01 2.462549e+01  9.914533417491840055e+02  9.944716031132246599e+02  9.958064855107785434e+02  9.965276758240287336e+02
330 6601 7.266734e-01 2.462733e+01  9.914533417491840055e+02  9.952678265178382162e+02  9.960131355551947081e+02  9.964442820747013911e+02
331 6621 7.222412e-01 2.462377e+01  9.914533417491840055e+02  9.955042861340948548e+02  9.962135965601330554e+02  9.978516054786394989e+02
332 6641 7.175525e-01 2.463333e+01  9.914533417491840055e+02  9.934509837501014999e+02  9.958361551887501264e+02  9.967146969860521040e+02
333 6661 7.139495e-01 2.464480e+01  9.914533417491840055e+02  9.943511124075289445e+02  9.959177887413537746e+02  9.967010709101920156e+02
334 6681 7.108658e-01 2.464426e+01  9.914533417491840055e+02  9.946502490168478516e+02  9.961934937618344748e+02  9.965605647339396000e+02
335 6701 7.063946e-01 2.464516e+01  9.914533417491840055e+02  9.945006354705043350e+02  9.959183471021406149e+02  9.964721863398498272e+02
336 6721 6.991148e-01 2.464249e+01  9.914533417491840055e+02  9.950313125330427511e+02  9.958075815225686256e+02  9.966299285090763078e+02
337 6741 6.963723e-01 2.463643e+01  9.914533417491840055e+02  9.927400000000000091e+02  9.961288136864811804e+02  9.965319719361058333e+02
338 6761 6.932876e-01 2.464650e+01  9.914533417491840055e+02  9.951318551414777858e+02  9.959367658391049645e+02  9.965124653612463135e+02
339 6781 6.934248e-01 2.464090e+01  9.914533417491840055e+02  9.951827623003570125e+02  9.960530529805546394e+02  9.964932154183578632e+02
340 6801 6.909720e-01 2.465522e+01  9.914533417491840055e+02  9.950914088983336114e+02  9.958684590093481575e+02  9.965621801361522785e+02
341 6821 6.858416e-01 2.465213e+01  9.914533417491840055e+02  9.949994952007391475e+02  9.961365710386908177e+02  9.963992477953378284e+02
342 6841 6.816119e-01 2.466779e+01  9.914533417491840055e+02  9.949277316373951408e+02  9.958474338772741703e+02  9.964715029931011259e+02
343 6861 6.762818e-01 2.468234e+01  9.914533417491840055e+02  9.943675730946760041e+02  9.961042564237747001e+02  9.965741048047702861e+02
344 6881 6.718015e-01 2.470997e+01  9.914533417491840055e+02  9.942627486129379122e+02  9.958477076450512868e+02  9.965474636719036425e+02
345 6901 6.663840e-01 2.471621e+01  9.914533417491840055e+02  9.954497322977996419e+02  9.960202389818084612e+02  9.965970164457718283e+02
346 6921 6.642190e-01 2.471782e+01  9.914533417491840055e+02  9.950571754886387907e+02  9.958105042828465230e+02  9.963045314679877720e+02
347 6941 6.626932e-01 2.471285e+01  9.914533417491840055e+02  9.954116345674038939e+02  9.961388274313449074e+02  9.966813015523003969e+02
348 6961 6.613102e-01 2.471843e+01  9.914533417491840055e+02  9.954098428434076595e+02  9.959217222849813425e+02  9.964703560996687202e+02
349 6981 6.604201e-01 2.474298e+01  9.914533417491840055e+02  9.950860708803411399e+02  9.958879894560320736e+02  9.964467264944549925e+02
350 7001 6.624148e-01 2.474876e+01  9.914533417491840055e+02  9.946787269789469974e+02  9.959722529645723625e+02  9.966459498702470228e+02
351 7021 6.644893e-01 2.474196e+01  9.914533417491840055e+02  9.954603043985090380e+02  9.960789508374921297e+02  9.965557576687371011e+02
352 7041 6.682523e-01 2.474799e+01  9.914533417491840055e+02  9.948263561910287081e+02  9.960693599180618776e+02  9.965208544498574383e+02
353 7061 6.699272e-01 2.475706e+01  9.914533417491840055e+02  9.950761010304114507e+02  9.959606162963553970e+02  9.965785546868028177e+02
354 7081 6.688088e-01 2.475224e+01  9.914533417491840055e+02  9.946765203383208700e+02  9.961195717544907211e+02  9.967117941205403895e+02
355 7101 6.671646e-01 2.475811e+01  9.914533417491840055e+02  9.945688831790524773e+02  9.959417327219673552e+02  9.963275045638367828e+02
356 7121 6.654578e-01 2.477294e+01  9.914533417491840055e+02  9.950101941609037794e+02  9.959221989552090690e+02  9.965396511045267971e+02
357 7141 6.673668e-01 2.477670e+01  9.914533417491840055e+02  9.950934822912118989e+02  9.959690851296277287e+02  9.965317286471824900e+02
358 7161 6.705695e-01 2.479098e+01  9.914533417491840055e+02  9.941222851713398541e+02  9.959020754467162533e+02  9.964050851901880606e+02
359 7181 6.734844e-01 2.478649e+01  9.914533417491840055e+02  9.950980174296797713e+02  9.960083379119491838e+02  9.964372192580527781e+02
360 7201 6.802562e-01 2.480790e+01  9.914533417491840055e+02  9.946134191538949381e+02  9.961942864025375002e+02  9.966134843536145809e+02
361 7221 6.843377e-01 2.480791e+01  9.914533417491840055e+02  9.934600000000000364e+02  9.958609545196854924e+02  9.963038042925078344e+02
362 7241 6.893024e-01 2.481707e+01  9.914533417491840055e+02  9.949501658488917428e+02  9.960051330505041278e+02  9.965526956166062291e+02
363 7261 6.968265e-01 2.483751e+01  9.914533417491840055e+02  9.947759426177030946e+02  9.959974982336602807e+02  9.967971104832089395e+02
364 7281 7.021506e-01 2.485218e+01  9.914533417491840055e+02  9.949207047305196738e+02  9.960935964947007051e+02  9.966141272885397484e+02
365 7301 7.071114e-01 2.486855e+01  9.914533417491840055e+02  9.948887519316393764e+02  9.961816435633595574e+02  9.965900000000000318e+02
366 7321 7.112159e-01 2.486950e+01  9.914533417491840055e+02  9.950958533889803448e+02  9.960530874356552431e+02  9.965874210249629641e+02
367 7341 7.117917e-01 2.486598e+01  9.914533417491840055e+02  9.943991153841449204e+02  9.961113551376377018e+02  9.965741955124863125e+02
368 7361 7.121208e-01 2.485330e+01  9.914533417491840055e+02  9.948311236293978936e+02  9.959065007891294954e+02  9.963758974192054438e+02
369 7381 7.080963e-01 2.485141e+01  9.914533417491840055e+02  9.948198400507010319e+02  9.961064171776599778e+02  9.967265088387889591e+02
370 7401 7.027821e-01 2.486673e+01  9.914533417491840055e+02  9.947699999999999818e+02  9.959268196563616584e+02  9.966581977426075127e+02
371 7421 6.968754e-01 2.485801e+01  9.914533417491840055e+02  9.954562161416502022e+02  9.961165803694847227e+02  9.965593969858031187e+02
372 7441 6.936881e-01 2.486227e+01  9.914533417491840055e+02  9.947511370148500873e+02  9.959649604701451153e+02  9.965819154770696287e+02
373 7461 6.928664e-01 2.485978e+01  9.914533417491840055e+02  9.950219576742454137e+02  9.958457516507003220e+02  9.966008973933254538e+02
374 7481 6.900964e-01 2.486255e+01  9.914533417491840055e+02  9.952069666148227043e+02  9.961085894873240250e+02  9.965420370228686124e+02
375 7501 6.867840e-01 2.487032e+01  9.914533417491840055e+02  9.954595984081066717e+02  9.961938164196075149e+02  9.967417239686218409e+02
376 7521 6.871174e-01 2.487886e+01  9.914533417491840055e+02  9.951353784794476951e+02  9.960597201488214978e+02  9.964814270901596274e+02
377 7541 6.901709e-01 2.489475e+01  9.914533417491840055e+02  9.949835868730834818e+02  9.959780877886573762e+02  9.965386156270006950e+02
378 7561 6.957793e-01 2.491649e+01  9.914533417491840055e+02  9.949670830884533643e+02  9.960564535775670265e+02  9.966125720949456763e+02
379 7581 6.985408e-01 2.492433e+01  9.914533417491840055e+02  9.954986576292957352e+02  9.961852172254458537e+02  9.966409332700909545e+02
380 7601 6.987041e-01 2.493061e+01  9.914533417491840055e+02  9.952699999999999818e+02  9.961306774639776904e+02  9.966705977006852208e+02
381 7621 6.993849e-01 2.493031e+01  9.914533417491840055e+02  9.933583637456331417e+02  9.960179152958827444e+02  9.964771876122746335e+02
382 7641 7.000345e-01 2.493658e+01  9.914533417491840055e+02  9.951587202978741971e+02  9.959767529923790335e+02  9.964823314689322160e+02
383 7661 7.035853e-01 2.495106e+01  9.914533417491840055e+02  9.950260251417669224e+02  9.960970407504557897e+02  9.964484663230787191e+02
384 7681 7.046073e-01 2.497601e+01  9.914533417491840055e+02  9.955111089498396950e+02  9.961080264131371678e+02  9.965877675367146367e+02
385 7701 7.065945e-01 2.499418e+01  9.914533417491840055e+02  9.949957967549263458e+02  9.958719592060963350e+02  9.963513242759183868e+02
386 7721 7.045937e-01 2.501777e+01  9.914533417491840055e+02  9.950779724329194096e+02  9.960137495205592586e+02  9.964312359989588685e+02
387 7741 7.054450e-01 2.503408e+01  9.914533417491840055e+02  9.954042118488843016e+02  9.959123891148418579e+02  9.964299999999999500e+02
388 7761 7.026076e-01 2.504525e+01  9.914533417491840055e+02  9.952641881382207885e+02  9.958850704902490634e+02  9.964720380570198586e+02
389 7781 7.000307e-01 2.505553e+01  9.914533417491840055e+02  9.941271102054265612e+02  9.958661182229619726e+02  9.965390020487222955e+02
390 7801 6.971691e-01 2.507518e+01  9.914533417491840055e+02  9.947181736320294476e+02  9.958225450838449433e+02  9.964098248081581914e+02
391 7821 6.929945e-01 2.507945e+01  9.914533417491840055e+02  9.950974349695998171e+02  9.959680138192960612e+02  9.964706649851700604e+02
392 7841 6.877616e-01 2.509062e+01  9.914533417491840055e+02  9.945644845430553005e+02  9.957245760349877628e+02  9.965264356487441546e+02
393 7861 6.852464e-01 2.509066e+01  9.914533417491840055e+02  9.952200000000000273e+02  9.959574272260767884e+02  9.964909146286120176e+02
394 7881 6.785718e-01 2.509961e+01  9.914533417491840055e+02  9.933849110896505863e+02  9.958766080778788137e+02  9.965357347049192640e+02
395 7901 6.749878e-01 2.510318e+01  9.914533417491840055e+02  9.952893317117352581e+02  9.958746065588238707e+02  9.964975285301565009e+02
396 7921 6.722842e-01 2.511979e+01  9.914533417491840055e+02  9.953728439228890466e+02  9.958697094249965858e+02  9.965891113755500328e+02
397 7941 6.721016e-01 2.512638e+01  9.914533417491840055e+02  9.951489325444696306e+02  9.960429444296440806e+02  9.963670840818718943e+02
398 7961 6.699115e-01 2.514582e+01  9.914533417491840055e+02  9.952039412004493215e+02  9.959241253354550736e+02  9.965431341928932625e+02
399 7981 6.692553e-01 2.515955e+01  9.914533417491840055e+02  9.950620760965546197e+02  9.960535393237053086e+02  9.965807088630340331e+02
400 8001 6.692411e-01 2.517248e+01  9.914533417491840055e+02  9.949691005155913217e+02  9.959724805807356915e+02  9.977350474288782607e+02
401 8021 6.660987e-01 2.520307e+01  9.914533417491840055e+02  9.950071754046849719e+02  9.960066076976647764e+02  9.966409700911084428e+02
402 8041 6.633937e-01 2.520772e+01  9.914533417491840055e+02  9.927271659906772356e+02  9.960718238808401566e+02  9.967134242197773801e+02
403 8061 6.596413e-01 2.522532e+01  9.914533417491840055e+02  9.951163999784123462e+02  9.959379375841788260e+02  9.965217577454536695e+02
404 8081 6.546928e-01 2.522658e+01  9.914533417491840055e+02  9.956384834923462677e+02  9.961904172020856549e+02  9.969407274590198540e+02
405 8101 6.493144e-01 2.524073e+01  9.914533417491840055e+02  9.951729559077283511e+02  9.960616547294085876e+02  9.988148953800862273e+02
406 8121 6.448824e-01 2.524747e+01  9.914533417491840055e+02  9.949207022046928159e+02  9.959768566571666497e+02  9.964916085578270213e+02
407 8141 6.405911e-01 2.525599e+01  9.914533417491840055e+02  9.944567020131390791e+02  9.960167635308473564e+02  9.965280371075454013e+02
408 8161 6.363283e-01 2.526175e+01  9.914533417491840055e+02  9.954313612540750000e+02  9.961159924133859249e+02  9.965207123502900686e+02
409 8181 6.323281e-01 2.528170e+01  9.914533417491840055e+02  9.948010353046714727e+02  9.959813854510687179e+02  9.963481413924083654e+02
410 8201 6.308017e-01 2.529132e+01  9.914533417491840055e+02  9.951893969650002418e+02  9.960252134721920356e+02  9.966158182726840096e+02
411 8221 6.307867e-01 2.529942e+01  9.914533417491840055e+02  9.948725349203735959e+02  9.959769051106643474e+02  9.965281143856878998e+02
412 8241 6.267645e-01 2.531809e+01  9.914533417491840055e+02  9.954370590098409366e+02  9.959253593613249222e+02  9.966014979149979354e+02
413 8261 6.203909e-01 2.531878e+01  9.914533417491840055e+02  9.952093906953765554e+02  9.958735838694751692e+02  9.965837530183395074e+02
414 8281 6.130472e-01 2.531490e+01  9.914533417491840055e+02  9.945216033482817011e+02  9.958257121495437332e+02  9.965015996460074348e+02
415 8301 6.060113e-01 2.532046e+01  9.914533417491840055e+02  9.950319422133394482e+02  9.958960805159649681e+02  9.986283569500344584e+02
416 8321 6.005261e-01 2.532202e+01  9.914533417491840055e+02  9.949726034590090649e+02  9.959535302288344383e+02  9.963615751758376291e+02
417 8341 5.930407e-01 2.531255e+01  9.914533417491840055e+02  9.947751763844671586e+02  9.959857279474485949e+02  9.965350635555162171e+02
418 8361 5.857944e-01 2.531416e+01  9.914533417491840055e+02  9.951175929820915371e+02  9.959723807054751887e+02  9.964972590000589889e+02
419 8381 5.764612e-01 2.531302e+01  9.914533417491840055e+02  9.939489590926370965e+02  9.959356627456452316e+02  9.965267722194059843e+02
420 8401 5.712099e-01 2.532535e+01  9.914533417491840055e+02  9.946678819211836071e+02  9.960608251959033623e+02  9.988273774856603495e+02
421 8421 5.673803e-01 2.533817e+01  9.914533417491840055e+02  9.950199999999999818e+02  9.959352726822803561e+02  9.965800000000000409e+02
422 8441 5.670186e-01 2.535011e+01  9.914533417491840055e+02  9.945658502520716411e+02  9.958844931607193303e+02  9.965429250688141565e+02
423 8461 5.648228e-01 2.535071e+01  9.914533417491840055e+02  9.951209409976920597e+02  9.958973898970689334e+02  9.964633597408552532e+02
424 8481 5.635946e-01 2.535329e+01  9.914533417491840055e+02  9.940798473065016196e+02  9.958335330991610590e+02  9.965313015548246085e+02
425 8501 5.599077e-01 2.536373e+01  9.914533417491840055e+02  9.945599999999999454e+02  9.959772005342458669e+02  9.964145066915907591e+02
426 8521 5.583315e-01 2.537546e+01  9.914533417491840055e+02  9.945650994333625476e+02  9.957073145448797504e+02  9.965297492305812739e+02
427 8541 5.593994e-01 2.538133e+01  9.914533417491840055e+02  9.947868354268805433e+02  9.957706404133415390e+02  9.964611144780642462e+02
428 8561 5.615997e-01 2.539010e+01  9.914533417491840055e+02  9.948099999999999454e+02  9.956148506965391789e+02  9.962583502641583664e+02
429 8581 5.616088e-01 2.541563e+01  9.914533417491840055e+02  9.944211222148552451e+02  9.959698167966403162e+02  9.965602334252148466e+02
430 8601 5.605965e-01 2.540645e+01  9.914533417491840055e+02  9.943805857370948615e+02  9.961173091704259832e+02  9.965901996291062233e+02
431 8621 5.593641e-01 2.540677e+01  9.914533417491840055e+02  9.948087305198882859e+02  9.959132250207483139e+02  9.964923464581756889e+02
432 8641 5.575751e-01 2.542195e+01  9.914533417491840055e+02  9.938557468436803219e+02  9.957589489991535174e+02  9.964691561041357772e+02
433 8661 5.536140e-01 2.542857e+01  9.914533417491840055e+02  9.951385758065507616e+02  9.959489984880324300e+02  9.963678750760547018e+02
434 8681 5.511100e-01 2.543955e+01  9.914533417491840055e+02  9.945086983504725140e+02  9.961281909664994600e+02  9.963947527857276327e+02
435 8701 5.476858e-01 2.542078e+01  9.914533417491840055e+02  9.946518880371894511e+02  9.958559993824204639e+02  9.965502147480857502e+02
436 8721 5.456058e-01 2.541236e+01  9.914533417491840055e+02  9.949152988931651862e+02  9.959978041357321672e+02  9.963415590633030661e+02
437 8741 5.442550e-01 2.542570e+01  9.914533417491840055e+02  9.944956895765723175e+02  9.960980484557371710e+02  9.983030897862244046e+02
438 8761 5.453180e-01 2.542960e+01  9.914533417491840055e+02  9.942500000000000000e+02  9.961000080912758676e+02  9.978287977057282205e+02
439 8781 5.447755e-01 2.542826e+01  9.914533417491840055e+02  9.951067990545046769e+02  9.960934304121660716e+02  9.984563372460391975e+02
440 8801 5.443111e-01 2.542641e+01  9.914533417491840055e+02  9.944539047517429253e+02  9.958114734683234701e+02  9.966757493210625398e+02
441 8821 5.433829e-01 2.541620e+01  9.914533417491840055e+02  9.945326419076759521e+02  9.959968399334081823e+02  9.968163327510256977e+02
442 8841 5.393322e-01 2.541392e+01  9.914533417491840055e+02  9.946982087843462068e+02  9.958943348450892472e+02  9.966646993318316845e+02
443 8861 5.378956e-01 2.542520e+01  9.914533417491840055e+02  9.951200000000000045e+02  9.958649211657821070e+02  9.964857604581917485e+02
444 8881 5.353309e-01 2.543168e+01  9.914533417491840055e+02  9.952450107089205176e+02  9.958844369679688953e+02  9.964972788145900040e+02
445 8901 5.340783e-01 2.543868e+01  9.914533417491840055e+02  9.951499999999999773e+02  9.959831767481748557e+02  9.974219637053749921e+02
446 8921 5.319063e-01 2.543999e+01  9.914533417491840055e+02  9.949462489716079290e+02  9.959988535172542470e+02  9.981291320521805801e+02
447 8941 5.278661e-01 2.544574e+01  9.914533417491840055e+02  9.945895424631017931e+02  9.960008916936527612e+02  9.966257756039667584e+02
448 8961 5.230752e-01 2.544646e+01  9.914533417491840055e+02  9.945900000000000318e+02  9.958417994288884074e+02  9.963591279683963648e+02
449 8981 5.201466e-01 2.545480e+01  9.914533417491840055e+02  9.948207872908634499e+02  9.958174469057587430e+02  9.965000000000000000e+02
450 9001 5.169278e-01 2.546407e+01  9.914533417491840055e+02  9.946101796369428030e+02  9.958588891001963930e+02  9.962261087862694922e+02
451 9021 5.146593e-01 2.547558e+01  9.914533417491840055e+02  9.949165544981653966e+02  9.957518830301760318e+02  9.961787302230072783e+02
452 9041 5.117242e-01 2.548063e+01  9.914533417491840055e+02  9.949911783255585078e+02  9.958378768489428694e+02  9.965336430323840204e+02
453 9061 5.088223e-01 2.547929e+01  9.914533417491840055e+02  9.955103051086547339e+02  9.959964050285343546e+02  9.966286305166795501e+02
454 9081 5.074574e-01 2.548845e+01  9.914533417491840055e+02  9.944763680628994962e+02  9.960350998979531596e+02  9.963113281457411858e+02
455 9101 5.073711e-01 2.548629e+01  9.914533417491840055e+02  9.950706847129634980e+02  9.958801817494452280e+02  9.965133118633219738e+02
456 9121 5.066517e-01 2.550116e+01  9.914533417491840055e+02  9.940845193887590767e+02  9.959287258726358232e+02  9.964215545562414036e+02
457 9141 5.064967e-01 2.551866e+01  9.914533417491840055e+02  9.948014753342033600e+02  9.959670204732931325e+02  9.964825149233298589e+02
458 9161 5.049651e-01 2.551707e+01  9.914533417491840055e+02  9.942323551975548526e+02  9.959699368589208461e+02  9.964946782584106586e+02
459 9181 5.042153e-01 2.550747e+01  9.914533417491840055e+02  9.946202903815237732e+02  9.959210870093659196e+02  9.964029360783413267e+02
460 9201 5.068958e-01 2.553819e+01  9.914533417491840055e+02  9.941454223728862871e+02  9.960200028846786608e+02  9.964805450677891940e+02
461 9221 5.101462e-01 2.552588e+01  9.914533417491840055e+02  9.932726992417204883e+02  9.958261505734942602e+02  9.962782939142410896e+02
462 9241 5.110328e-01 2.552611e+01  9.914533417491840055e+02  9.940168065709486882e+02  9.958311526053955731e+02  9.964257238911433205e+02
463 9261 5.112129e-01 2.552248e+01  9.914533417491840055e+02  9.952282915535837446e+02  9.958304233905116689e+02  9.964325683309524493e+02
464 9281 5.117481e-01 2.554398e+01  9.914533417491840055e+02  9.941637908615497281e+02  9.958162601501092013e+02  9.964468790658312400e+02
465 9301 5.136502e-01 2.556298e+01  9.914533417491840055e+02  9.947000000000000455e+02  9.959439932209736526e+02  9.965268162985447589e+02
466 9321 5.126341e-01 2.556431e+01  9.914533417491840055e+02  9.946647609457235149e+02  9.958587451697057986e+02  9.965166307187870416e+02
467 9341 5.130844e-01 2.556447e+01  9.914533417491840055e+02  9.942839787587578257e+02  9.956659228541509492e+02  9.963053072518210911e+02
468 9361 5.155317e-01 2.556999e+01  9.914533417491840055e+02  9.947428887054229563e+02  9.958120672638810902e+02  9.964885496377078198e+02
469 9381 5.179319e-01 2.557637e+01  9.914533417491840055e+02  9.939527299042456434e+02  9.958595157111010394e+02  9.964266648574950977e+02
470 9401 5.209812e-01 2.558790e+01  9.914533417491840055e+02  9.949410238977244489e+02  9.958688670016194919e+02  9.978662060864178329e+02
471 9421 5.246556e-01 2.558440e+01  9.914533417491840055e+02  9.942791051151843931e+02  9.959696141251574772e+02  9.963854279990031273e+02
472 9441 5.266189e-01 2.560766e+01  9.914533417491840055e+02  9.945639476950485687e+02  9.958005158591761301e+02  9.978589931464190386e+02
473 9461 5.292067e-01 2.560758e+01  9.914533417491840055e+02  9.943773237704665462e+02  9.957892773441903955e+02  9.963178779711741981e+02
474 9481 5.318036e-01 2.561391e+01  9.914533417491840055e+02  9.944261605434360263e+02  9.957402903226050057e+02  9.965185754749016951e+02
475 9501 5.327432e-01 2.561513e+01  9.914533417491840055e+02  9.943698659840772507e+02  9.957631802763357882e+02  9.964293443821264873e+02
476 9521 5.328242e-01 2.560751e+01  9.914533417491840055e+02  9.945258799516960835e+02  9.956892244530952212e+02  9.961933032483835859e+02
477 9541 5.323146e-01 2.560907e+01  9.914533417491840055e+02  9.940060084973014227e+02  9.957840264424646648e+02  9.968095038608846608e+02
478 9561 5.278419e-01 2.560583e+01  9.914533417491840055e+02  9.946773510943918382e+02  9.957926880018965221e+02  9.964535615332284806e+02
479 9581 5.221400e-01 2.561847e+01  9.914533417491840055e+02  9.925370447623929522e+02  9.957824816693051844e+02  9.964769860165578166e+02
480 9601 5.154631e-01 2.561082e+01  9.914533417491840055e+02  9.947096817620349611e+02  9.960327645851914440e+02  9.964472620641508911e+02
481 9621 5.109609e-01 2.561261e+01  9.914533417491840055e+02  9.952616125776145282e+02  9.958799465788665657e+02  9.964367362665398105e+02
482 9641 5.085893e-01 2.561034e+01  9.914533417491840055e+02  9.946513079221150520e+02  9.956722700483630888e+02  9.960097137044770079e+02
483 9661 5.056756e-01 2.561753e+01  9.914533417491840055e+02  9.939091285060103473e+02  9.956505410964230123e+02  9.963701350667483894e+02
484 9681 5.030324e-01 2.562291e+01  9.914533417491840055e+02  9.948193567500534300e+02  9.957382760730032487e+02  9.963041266180548519e+02
485 9701 4.995175e-01 2.562068e+01  9.914533417491840055e+02  9.945967438402307153e+02  9.957173935590055862e+02  9.963195056204422144e+02
486 9721 4.979094e-01 2.563081e+01  9.914533417491840055e+02  9.943143082118517668e+02  9.957290265120929007e+02  9.961367783093115804e+02
487 9741 4.955440e-01 2.563030e+01  9.914533417491840055e+02  9.941986950691473339e+02  9.958817911580649707e+02  9.962841414051251832e+02
488 9761 4.929845e-01 2.563385e+01  9.914533417491840055e+02  9.950916943714495346e+02  9.958026322678447286e+02  9.973055301623770674e+02
489 9781 4.906200e-01 2.563334e+01  9.914533417491840055e+02  9.945165233072211777e+02  9.956781618852498923e+02  9.965521038547242370e+02
490 9801 4.868302e-01 2.564260e+01  9.914533417491840055e+02  9.946073943404740021e+02  9.955540674291914911e+02  9.962371153864330608e+02
491 9821 4.853594e-01 2.563037e+01  9.914533417491840055e+02  9.944421524096607072e+02  9.957997726978719584e+02  9.964138170727670740e+02
492 9841 4.835308e-01 2.563850e+01  9.914533417491840055e+02  9.947874029018329338e+02  9.957206999865854868e+02  9.963942811151309797e+02
493 9861 4.802714e-01 2.562931e+01  9.914533417491840055e+02  9.935564641816354197e+02  9.956835632359591273e+02  9.965954379886347851e+02
494 9881 4.770297e-01 2.564222e+01  9.914533417491840055e+02  9.947859358389913496e+02  9.959051156727680336e+02  9.962754984223689689e+02
495 9901 4.753582e-01 2.565353e+01  9.914533417491840055e+02  9.944493411058767833e+02  9.958681431266428490e+02  9.964113977708140055e+02
496 9921 4.727460e-01 2.569321e+01  9.914533417491840055e+02  9.934280811147797294e+02  9.956252627868045693e+02  9.962841432111465565e+02
497 9941 4.718780e-01 2.569499e+01  9.914533417491840055e+02  9.949013953284352283e+02  9.959169441449985243e+02  9.964177751796390794e+02
498 9961 4.719776e-01 2.570424e+01  9.914533417491840055e+02  9.940811977411260614e+02  9.956092957829059742e+02  9.961003333938781452e+02
499 9981 4.713454e-01 2.570039e+01  9.914533417491840055e+02  9.949966317632278106e+02  9.958060027030045376e+02  9.962745489972746782e+02
500 10001 4.705581e-01 2.569683e+01  9.914533417491840055e+02  9.947362851097527709e+02  9.958333760636365923e+02  9.964673863741911646e+02
501 10021 4.699597e-01 2.570308e+01  9.914533417491840055e+02  9.934543966043344199e+02  9.956822371951577679e+02  9.960261546131977184e+02
502 10041 4.683538e-01 2.570126e+01  9.914533417491840055e+02  9.945118153305688793e+02  9.956570179175157591e+02  9.964941496814411721e+02
503 10061 4.647060e-01 2.570024e+01  9.914533417491840055e+02  9.948918170317609793e+02  9.956044938601360172e+02  9.963735296996360375e+02
504 10081 4.617594e-01 2.568974e+01  9.914533417491840055e+02  9.939597005521766278e+02  9.957240922314034606e+02  9.963976972584221130e+02
505 10101 4.592850e-01 2.569574e+01  9.914533417491840055e+02  9.941256296775264900e+02  9.957321282639115907e+02  9.961970300025456027e+02
506 10121 4.583964e-01 2.569415e+01  9.914533417491840055e+02  9.941705064806028531e+02  9.956417095993397197e+02  9.987172496721589141e+02
507 10141 4.551260e-01 2.570828e+01  9.914533417491840055e+02  9.946750248001937962e+02  9.956567448449179665e+02  9.963049149627860288e+02
508 10161 4.506499e-01 2.571609e+01  9.914533417491840055e+02  9.945024147280731768e+02  9.955461966712733783e+02  9.961475091159135218e+02
509 10181 4.474573e-01 2.571076e+01  9.914533417491840055e+02  9.945219834711778049e+02  9.957313947850165050e+02  9.959628857977279495e+02
510 10201 4.415649e-01 2.571285e+01  9.914533417491840055e+02  9.947518512041655185e+02  9.956910984430215876e+02  9.964475853813613639e+02
511 10221 4.358365e-01 2.572302e+01  9.914533417491840055e+02  9.943585892379768438e+02  9.957600165208134513e+02  9.964990263506707606e+02
512 10241 4.312073e-01 2.571098e+01  9.914533417491840055e+02  9.947427385430261211e+02  9.958083984416387011e+02  9.964360675942748458e+02
513 10261 4.283193e-01 2.570500e+01  9.914533417491840055e+02  9.941785528352323809e+02  9.956037473488381693e+02  9.963680194201893983e+02
514 10281 4.263089e-01 2.570218e+01  9.914533417491840055e+02  9.949220625917913594e+02  9.957774857022297965e+02  9.961106164325877899e+02
515 10301 4.255453e-01 2.569917e+01  9.914533417491840055e+02  9.943745310220709825e+02  9.957265994990459603e+02  9.963204411897814907e+02
516 10321 4.253833e-01 2.570006e+01  9.914533417491840055e+02  9.942859751473114329e+02  9.955586605274173735e+02  9.960199999999999818e+02
517 10341 4.253917e-01 2.572397e+01  9.914533417491840055e+02  9.941882661945729751e+02  9.954902102651623181e+02  9.962385097953058448e+02
518 10361 4.262175e-01 2.572433e+01  9.914533417491840055e+02  9.947046112607604300e+02  9.957645790407341337e+02  9.963393966250481526e+02
519 10381 4.279988e-01 2.571405e+01  9.914533417491840055e+02  9.953045584028432131e+02  9.956488030758796413e+02  9.961586636656674045e+02
520 10401 4.290800e-01 2.572037e+01  9.914533417491840055e+02  9.932802718976246297e+02  9.957116667292225429e+02  9.961130407951590087e+02
521 10421 4.297495e-01 2.572654e+01  9.914533417491840055e+02  9.947621135087860011e+02  9.957061869515594026e+02  9.963305708747869858e+02
522 10441 4.318645e-01 2.573374e+01  9.914533417491840055e+02  9.950716818006642370e+02  9.958111661735244979e+02  9.963668096122737552e+02
523 10461 4.345888e-01 2.573778e+01  9.914533417491840055e+02  9.950053007970806220e+02  9.957540913580331789e+02  9.980850478846201668e+02
524 10481 4.380312e-01 2.573823e+01  9.914533417491840055e+02  9.946811981935617268e+02  9.957452723721587518e+02  9.962336041862652110e+02
525 10501 4.397252e-01 2.574054e+01  9.914533417491840055e+02  9.934113517647638218e+02  9.957734229162784914e+02  9.982698167153943132e+02
526 10521 4.435862e-01 2.575646e+01  9.914533417491840055e+02  9.944609184954398415e+02  9.957903355540067878e+02  9.968722766098525199e+02
527 10541 4.456933e-01 2.577091e+01  9.914533417491840055e+02  9.945775803844697975e+02  9.956265145843995015e+02  9.963210223437725972e+02
528 10561 4.482828e-01 2.577686e+01  9.914533417491840055e+02  9.943916459721722276e+02  9.957173746339456102e+02  9.963593121808725073e+02
529 10581 4.523035e-01 2.578027e+01  9.914533417491840055e+02  9.948280477462394629e+02  9.959094724862826524e+02  9.964332091623555243e+02
530 10601 4.568770e-01 2.580867e+01  9.914533417491840055e+02  9.950399999999999636e+02  9.957892428438821071e+02  9.962470362100759758e+02
531 10621 4.604981e-01 2.581667e+01  9.914533417491840055e+02  9.950484046852286610e+02  9.957191812682797263e+02  9.963827023801520681e+02
532 10641 4.642353e-01 2.582355e+01  9.914533417491840055e+02  9.951768723590676018e+02  9.955831738029672806e+02  9.963273295052961203e+02
533 10661 4.654612e-01 2.581346e+01  9.914533417491840055e+02  9.939080649769383626e+02  9.955418574795453424e+02  9.961876527642680230e+02
534 10681 4.684490e-01 2.582838e+01  9.914533417491840055e+02  9.948067836097910686e+02  9.958348547955552021e+02  9.966855285873820094e+02
535 10701 4.682904e-01 2.582571e+01  9.914533417491840055e+02  9.942910786494794593e+02  9.955474635615773877e+02  9.968608694051210932e+02
536 10721 4.671075e-01 2.583281e+01  9.914533417491840055e+02  9.947821922055584309e+02  9.956955362411567876e+02  9.963292077551785724e+02
537 10741 4.668703e-01 2.583594e+01  9.914533417491840055e+02  9.941525020864820590e+02  9.956828998804107869e+02  9.970179639306116997e+02
538 10761 4.653578e-01 2.584723e+01  9.914533417491840055e+02  9.945857994406342186e+02  9.956989232983185047e+02  9.977468004173974805e+02
539 10781 4.650687e-01 2.587384e+01  9.914533417491840055e+02  9.944365569880526436e+02  9.959307599663775363e+02  9.983323634475117387e+02
540 10801 4.623889e-01 2.588281e+01  9.914533417491840055e+02  9.947542512853882499e+02  9.958337970272609709e+02  9.963351914106390268e+02
541 10821 4.607665e-01 2.589773e+01  9.914533417491840055e+02  9.953261482852350355e+02  9.957640974209589331e+02  9.980324278476763311e+02
542 10841 4.583510e-01 2.591511e+01  9.914533417491840055e+02  9.939759805131175199e+02  9.958153419366678918e+02  9.980522406680997847e+02
543 10861 4.544455e-01 2.591454e+01  9.914533417491840055e+02  9.948817749817089862e+02  9.958994009690032954e+02  9.964165980986584827e+02
544 10881 4.510662e-01 2.591202e+01  9.914533417491840055e+02  9.935099999999999909e+02  9.957674412920982832e+02  9.964609339336429912e+02
545 10901 4.487652e-01 2.592048e+01  9.914533417491840055e+02  9.948125657608132997e+02  9.956201922879406538e+02  9.962923567103925961e+02
546 10921 4.469952e-01 2.594049e+01  9.914533417491840055e+02  9.941347922334747409e+02  9.959027032098763357e+02  9.974777153252225617e+02
547 10941 4.463024e-01 2.595231e+01  9.914533417491840055e+02  9.945458324895954547e+02  9.957307983128202977e+02  9.980784668439107463e+02
548 10961 4.447002e-01 2.597472e+01  9.914533417491840055e+02  9.941327640413821882e+02  9.954894319164251328e+02  9.988639573999729464e+02
549 10981 4.450096e-01 2.596964e+01  9.914533417491840055e+02  9.951900000000000546e+02  9.958384817507558182e+02  9.980610444299879873e+02
550 11001 4.445579e-01 2.597198e+01  9.914533417491840055e+02  9.937003354779270694e+02  9.958305755689094667e+02  9.966094169657768589e+02
551 11021 4.450641e-01 2.596540e+01  9.914533417491840055e+02  9.944099999999999682e+02  9.957684342689017285e+02  9.980787392569175154e+02
552 11041 4.457016e-01 2.598418e+01  9.914533417491840055e+02  9.915134435092124932e+02  9.957589276949862551e+02  9.968466471812654390e+02
553 11061 4.470548e-01 2.596996e+01  9.914533417491840055e+02  9.948266364269239830e+02  9.958793032682414150e+02  9.965341010686773870e+02
554 11081 4.478481e-01 2.596559e+01  9.914533417491840055e+02  9.944048808461989211e+02  9.958237848925846265e+02  9.962430776799683372e+02
555 11101 4.491479e-01 2.597040e+01  9.914533417491840055e+02  9.946726362944027642e+02  9.956719205553746406e+02  9.960592249380547401e+02
556 11121 4.503801e-01 2.597029e+01  9.914533417491840055e+02  9.949071412819534999e+02  9.955213759246020118e+02  9.975399999999999636e+02
557 11141 4.506975e-01 2.596994e+01  9.914533417491840055e+02  9.938481701043320982e+02  9.956330642090690617e+02  9.961528132236182955e+02
558 11161 4.489732e-01 2.596464e+01  9.914533417491840055e+02  9.947263927677761330e+02  9.956935373163512395e+02  9.961858526289272504e+02
559 11181 4.462442e-01 2.595722e+01  9.914533417491840055e+02  9.949158695770364602e+02  9.957458905354453691e+02  9.964346460916705155e+02
560 11201 4.458693e-01 2.596282e+01  9.914533417491840055e+02  9.944614746734151822e+02  9.958713653600723319e+02  9.962122016621939338e+02
561 11221 4.450185e-01 2.596542e+01  9.914533417491840055e+02  9.950099999999999909e+02  9.957261417149177305e+02  9.961002876453600265e+02
562 11241 4.438693e-01 2.595762e+01  9.914533417491840055e+02  9.947047011336956075e+02  9.956733598978460122e+02  9.962400000000000091e+02
563 11261 4.430155e-01 2.595316e+01  9.914533417491840055e+02  9.943747439448834484e+02  9.958232811538766782e+02  9.961675706152695966e+02
564 11281 4.406988e-01 2.595251e+01  9.914533417491840055e+02  9.947066400841139284e+02  9.955440484394706573e+02  9.963099999999999454e+02
565 11301 4.412518e-01 2.595508e+01  9.914533417491840055e+02  9.943778175382344671e+02  9.956714255496524402e+02  9.961779478421295835e+02
566 11321 4.430648e-01 2.595234e+01  9.914533417491840055e+02  9.941149328722648306e+02  9.955478948209738519e+02  9.960850046124164692e+02
567 11341 4.416145e-01 2.595289e+01  9.914533417491840055e+02  9.939106872706548756e+02  9.957744146081170129e+02  9.965330225897853325e+02
568 11361 4.398773e-01 2.595385e+01  9.914533417491840055e+02  9.945937813025060450e+02  9.957341806159081443e+02  9.961395120446236433e+02
569 11381 4.372743e-01 2.593126e+01  9.914533417491840055e+02  9.936354794694639168e+02  9.957199218000575911e+02  9.966100000000000136e+02
570 11401 4.351733e-01 2.592269e+01  9.914533417491840055e+02  9.955125143630074263e+02  9.959671220069496940e+02  9.963864002633766859e+02
571 11421 4.331748e-01 2.592947e+01  9.914533417491840055e+02  9.934057428100678635e+02  9.957815147571267289e+02  9.963454803003978668e+02
572 11441 4.308902e-01 2.592999e+01  9.914533417491840055e+02  9.947577974822913802e+02  9.959750095231120213e+02  9.965800000000000409e+02
573 11461 4.294422e-01 2.592219e+01  9.914533417491840055e+02  9.951328175299242957e+02  9.959120696507377488e+02  9.965957933050748352e+02
574 11481 4.277817e-01 2.591193e+01  9.914533417491840055e+02  9.942933079810520667e+02  9.959094718071065699e+02  9.965413222934657824e+02
575 11501 4.260934e-01 2.590076e+01  9.914533417491840055e+02  9.950441393172465041e+02  9.958922109621361187e+02  9.965115805479247229e+02
576 11521 4.228045e-01 2.590383e+01  9.914533417491840055e+02  9.949409792483584170e+02  9.956060448404525687e+02  9.962769257173162032e+02
577 11541 4.193579e-01 2.590717e+01  9.914533417491840055e+02  9.944901322222162889e+02  9.957291504453503421e+02  9.965816836560644560e+02
578 11561 4.172696e-01 2.591289e+01  9.914533417491840055e+02  9.944958076189915346e+02  9.956688731975559676e+02  9.964017134872219685e+02
579 11581 4.157767e-01 2.592205e+01  9.914533417491840055e+02  9.942336374599462943e+02  9.953768735062340056e+02  9.963435225858595459e+02
580 11601 4.133381e-01 2.591239e+01  9.914533417491840055e+02  9.945628726208058197e+02  9.957079686931176639e+02  9.960525320250072809e+02
581 11621 4.096005e-01 2.591686e+01  9.914533417491840055e+02  9.945595397110822660e+02  9.957092128331387357e+02  9.964083637147301715e+02
582 11641 4.045520e-01 2.593355e+01  9.914533417491840055e+02  9.940052943557469689e+02  9.954727809024990393e+02  9.963182594153780656e+02
583 11661 3.980258e-01 2.593878e+01  9.914533417491840055e+02  9.943700000000000045e+02  9.956722683732040196e+02  9.960820003354687060e+02
584 11681 3.940069e-01 2.595726e+01  9.914533417491840055e+02  9.945814820976945612e+02  9.956596539705089981e+02  9.960534007608271168e+02
585 11701 3.894670e-01 2.595639e+01  9.914533417491840055e+02  9.950298556386468363e+02  9.957339353815298182e+02  9.978747443502218175e+02
586 11721 3.847892e-01 2.594442e+01  9.914533417491840055e+02  9.948940946736115620e+02  9.957212949492823100e+02  9.962714613564999127e+02
587 11741 3.809805e-01 2.594418e+01  9.914533417491840055e+02  9.945285153521327857e+02  9.957076807641346932e+02  9.960985205996528293e+02
588 11761 3.758734e-01 2.594234e+01  9.914533417491840055e+02  9.942490940123150267e+02  9.956861520093800664e+02  9.961748710301329766e+02
589 11781 3.712388e-01 2.594006e+01  9.914533417491840055e+02  9.946555099372772020e+02  9.955823067853358452e+02  9.975674676042774536e+02
590 11801 3.665238e-01 2.593481e+01  9.914533417491840055e+02  9.944900000000000091e+02  9.957425182241377115e+02  9.964237851909296069e+02
591 11821 3.631158e-01 2.593278e+01  9.914533417491840055e+02  9.938817936786418841e+02  9.952052235856314155e+02  9.962327055429228722e+02
592 11841 3.595170e-01 2.593807e+01  9.914533417491840055e+02  9.939329999436189382e+02  9.955766459679138052e+02  9.962135051531665795e+02
593 11861 3.553986e-01 2.593672e+01  9.914533417491840055e+02  9.947578725776277224e+02  9.956259385009145717e+02  9.961599029265281615e+02
594 11881 3.539465e-01 2.595087e+01  9.914533417491840055e+02  9.943191380774791241e+02  9.955379677479081693e+02  9.960591952689969730e+02
595 11901 3.526365e-01 2.595026e+01  9.914533417491840055e+02  9.945199999999999818e+02  9.954467628627803606e+02  9.963259394100243753e+02
596 11921 3.526454e-01 2.595374e+01  9.914533417491840055e+02  9.949158092500870225e+02  9.956706658187047196e+02  9.961450281224324499e+02
597 11941 3.528633e-01 2.596407e+01  9.914533417491840055e+02  9.948075875007943978e+02  9.956632224887982829e+02  9.962205187554736767e+02
598 11961 3.522777e-01 2.597018e+01  9.914533417491840055e+02  9.941859652095935189e+02  9.957216448887793376e+02  9.981356939208634458e+02
599 11981 3.511393e-01 2.597079e+01  9.914533417491840055e+02  9.941828258507980536e+02  9.959314265290250887e+02  9.980266878031693523e+02
600 12001 3.514480e-01 2.598365e+01  9.914533417491840055e+02  9.941287397539682615e+02  9.957357501476529933e+02  9.965365615692182928e+02
