%  columns="iteration, evaluation, sigma, axis ratio, bestever, best, median, worst fitness function value, further objective values of best" (startseed=214309, 2017/10/11 0:53:52.10)
1 21 1.070870e+00 2.241336e+01  9.928700000000000045e+02  9.948932432106686292e+02  9.967056015970244971e+02  9.984438733083534316e+02
2 41 1.034778e+00 2.242427e+01  9.928700000000000045e+02  9.958675729353540191e+02  9.969294811290897087e+02  9.988907496285571597e+02
3 61 1.008277e+00 2.243775e+01  9.928700000000000045e+02  9.949726573829807421e+02  9.967748271718155593e+02  9.973358225154331649e+02
4 81 9.877509e-01 2.245075e+01  9.928700000000000045e+02  9.957572058395483054e+02  9.967032741129911528e+02  9.973099999999999454e+02
5 101 9.743709e-01 2.246714e+01  9.928700000000000045e+02  9.961027824980337755e+02  9.971019460018127347e+02  9.987673983863249987e+02
6 121 9.600765e-01 2.248703e+01  9.928700000000000045e+02  9.958799999999999955e+02  9.968393529012553245e+02  9.985729798481854687e+02
7 141 9.452387e-01 2.250337e+01  9.928700000000000045e+02  9.959966577602887128e+02  9.969351552066483464e+02  9.973975783167643385e+02
8 161 9.338613e-01 2.251746e+01  9.928700000000000045e+02  9.948923742971412594e+02  9.967104601658892307e+02  9.980125454812355201e+02
9 181 9.237147e-01 2.253166e+01  9.928700000000000045e+02  9.951916534350435768e+02  9.966938436428168870e+02  9.973844373036073421e+02
10 201 9.181659e-01 2.254946e+01  9.928700000000000045e+02  9.959122820897030124e+02  9.968237718596133163e+02  9.972784190666687891e+02
11 221 9.151242e-01 2.257054e+01  9.928700000000000045e+02  9.955694290115236527e+02  9.968597429263966205e+02  9.984762108079906966e+02
12 241 9.118962e-01 2.257404e+01  9.928700000000000045e+02  9.954333307720944504e+02  9.968387039749160294e+02  9.989290715002421166e+02
13 261 9.108249e-01 2.257361e+01  9.928700000000000045e+02  9.960665387133832382e+02  9.966943464008456885e+02  9.986279063376601925e+02
14 281 9.112779e-01 2.257309e+01  9.928700000000000045e+02  9.959363536268633652e+02  9.966545106538762866e+02  9.989907701403607234e+02
15 301 9.115633e-01 2.258005e+01  9.928700000000000045e+02  9.958805589427234963e+02  9.969113694627619680e+02  9.983244406317746780e+02
16 321 9.141848e-01 2.258602e+01  9.928700000000000045e+02  9.960917242992136380e+02  9.968576471216482560e+02  9.989670226646634319e+02
17 341 9.213728e-01 2.260335e+01  9.928700000000000045e+02  9.957200000000000273e+02  9.968156491896502303e+02  9.988833164701195528e+02
18 361 9.301340e-01 2.260550e+01  9.928700000000000045e+02  9.951299999999999955e+02  9.969306462076847311e+02  9.987738592434793645e+02
19 381 9.402423e-01 2.262242e+01  9.928700000000000045e+02  9.949377233088721368e+02  9.968435205573930489e+02  9.985048449809232807e+02
20 401 9.454685e-01 2.262437e+01  9.928700000000000045e+02  9.946981266687472498e+02  9.968766664031943492e+02  9.982206726881578334e+02
21 421 9.502817e-01 2.263091e+01  9.928700000000000045e+02  9.956799999999999500e+02  9.967108088790139391e+02  9.988999999999999773e+02
22 441 9.582471e-01 2.264121e+01  9.928700000000000045e+02  9.952100000000000364e+02  9.969009199739244877e+02  9.983461736994316880e+02
23 461 9.657710e-01 2.264675e+01  9.928700000000000045e+02  9.957722181053723034e+02  9.967166006553788975e+02  9.972739754963857877e+02
24 481 9.695335e-01 2.265349e+01  9.928700000000000045e+02  9.949700000000000273e+02  9.967639715490684011e+02  9.972482678718954503e+02
25 501 9.678324e-01 2.265914e+01  9.928700000000000045e+02  9.952209799762277953e+02  9.966965493477837299e+02  9.983683900780238218e+02
26 521 9.641068e-01 2.266022e+01  9.928700000000000045e+02  9.958758749223807172e+02  9.969096270887907849e+02  9.987799999999999727e+02
27 541 9.619661e-01 2.268520e+01  9.928700000000000045e+02  9.957338866037309799e+02  9.965959673218642365e+02  9.973180774590268811e+02
28 561 9.622822e-01 2.268403e+01  9.928700000000000045e+02  9.958476756646042531e+02  9.967489244796093999e+02  9.982611808816109260e+02
29 581 9.622603e-01 2.268707e+01  9.928700000000000045e+02  9.961419604541947592e+02  9.967405841106037769e+02  9.971817787130258921e+02
30 601 9.617155e-01 2.269834e+01  9.928700000000000045e+02  9.956885838502626029e+02  9.969211909748767084e+02  9.973969961849878700e+02
31 621 9.565577e-01 2.271223e+01  9.928700000000000045e+02  9.956267692571798307e+02  9.968550675419534173e+02  9.973731918982342677e+02
32 641 9.544036e-01 2.274078e+01  9.928700000000000045e+02  9.958799999999999955e+02  9.967590787979443121e+02  9.974601697419133188e+02
33 661 9.565449e-01 2.274750e+01  9.928700000000000045e+02  9.952881272886215811e+02  9.966643231364054145e+02  9.973771438136992629e+02
34 681 9.576519e-01 2.276446e+01  9.928700000000000045e+02  9.957151709658228356e+02  9.970478566468239023e+02  9.974114667031545878e+02
35 701 9.600797e-01 2.277916e+01  9.928700000000000045e+02  9.958200000000000500e+02  9.967365049276738773e+02  9.974721129085969551e+02
36 721 9.602478e-01 2.279829e+01  9.928700000000000045e+02  9.952646347410882299e+02  9.968949999999999818e+02  9.976388588425037369e+02
37 741 9.632108e-01 2.279384e+01  9.928700000000000045e+02  9.957899999999999636e+02  9.968441424035272576e+02  9.989821867908059403e+02
38 761 9.606202e-01 2.279284e+01  9.928700000000000045e+02  9.954006449122987306e+02  9.968384240960015177e+02  9.989387694131166882e+02
39 781 9.559923e-01 2.279797e+01  9.928700000000000045e+02  9.958600000000000136e+02  9.968072042431026603e+02  9.976719386026408074e+02
40 801 9.450725e-01 2.281283e+01  9.928700000000000045e+02  9.960299999999999727e+02  9.968999324978110508e+02  9.973847830972802058e+02
41 821 9.330100e-01 2.281370e+01  9.928700000000000045e+02  9.952400000000000091e+02  9.967657851352091711e+02  9.976109880754314645e+02
42 841 9.245964e-01 2.282630e+01  9.928700000000000045e+02  9.956539309876823154e+02  9.968012904100968399e+02  9.986050037190680086e+02
43 861 9.167524e-01 2.283653e+01  9.928700000000000045e+02  9.956857861012234707e+02  9.967656017366042533e+02  9.974426096948524219e+02
44 881 9.088123e-01 2.284395e+01  9.928700000000000045e+02  9.960363977230159662e+02  9.969264897210914569e+02  9.976135777904319184e+02
45 901 9.063702e-01 2.284637e+01  9.928700000000000045e+02  9.958799999999999955e+02  9.969099999999999682e+02  9.974650835375268798e+02
46 921 9.044319e-01 2.285235e+01  9.928700000000000045e+02  9.958057834574137814e+02  9.968605969716443269e+02  9.974825715130965591e+02
47 941 9.036762e-01 2.285566e+01  9.928700000000000045e+02  9.951195475863656839e+02  9.967722855847097208e+02  9.973486179844649087e+02
48 961 9.045054e-01 2.285798e+01  9.928700000000000045e+02  9.956036937139014071e+02  9.967320810217315739e+02  9.972775729023423992e+02
49 981 9.042108e-01 2.287243e+01  9.928700000000000045e+02  9.957277922145805178e+02  9.967739306037838105e+02  9.973402397010320328e+02
50 1001 9.049765e-01 2.288116e+01  9.928700000000000045e+02  9.955653648756666598e+02  9.968177979752434794e+02  9.972995726357810327e+02
51 1021 9.020042e-01 2.288859e+01  9.928700000000000045e+02  9.945154667792897953e+02  9.966741308875073173e+02  9.973700000000000045e+02
52 1041 8.988824e-01 2.289606e+01  9.928700000000000045e+02  9.950152515022365378e+02  9.966453520597608531e+02  9.972449025036503372e+02
53 1061 8.963318e-01 2.290830e+01  9.928700000000000045e+02  9.957481752995038278e+02  9.967521448969512221e+02  9.974358951197809802e+02
54 1081 8.980943e-01 2.291337e+01  9.928700000000000045e+02  9.947994579667614516e+02  9.968894058913044773e+02  9.972203982757661151e+02
55 1101 8.946230e-01 2.291538e+01  9.928700000000000045e+02  9.937176976619438165e+02  9.967288817764132318e+02  9.974188329599786584e+02
56 1121 8.894710e-01 2.291893e+01  9.928700000000000045e+02  9.956944205403373189e+02  9.966052533889998131e+02  9.973687761802825662e+02
57 1141 8.849886e-01 2.292074e+01  9.928700000000000045e+02  9.956961154177645312e+02  9.967576603121447079e+02  9.973161487655117980e+02
58 1161 8.797360e-01 2.293251e+01  9.928700000000000045e+02  9.956103717806148552e+02  9.968009774903084690e+02  9.973982329681030023e+02
59 1181 8.770603e-01 2.294081e+01  9.928700000000000045e+02  9.950706300602921601e+02  9.966037220084640467e+02  9.974940439674112440e+02
60 1201 8.718112e-01 2.294206e+01  9.928700000000000045e+02  9.958807114264874372e+02  9.968526476970494059e+02  9.975008860630928211e+02
61 1221 8.693030e-01 2.294608e+01  9.928700000000000045e+02  9.958560832967887109e+02  9.967953125167213102e+02  9.974040414717403564e+02
62 1241 8.656958e-01 2.294766e+01  9.928700000000000045e+02  9.954539035017184005e+02  9.966293477534636622e+02  9.974427507030196693e+02
63 1261 8.615133e-01 2.296057e+01  9.928700000000000045e+02  9.945599999999999454e+02  9.968133147725523031e+02  9.989700000000000273e+02
64 1281 8.603840e-01 2.296992e+01  9.928700000000000045e+02  9.958111665551278975e+02  9.967314981248646291e+02  9.974900000000000091e+02
65 1301 8.555162e-01 2.298164e+01  9.928700000000000045e+02  9.961166021816437706e+02  9.968757271822146322e+02  9.989752049040648672e+02
66 1321 8.509905e-01 2.298547e+01  9.928700000000000045e+02  9.964892819669089477e+02  9.968019170364611909e+02  9.975329626404040937e+02
67 1341 8.475994e-01 2.298204e+01  9.928700000000000045e+02  9.955352629414978765e+02  9.967270796845259611e+02  9.976047258263188269e+02
68 1361 8.414750e-01 2.298917e+01  9.928700000000000045e+02  9.956410955223019528e+02  9.968849401145397451e+02  9.974958269279172782e+02
69 1381 8.386708e-01 2.299677e+01  9.928700000000000045e+02  9.958329432636046477e+02  9.968404005932350174e+02  9.973113700700569098e+02
70 1401 8.316550e-01 2.299850e+01  9.928700000000000045e+02  9.958600000000000136e+02  9.966388041980062553e+02  9.971571774285295078e+02
71 1421 8.240017e-01 2.300114e+01  9.928700000000000045e+02  9.957578550197393952e+02  9.968190496338279445e+02  9.973032818737594880e+02
72 1441 8.202016e-01 2.300625e+01  9.928700000000000045e+02  9.953300000000000409e+02  9.968733779557716161e+02  9.974102947895258922e+02
73 1461 8.184153e-01 2.301401e+01  9.928700000000000045e+02  9.957954290572608897e+02  9.967637260087974482e+02  9.973775884796749551e+02
74 1481 8.182171e-01 2.302645e+01  9.928700000000000045e+02  9.956243374456854554e+02  9.965292839939747864e+02  9.971121760507720637e+02
75 1501 8.193895e-01 2.303789e+01  9.928700000000000045e+02  9.962400000000000091e+02  9.967806764947724787e+02  9.979866091759819255e+02
76 1521 8.179545e-01 2.303401e+01  9.928700000000000045e+02  9.951975977844707586e+02  9.968560405840917156e+02  9.985364923775775878e+02
77 1541 8.171501e-01 2.304024e+01  9.928700000000000045e+02  9.945639863113262891e+02  9.967109269263526130e+02  9.974729459766984974e+02
78 1561 8.157260e-01 2.307002e+01  9.928700000000000045e+02  9.956625033490834085e+02  9.967423630751520705e+02  9.975094539191800322e+02
79 1581 8.138004e-01 2.307688e+01  9.928700000000000045e+02  9.958845878101831204e+02  9.964645979086909620e+02  9.972760480737557600e+02
80 1601 8.123389e-01 2.307725e+01  9.928700000000000045e+02  9.956766564297921605e+02  9.968177761721518664e+02  9.972730005915227594e+02
81 1621 8.133945e-01 2.308237e+01  9.928700000000000045e+02  9.960209495807912390e+02  9.967234926549770080e+02  9.974424788529271382e+02
82 1641 8.156230e-01 2.310714e+01  9.928700000000000045e+02  9.959277064926588992e+02  9.966605384467809472e+02  9.972209866144319221e+02
83 1661 8.202053e-01 2.311738e+01  9.928700000000000045e+02  9.957500000000000000e+02  9.967085571011389220e+02  9.971988983155744108e+02
84 1681 8.256129e-01 2.312186e+01  9.928700000000000045e+02  9.953148639402318167e+02  9.966236028547322121e+02  9.973768865849731355e+02
85 1701 8.297684e-01 2.313353e+01  9.928700000000000045e+02  9.953514727319678741e+02  9.967043556070004797e+02  9.974400000000000546e+02
86 1721 8.393737e-01 2.315233e+01  9.928700000000000045e+02  9.955700000000000500e+02  9.967686517929787442e+02  9.972826424006184425e+02
87 1741 8.488814e-01 2.318287e+01  9.928700000000000045e+02  9.949536255720037161e+02  9.965784195769638245e+02  9.971699999999999591e+02
88 1761 8.605211e-01 2.319354e+01  9.928700000000000045e+02  9.958842646904940921e+02  9.967759468383361536e+02  9.972453970794019824e+02
89 1781 8.716319e-01 2.322317e+01  9.928700000000000045e+02  9.956784568139928524e+02  9.967751974217330826e+02  9.972390538789203447e+02
90 1801 8.775009e-01 2.324548e+01  9.928700000000000045e+02  9.949800000000000182e+02  9.967890554780605044e+02  9.973976416736504689e+02
91 1821 8.789553e-01 2.326757e+01  9.928700000000000045e+02  9.960561934376599993e+02  9.966586338292534037e+02  9.973764911195199829e+02
92 1841 8.776522e-01 2.328597e+01  9.928700000000000045e+02  9.949470433338790372e+02  9.967724284654773328e+02  9.975129445575208820e+02
93 1861 8.755137e-01 2.330679e+01  9.928700000000000045e+02  9.941506164666038785e+02  9.967493828623764784e+02  9.973602971837843825e+02
94 1881 8.714425e-01 2.333270e+01  9.928700000000000045e+02  9.956063206628052740e+02  9.967769149612699948e+02  9.973083472000192842e+02
95 1901 8.687992e-01 2.336221e+01  9.928700000000000045e+02  9.957956195973300737e+02  9.967323108163349161e+02  9.972758433064464043e+02
96 1921 8.661923e-01 2.339510e+01  9.928700000000000045e+02  9.955295764521115416e+02  9.966392879938491660e+02  9.971474019746265185e+02
97 1941 8.644649e-01 2.343268e+01  9.928700000000000045e+02  9.956795100377258905e+02  9.967103400308185428e+02  9.974406391035380466e+02
98 1961 8.673980e-01 2.346682e+01  9.928700000000000045e+02  9.949629571929056056e+02  9.966554521959042177e+02  9.971645592623333414e+02
99 1981 8.722283e-01 2.351027e+01  9.928700000000000045e+02  9.961211322562528494e+02  9.966720467825010701e+02  9.971840670932045896e+02
100 2001 8.800708e-01 2.354882e+01  9.928700000000000045e+02  9.956256897383134401e+02  9.966832120831275006e+02  9.973833340202315867e+02
101 2021 8.904662e-01 2.358436e+01  9.928700000000000045e+02  9.956817978368960667e+02  9.964097589862103632e+02  9.972111719177950135e+02
102 2041 8.981220e-01 2.361000e+01  9.928700000000000045e+02  9.958256251442968505e+02  9.966529779368898971e+02  9.972408232981175615e+02
103 2061 9.016566e-01 2.363104e+01  9.928700000000000045e+02  9.962899999999999636e+02  9.968761707426140219e+02  9.972630998789510386e+02
104 2081 9.047979e-01 2.365411e+01  9.928700000000000045e+02  9.957384281349030744e+02  9.968250000000000455e+02  9.973469470695085874e+02
105 2101 9.076113e-01 2.366571e+01  9.928700000000000045e+02  9.957415574898924433e+02  9.966771872322713079e+02  9.972479239462887790e+02
106 2121 9.120169e-01 2.368472e+01  9.928700000000000045e+02  9.941064004076559968e+02  9.965463071062838480e+02  9.973592660808235451e+02
107 2141 9.155710e-01 2.369741e+01  9.928700000000000045e+02  9.958999999999999773e+02  9.969346970946155579e+02  9.973920395250643196e+02
108 2161 9.204530e-01 2.370201e+01  9.928700000000000045e+02  9.963938412743738127e+02  9.969205854723301172e+02  9.985700000000000500e+02
109 2181 9.217196e-01 2.372783e+01  9.928700000000000045e+02  9.961165475047353084e+02  9.967226382902395017e+02  9.979821130985884565e+02
110 2201 9.209332e-01 2.372605e+01  9.928700000000000045e+02  9.946916380793666121e+02  9.967686566248728468e+02  9.974884437185927482e+02
111 2221 9.149518e-01 2.374255e+01  9.928700000000000045e+02  9.955255429499342199e+02  9.966797842796851228e+02  9.974772979100887369e+02
112 2241 9.071769e-01 2.374743e+01  9.928700000000000045e+02  9.948704525300152000e+02  9.965896581635715847e+02  9.973906910903664311e+02
113 2261 8.981217e-01 2.374856e+01  9.928700000000000045e+02  9.952716525279463440e+02  9.966381452653690758e+02  9.988621901995927601e+02
114 2281 8.888368e-01 2.374835e+01  9.928700000000000045e+02  9.960199999999999818e+02  9.968753923788111706e+02  9.990062489153956449e+02
115 2301 8.843851e-01 2.375782e+01  9.928700000000000045e+02  9.960510420205331457e+02  9.967907921791781973e+02  9.973250389024930200e+02
116 2321 8.845038e-01 2.376423e+01  9.928700000000000045e+02  9.958300000000000409e+02  9.967297943601627139e+02  9.980424334454150994e+02
117 2341 8.825109e-01 2.376259e+01  9.928700000000000045e+02  9.957799999999999727e+02  9.967173231506280899e+02  9.972280042014065202e+02
118 2361 8.791124e-01 2.376820e+01  9.928700000000000045e+02  9.960299999999999727e+02  9.965635065683824223e+02  9.973536872042719779e+02
119 2381 8.756654e-01 2.376523e+01  9.928700000000000045e+02  9.957612887081950248e+02  9.966076750333163545e+02  9.971964801228871238e+02
120 2401 8.742943e-01 2.378981e+01  9.928700000000000045e+02  9.955499999999999545e+02  9.967739786648121481e+02  9.974700000000000273e+02
121 2421 8.739338e-01 2.379340e+01  9.928700000000000045e+02  9.956785529873920950e+02  9.967557187339393749e+02  9.972764494645381319e+02
122 2441 8.744182e-01 2.379941e+01  9.928700000000000045e+02  9.945927492893961244e+02  9.966949999999999363e+02  9.986986563781907762e+02
123 2461 8.743985e-01 2.381408e+01  9.928700000000000045e+02  9.961983662806464963e+02  9.968312330465012110e+02  9.971555612667169726e+02
124 2481 8.742077e-01 2.382390e+01  9.928700000000000045e+02  9.955061776287694784e+02  9.967451499096210910e+02  9.989621102716502037e+02
125 2501 8.691201e-01 2.384004e+01  9.928700000000000045e+02  9.955171409645944323e+02  9.967219398187387469e+02  9.990010283824691442e+02
126 2521 8.612747e-01 2.385529e+01  9.928700000000000045e+02  9.952266110670715307e+02  9.967264349351059991e+02  9.973036632847970395e+02
127 2541 8.548453e-01 2.386015e+01  9.928700000000000045e+02  9.962947294604670105e+02  9.967833523104351343e+02  9.987652917173600144e+02
128 2561 8.484968e-01 2.386768e+01  9.928700000000000045e+02  9.953071229728064964e+02  9.968840925277584120e+02  9.990000000000000000e+02
129 2581 8.432616e-01 2.387119e+01  9.928700000000000045e+02  9.959254681198507342e+02  9.968916509521692433e+02  9.990011350074391885e+02
130 2601 8.423693e-01 2.388339e+01  9.928700000000000045e+02  9.958200000000000500e+02  9.966703795371640808e+02  9.990000000000000000e+02
131 2621 8.412311e-01 2.389608e+01  9.928700000000000045e+02  9.952646835626525217e+02  9.966941036730502219e+02  9.973869149706798680e+02
132 2641 8.370198e-01 2.390007e+01  9.928700000000000045e+02  9.961850945365472398e+02  9.968700267156852988e+02  9.976111410170465206e+02
133 2661 8.355856e-01 2.391377e+01  9.928700000000000045e+02  9.949770989027899759e+02  9.966372021600968765e+02  9.990003189370186192e+02
134 2681 8.311775e-01 2.392137e+01  9.928700000000000045e+02  9.950608156610837796e+02  9.967907101078312735e+02  9.988111556214710163e+02
135 2701 8.275243e-01 2.391784e+01  9.928700000000000045e+02  9.958748008606028179e+02  9.969257602163290812e+02  9.990000000000000000e+02
136 2721 8.226539e-01 2.392439e+01  9.928700000000000045e+02  9.950000000000000000e+02  9.964927224743083798e+02  9.985399999999999636e+02
137 2741 8.187398e-01 2.392995e+01  9.928700000000000045e+02  9.961912475310118680e+02  9.967220394427904466e+02  9.986786582384868325e+02
138 2761 8.112098e-01 2.393650e+01  9.928700000000000045e+02  9.959830925544232514e+02  9.967483389802639522e+02  9.989963742765457937e+02
139 2781 8.055738e-01 2.393705e+01  9.928700000000000045e+02  9.951673477804084769e+02  9.967171157696867567e+02  9.973657334240343744e+02
140 2801 7.994893e-01 2.393989e+01  9.928700000000000045e+02  9.961087775666380821e+02  9.966678850321632126e+02  9.970869061984185464e+02
141 2821 7.953151e-01 2.394979e+01  9.928700000000000045e+02  9.952412669530913263e+02  9.968296911626371184e+02  9.989786225954115935e+02
142 2841 7.910411e-01 2.395683e+01  9.928700000000000045e+02  9.960900000000000318e+02  9.968074358409487559e+02  9.988434505843997613e+02
143 2861 7.901459e-01 2.396519e+01  9.928700000000000045e+02  9.958337519486561860e+02  9.966594486994065392e+02  9.987568299522794177e+02
144 2881 7.872828e-01 2.397821e+01  9.928700000000000045e+02  9.959865219572993738e+02  9.968678341447066487e+02  9.972259190126427484e+02
145 2901 7.858046e-01 2.397864e+01  9.928700000000000045e+02  9.964237278994360167e+02  9.967415510094283491e+02  9.972061179433658253e+02
146 2921 7.864223e-01 2.397442e+01  9.928700000000000045e+02  9.958640670385221938e+02  9.967001053884512203e+02  9.972899999999999636e+02
147 2941 7.900081e-01 2.399118e+01  9.928700000000000045e+02  9.958563822583911360e+02  9.966540433887007566e+02  9.971200000000000045e+02
148 2961 7.925982e-01 2.399610e+01  9.928700000000000045e+02  9.948348257573588853e+02  9.966229086340017602e+02  9.972934918229751702e+02
149 2981 7.947247e-01 2.400528e+01  9.928700000000000045e+02  9.956491369515431415e+02  9.966809496346895685e+02  9.971688291113724745e+02
150 3001 8.005355e-01 2.400290e+01  9.928700000000000045e+02  9.952658569227371572e+02  9.964487103418159677e+02  9.972860054896140127e+02
151 3021 8.078142e-01 2.401195e+01  9.928700000000000045e+02  9.950912585836990729e+02  9.965708669659642283e+02  9.972285883664249013e+02
152 3041 8.127516e-01 2.401270e+01  9.928700000000000045e+02  9.958948790425862398e+02  9.968761982396886197e+02  9.984272813506179318e+02
153 3061 8.198645e-01 2.404579e+01  9.928700000000000045e+02  9.960077182427696698e+02  9.968809007299548739e+02  9.973365413476859658e+02
154 3081 8.218019e-01 2.405667e+01  9.928700000000000045e+02  9.962121890965593138e+02  9.970077372289588311e+02  9.990018210772860812e+02
155 3101 8.251901e-01 2.406618e+01  9.928700000000000045e+02  9.961205771440669423e+02  9.968276903842427146e+02  9.990014058942820157e+02
156 3121 8.243796e-01 2.406717e+01  9.928700000000000045e+02  9.954362509974068871e+02  9.966882077932264110e+02  9.987000000000000455e+02
157 3141 8.267432e-01 2.408102e+01  9.928700000000000045e+02  9.955000000000000000e+02  9.967427817302984749e+02  9.988050898710240517e+02
158 3161 8.297309e-01 2.409427e+01  9.928700000000000045e+02  9.960030737744193630e+02  9.967143270349525892e+02  9.974925496649013894e+02
159 3181 8.284625e-01 2.410471e+01  9.928700000000000045e+02  9.959064301344977821e+02  9.968245914481324235e+02  9.972932278872806364e+02
160 3201 8.263963e-01 2.410376e+01  9.928700000000000045e+02  9.952645742950132899e+02  9.967356481056669963e+02  9.971916385167626231e+02
161 3221 8.250847e-01 2.410057e+01  9.928700000000000045e+02  9.948529477302565738e+02  9.967974303628755024e+02  9.972903894127695139e+02
162 3241 8.250342e-01 2.410275e+01  9.928700000000000045e+02  9.953464965304257248e+02  9.964994766861652806e+02  9.973279959835724640e+02
163 3261 8.204107e-01 2.411990e+01  9.928700000000000045e+02  9.956982495421732438e+02  9.967008011166303731e+02  9.971568498335175263e+02
164 3281 8.172857e-01 2.412689e+01  9.928700000000000045e+02  9.957267817294001588e+02  9.968918119490401750e+02  9.972321143489092492e+02
165 3301 8.160394e-01 2.413047e+01  9.928700000000000045e+02  9.957854259794725067e+02  9.968319766980177974e+02  9.972168025949116554e+02
166 3321 8.161574e-01 2.415450e+01  9.928700000000000045e+02  9.957847836599751190e+02  9.966986895479918758e+02  9.973323065887545908e+02
167 3341 8.145679e-01 2.415198e+01  9.928700000000000045e+02  9.958500000000000227e+02  9.966678306123114908e+02  9.972849829620790842e+02
168 3361 8.142813e-01 2.417132e+01  9.928700000000000045e+02  9.957269074329385603e+02  9.966160789638352071e+02  9.972055212248134239e+02
169 3381 8.142684e-01 2.418253e+01  9.928700000000000045e+02  9.952947862943503878e+02  9.966724223448452449e+02  9.973668671926994875e+02
170 3401 8.121544e-01 2.420352e+01  9.928700000000000045e+02  9.959776560175197346e+02  9.967386010490115495e+02  9.973426777879443534e+02
171 3421 8.107054e-01 2.421364e+01  9.928700000000000045e+02  9.958289716056501675e+02  9.967625474289995964e+02  9.973324434113054622e+02
172 3441 8.103152e-01 2.422621e+01  9.928700000000000045e+02  9.952200000000000273e+02  9.965630093998751136e+02  9.972940978063762714e+02
173 3461 8.067338e-01 2.423593e+01  9.928700000000000045e+02  9.955299999999999727e+02  9.967598033919005047e+02  9.973669606469956079e+02
174 3481 8.066189e-01 2.423598e+01  9.928700000000000045e+02  9.957034502759818224e+02  9.966613567798349322e+02  9.971521346326132971e+02
175 3501 8.088674e-01 2.424066e+01  9.928700000000000045e+02  9.959652303726210221e+02  9.968218290270842772e+02  9.975365587981711997e+02
176 3521 8.095610e-01 2.425028e+01  9.928700000000000045e+02  9.947807533709011523e+02  9.968659126292316159e+02  9.974428659140234004e+02
177 3541 8.087999e-01 2.425382e+01  9.928700000000000045e+02  9.955800000000000409e+02  9.967327545088453462e+02  9.973200887881114340e+02
178 3561 8.070147e-01 2.425470e+01  9.928700000000000045e+02  9.954600000000000364e+02  9.966241986295653987e+02  9.974512585455606768e+02
179 3581 8.049034e-01 2.426097e+01  9.928700000000000045e+02  9.955611273859871062e+02  9.964084025585968902e+02  9.970990289667458910e+02
180 3601 8.050652e-01 2.426508e+01  9.928700000000000045e+02  9.957300000000000182e+02  9.965132312563584946e+02  9.972400000000000091e+02
181 3621 8.069046e-01 2.428631e+01  9.928700000000000045e+02  9.957029496527499077e+02  9.967449942390642263e+02  9.972035107876496340e+02
182 3641 8.053125e-01 2.428941e+01  9.928700000000000045e+02  9.955919619204544233e+02  9.965741965494585202e+02  9.969939542228111122e+02
183 3661 8.059471e-01 2.429508e+01  9.928700000000000045e+02  9.954236181701961641e+02  9.966708589699919685e+02  9.972677464346869556e+02
184 3681 8.038375e-01 2.430848e+01  9.928700000000000045e+02  9.955378335475728591e+02  9.966571327472856865e+02  9.973039582275442854e+02
185 3701 8.055444e-01 2.430985e+01  9.928700000000000045e+02  9.951291415682494517e+02  9.965461255620814427e+02  9.971114549818081514e+02
186 3721 8.095375e-01 2.431552e+01  9.928700000000000045e+02  9.959613245971597735e+02  9.965770197986487346e+02  9.973182273290058220e+02
187 3741 8.171751e-01 2.432195e+01  9.928700000000000045e+02  9.959756085630415328e+02  9.966971855628969479e+02  9.972901449629490571e+02
188 3761 8.251381e-01 2.431684e+01  9.928700000000000045e+02  9.960664623560138580e+02  9.966564445519167066e+02  9.971060006788911778e+02
189 3781 8.308881e-01 2.433251e+01  9.928700000000000045e+02  9.949337974254793835e+02  9.967288511949484473e+02  9.972670244660919252e+02
190 3801 8.362409e-01 2.433712e+01  9.928700000000000045e+02  9.959153485419016079e+02  9.966214983080628826e+02  9.971877453363480299e+02
191 3821 8.386872e-01 2.434367e+01  9.928700000000000045e+02  9.944674608174096875e+02  9.967325997143648237e+02  9.970980788315821428e+02
192 3841 8.406115e-01 2.435675e+01  9.928700000000000045e+02  9.955174121149755138e+02  9.966607076026922414e+02  9.973110387440232216e+02
193 3861 8.400772e-01 2.436764e+01  9.928700000000000045e+02  9.951451373383767987e+02  9.966234145000605622e+02  9.973323206340222669e+02
194 3881 8.358430e-01 2.438130e+01  9.928700000000000045e+02  9.959676935498697503e+02  9.965904925077893495e+02  9.972988149793915227e+02
195 3901 8.314602e-01 2.438366e+01  9.928700000000000045e+02  9.951280475912818702e+02  9.968194588819977753e+02  9.971620690668189582e+02
196 3921 8.303144e-01 2.439139e+01  9.928700000000000045e+02  9.947995249479630502e+02  9.966114340598744548e+02  9.972404406885312937e+02
197 3941 8.254132e-01 2.439762e+01  9.928700000000000045e+02  9.957588083692644432e+02  9.967152813919458367e+02  9.972052528532950646e+02
198 3961 8.227515e-01 2.441546e+01  9.928700000000000045e+02  9.951249594415081674e+02  9.966208000141751882e+02  9.970417302845241920e+02
199 3981 8.208403e-01 2.442593e+01  9.928700000000000045e+02  9.952752913351863526e+02  9.966330955871753758e+02  9.972431153737178420e+02
200 4001 8.188141e-01 2.443695e+01  9.928700000000000045e+02  9.956035619597806772e+02  9.967492093176238086e+02  9.972400000000000091e+02
201 4021 8.139295e-01 2.445324e+01  9.928700000000000045e+02  9.952221592315848966e+02  9.965901267724386798e+02  9.970834202117400764e+02
202 4041 8.067472e-01 2.446688e+01  9.928700000000000045e+02  9.953700000000000045e+02  9.966954803425112459e+02  9.971921498094172875e+02
203 4061 7.977884e-01 2.447250e+01  9.928700000000000045e+02  9.952875585379371159e+02  9.967388752923152424e+02  9.972966839254759179e+02
204 4081 7.904140e-01 2.448727e+01  9.928700000000000045e+02  9.961364708924000979e+02  9.966538028971115182e+02  9.973585702309304679e+02
205 4101 7.893143e-01 2.449834e+01  9.928700000000000045e+02  9.956299999999999955e+02  9.966941346998268045e+02  9.973538522437645497e+02
206 4121 7.866635e-01 2.452291e+01  9.928700000000000045e+02  9.955662602060302788e+02  9.965559312376002481e+02  9.971538386220350958e+02
207 4141 7.854269e-01 2.452912e+01  9.928700000000000045e+02  9.958600000000000136e+02  9.964851223372677396e+02  9.970988080249126142e+02
208 4161 7.844499e-01 2.454619e+01  9.928700000000000045e+02  9.944005433856643776e+02  9.966553624524939323e+02  9.971255803584891737e+02
209 4181 7.854896e-01 2.455567e+01  9.928700000000000045e+02  9.948029762540857064e+02  9.965144043896250423e+02  9.973219641190308948e+02
210 4201 7.824397e-01 2.457445e+01  9.928700000000000045e+02  9.947699999999999818e+02  9.965747591444319369e+02  9.973358373131854933e+02
211 4221 7.793982e-01 2.458129e+01  9.928700000000000045e+02  9.957551322819795132e+02  9.965485824397499073e+02  9.972571522776974007e+02
212 4241 7.754920e-01 2.458684e+01  9.928700000000000045e+02  9.955365755241282386e+02  9.966431899500316831e+02  9.974029896961625354e+02
213 4261 7.748422e-01 2.459470e+01  9.928700000000000045e+02  9.959900000000000091e+02  9.967367750482090969e+02  9.972899999999999636e+02
214 4281 7.762641e-01 2.459879e+01  9.928700000000000045e+02  9.958281343589196695e+02  9.966725746046724908e+02  9.972345340776436160e+02
215 4301 7.733777e-01 2.460240e+01  9.928700000000000045e+02  9.956351334229286749e+02  9.966973478595853067e+02  9.972999999999999545e+02
216 4321 7.698925e-01 2.460826e+01  9.928700000000000045e+02  9.957599999999999909e+02  9.966916171515049427e+02  9.971100000000000136e+02
217 4341 7.648266e-01 2.461030e+01  9.928700000000000045e+02  9.961000000000000227e+02  9.966500000000000909e+02  9.972224434996235232e+02
218 4361 7.630842e-01 2.461762e+01  9.928700000000000045e+02  9.950900000000000318e+02  9.964985255331527014e+02  9.972279721783615969e+02
219 4381 7.639520e-01 2.462514e+01  9.928700000000000045e+02  9.954336507382181480e+02  9.966193053807216984e+02  9.972030215679841376e+02
220 4401 7.653778e-01 2.463566e+01  9.928700000000000045e+02  9.951636276057232635e+02  9.963933513797717296e+02  9.968557111545131875e+02
221 4421 7.654439e-01 2.465354e+01  9.928700000000000045e+02  9.959127964968275819e+02  9.967926574138675733e+02  9.972440131454666243e+02
222 4441 7.664170e-01 2.466177e+01  9.928700000000000045e+02  9.955120838167434840e+02  9.965955049121105276e+02  9.973056024588507853e+02
223 4461 7.668278e-01 2.466637e+01  9.928700000000000045e+02  9.956200000000000045e+02  9.968039999475309969e+02  9.973031526588960105e+02
224 4481 7.640884e-01 2.468499e+01  9.928700000000000045e+02  9.961675651419765245e+02  9.968220480833508645e+02  9.972568500172841368e+02
225 4501 7.566932e-01 2.469369e+01  9.928700000000000045e+02  9.956399999999999864e+02  9.965342950987760560e+02  9.970159785336275036e+02
226 4521 7.506090e-01 2.470713e+01  9.928700000000000045e+02  9.953048833753488225e+02  9.966154961547401854e+02  9.971566436403068110e+02
227 4541 7.497353e-01 2.470914e+01  9.928700000000000045e+02  9.957725207231457034e+02  9.968513150420019429e+02  9.971457156146529996e+02
228 4561 7.494960e-01 2.471330e+01  9.928700000000000045e+02  9.955557731897102940e+02  9.965560507851699867e+02  9.971783018733092376e+02
229 4581 7.536830e-01 2.472182e+01  9.928700000000000045e+02  9.952547184054345735e+02  9.965939953617794345e+02  9.971749938740656489e+02
230 4601 7.520265e-01 2.472493e+01  9.928700000000000045e+02  9.958756819208265370e+02  9.966618761414301844e+02  9.972059612241506557e+02
231 4621 7.510702e-01 2.472733e+01  9.928700000000000045e+02  9.956448373439828856e+02  9.966123911441917471e+02  9.971455722800365038e+02
232 4641 7.510902e-01 2.473490e+01  9.928700000000000045e+02  9.951464559754784887e+02  9.965665240070627533e+02  9.971653361712543528e+02
233 4661 7.530185e-01 2.473537e+01  9.928700000000000045e+02  9.956057672126963780e+02  9.966178712197049663e+02  9.970606704000674654e+02
234 4681 7.550597e-01 2.473732e+01  9.928700000000000045e+02  9.956478770451086575e+02  9.966569489096341385e+02  9.971146262650748895e+02
235 4701 7.579904e-01 2.474202e+01  9.928700000000000045e+02  9.955303927233596823e+02  9.967335107486219385e+02  9.973854408969230008e+02
236 4721 7.601179e-01 2.474817e+01  9.928700000000000045e+02  9.957141021120971800e+02  9.965466833222621972e+02  9.970689564697119067e+02
237 4741 7.631698e-01 2.475316e+01  9.928700000000000045e+02  9.959099999999999682e+02  9.966712012012408195e+02  9.972676396727057408e+02
238 4761 7.619713e-01 2.477584e+01  9.928700000000000045e+02  9.956432842039507705e+02  9.965705229700367909e+02  9.976229182674765070e+02
239 4781 7.619946e-01 2.478747e+01  9.928700000000000045e+02  9.958766826015628340e+02  9.966846494732476458e+02  9.971153883027400298e+02
240 4801 7.639995e-01 2.480821e+01  9.928700000000000045e+02  9.953072065233800458e+02  9.967208920574845479e+02  9.972994364367560820e+02
241 4821 7.663214e-01 2.480851e+01  9.928700000000000045e+02  9.957729708901166532e+02  9.965458682402644399e+02  9.970147802472259855e+02
242 4841 7.702824e-01 2.482073e+01  9.928700000000000045e+02  9.944453773114285013e+02  9.966616126950656280e+02  9.969346621382395597e+02
243 4861 7.738576e-01 2.481914e+01  9.928700000000000045e+02  9.960132709913384588e+02  9.967209429315606712e+02  9.970104484464076222e+02
244 4881 7.733904e-01 2.482526e+01  9.928700000000000045e+02  9.955916345297972612e+02  9.963968539511853351e+02  9.970665940927198108e+02
245 4901 7.731065e-01 2.483011e+01  9.928700000000000045e+02  9.940299999999999727e+02  9.965101343801602525e+02  9.970843731232339451e+02
246 4921 7.732783e-01 2.483751e+01  9.928700000000000045e+02  9.954500000000000455e+02  9.965950000000000273e+02  9.974228895573683076e+02
247 4941 7.751898e-01 2.484279e+01  9.928700000000000045e+02  9.959172382082890636e+02  9.965974872997880993e+02  9.970665977831517921e+02
248 4961 7.769642e-01 2.484299e+01  9.928700000000000045e+02  9.960107445973151243e+02  9.966348621969714259e+02  9.972421320244154685e+02
249 4981 7.770787e-01 2.484628e+01  9.928700000000000045e+02  9.959175671333399578e+02  9.966010326028567761e+02  9.974034319759509799e+02
250 5001 7.741800e-01 2.485794e+01  9.928700000000000045e+02  9.956013347479305367e+02  9.964597625717236724e+02  9.970933128284524400e+02
251 5021 7.709526e-01 2.487801e+01  9.928700000000000045e+02  9.957040393287065854e+02  9.966823974912711037e+02  9.972447613627434748e+02
252 5041 7.693243e-01 2.487874e+01  9.928700000000000045e+02  9.950299999999999727e+02  9.966184014526115789e+02  9.972220537993276821e+02
253 5061 7.712478e-01 2.488479e+01  9.928700000000000045e+02  9.960619143012850145e+02  9.965757377045255225e+02  9.970231793485436356e+02
254 5081 7.747793e-01 2.489218e+01  9.928700000000000045e+02  9.950276856005685886e+02  9.963232161947163377e+02  9.972018446095951276e+02
255 5101 7.792232e-01 2.490640e+01  9.928700000000000045e+02  9.955779664083518128e+02  9.967636353544160102e+02  9.971005214311493319e+02
256 5121 7.805215e-01 2.490947e+01  9.928700000000000045e+02  9.947593349537665972e+02  9.966124071904614539e+02  9.973188481398375416e+02
257 5141 7.817152e-01 2.490863e+01  9.928700000000000045e+02  9.957549292987255285e+02  9.965307394780611503e+02  9.970874068244513637e+02
258 5161 7.865949e-01 2.492139e+01  9.928700000000000045e+02  9.949039637013988795e+02  9.966465556671391823e+02  9.974504775066634465e+02
259 5181 7.931682e-01 2.492936e+01  9.928700000000000045e+02  9.945599999999999454e+02  9.966636434389586157e+02  9.971536891218879646e+02
260 5201 7.979893e-01 2.494142e+01  9.928700000000000045e+02  9.954730289526518163e+02  9.964284408303693681e+02  9.971157674752203093e+02
261 5221 8.024631e-01 2.495423e+01  9.928700000000000045e+02  9.950399999999999636e+02  9.966088521288833135e+02  9.971546637596633218e+02
262 5241 8.040152e-01 2.495660e+01  9.928700000000000045e+02  9.955676479499717288e+02  9.966238817792648206e+02  9.972432091823324072e+02
263 5261 8.031009e-01 2.496010e+01  9.928700000000000045e+02  9.950071265537143290e+02  9.965428437629020664e+02  9.970066820049831904e+02
264 5281 8.036970e-01 2.496358e+01  9.928700000000000045e+02  9.959146028315393551e+02  9.967612985911059695e+02  9.971505703018423219e+02
265 5301 8.067763e-01 2.497596e+01  9.928700000000000045e+02  9.952583534252761410e+02  9.965054476155316934e+02  9.970255532712594686e+02
266 5321 8.075778e-01 2.498384e+01  9.928700000000000045e+02  9.953830488511521253e+02  9.965575302818090222e+02  9.970795509245438097e+02
267 5341 8.100176e-01 2.499410e+01  9.928700000000000045e+02  9.949489729321147706e+02  9.964590536692344358e+02  9.972720486054344065e+02
268 5361 8.161193e-01 2.499473e+01  9.928700000000000045e+02  9.957799999999999727e+02  9.965655185825758053e+02  9.970322322659003476e+02
269 5381 8.210803e-01 2.500851e+01  9.928700000000000045e+02  9.951200000000000045e+02  9.965075555277442163e+02  9.972965120000575325e+02
270 5401 8.217461e-01 2.501494e+01  9.928700000000000045e+02  9.958459171547317510e+02  9.966506863369611438e+02  9.974022859985333298e+02
271 5421 8.222392e-01 2.501911e+01  9.928700000000000045e+02  9.952926503269803788e+02  9.966514610243888228e+02  9.972111502016309714e+02
272 5441 8.229031e-01 2.501744e+01  9.928700000000000045e+02  9.957166731094995384e+02  9.967653732071322565e+02  9.971900000000000546e+02
273 5461 8.245753e-01 2.502073e+01  9.928700000000000045e+02  9.956000000000000227e+02  9.968061492067215568e+02  9.971891462496622580e+02
274 5481 8.298668e-01 2.503409e+01  9.928700000000000045e+02  9.959407206949532565e+02  9.965140941079021104e+02  9.972083924477727805e+02
275 5501 8.349875e-01 2.505140e+01  9.928700000000000045e+02  9.953191479189566735e+02  9.966170921863420062e+02  9.971819894708314678e+02
276 5521 8.376487e-01 2.506173e+01  9.928700000000000045e+02  9.956263200597549030e+02  9.966334234548714903e+02  9.971304879914883941e+02
277 5541 8.374719e-01 2.507804e+01  9.928700000000000045e+02  9.951284454361948519e+02  9.965964594985484837e+02  9.969928005686050483e+02
278 5561 8.347872e-01 2.508177e+01  9.928700000000000045e+02  9.956116554437719515e+02  9.964472587854252197e+02  9.969751719607722862e+02
279 5581 8.338628e-01 2.511913e+01  9.928700000000000045e+02  9.956768135321594855e+02  9.964107403008804340e+02  9.969063844074813687e+02
280 5601 8.298765e-01 2.512901e+01  9.928700000000000045e+02  9.948700000000000045e+02  9.966770393789206537e+02  9.971290575251479140e+02
281 5621 8.269250e-01 2.513235e+01  9.928700000000000045e+02  9.956372429197581368e+02  9.965064758175240058e+02  9.969404710166477344e+02
282 5641 8.246426e-01 2.515207e+01  9.928700000000000045e+02  9.942852515385741299e+02  9.968003750464843051e+02  9.972870124465596291e+02
283 5661 8.206025e-01 2.516643e+01  9.928700000000000045e+02  9.952427880540802789e+02  9.964975969472446877e+02  9.969966527391726459e+02
284 5681 8.164540e-01 2.517924e+01  9.928700000000000045e+02  9.953899999999999864e+02  9.965742060621205383e+02  9.972102557801781586e+02
285 5701 8.145826e-01 2.518718e+01  9.928700000000000045e+02  9.956730259339351505e+02  9.966736022261205790e+02  9.971026002105278394e+02
286 5721 8.144720e-01 2.519220e+01  9.928700000000000045e+02  9.955099999999999909e+02  9.964325245016018471e+02  9.969785769008321950e+02
287 5741 8.138988e-01 2.519619e+01  9.928700000000000045e+02  9.957984893137290783e+02  9.967049279382330269e+02  9.972742250367991801e+02
288 5761 8.127900e-01 2.519969e+01  9.928700000000000045e+02  9.956174632009709740e+02  9.966967799509386623e+02  9.968899999999999864e+02
289 5781 8.109641e-01 2.521084e+01  9.928700000000000045e+02  9.953369832124556069e+02  9.964977898681383977e+02  9.972689590285092436e+02
290 5801 8.094881e-01 2.521379e+01  9.928700000000000045e+02  9.955804767661447841e+02  9.966965346497020164e+02  9.971762179295748183e+02
291 5821 8.093992e-01 2.522272e+01  9.928700000000000045e+02  9.954568820059820382e+02  9.964565118558468839e+02  9.971499999999999773e+02
292 5841 8.086185e-01 2.522150e+01  9.928700000000000045e+02  9.953873848880622290e+02  9.966168992584938451e+02  9.972400000000000091e+02
293 5861 8.105499e-01 2.522343e+01  9.928700000000000045e+02  9.956233474829721217e+02  9.966816365939573643e+02  9.972333463681767398e+02
294 5881 8.116229e-01 2.523216e+01  9.928700000000000045e+02  9.954299999999999500e+02  9.964115537128429878e+02  9.973300870645369969e+02
295 5901 8.068651e-01 2.523681e+01  9.928700000000000045e+02  9.954600000000000364e+02  9.966735234003540427e+02  9.972061832147464884e+02
296 5921 8.058665e-01 2.524137e+01  9.928700000000000045e+02  9.949199999999999591e+02  9.965248255056479820e+02  9.974002325842772052e+02
297 5941 8.057975e-01 2.524345e+01  9.928700000000000045e+02  9.949244599666153590e+02  9.963420786693466198e+02  9.972593790870455450e+02
298 5961 8.034035e-01 2.525967e+01  9.928700000000000045e+02  9.951535029775067187e+02  9.965462349238135857e+02  9.972395874137991996e+02
299 5981 8.023926e-01 2.526652e+01  9.928700000000000045e+02  9.957462541901925306e+02  9.966378549743772055e+02  9.970258114504483729e+02
300 6001 7.988106e-01 2.527442e+01  9.928700000000000045e+02  9.957144031835451869e+02  9.966349883435437960e+02  9.971770309000121415e+02
301 6021 7.959865e-01 2.527880e+01  9.928700000000000045e+02  9.957639566991624633e+02  9.966548703994913012e+02  9.971970226480585779e+02
302 6041 7.951546e-01 2.528981e+01  9.928700000000000045e+02  9.956509886919733390e+02  9.967290175163932417e+02  9.970826890220563428e+02
303 6061 7.945605e-01 2.528584e+01  9.928700000000000045e+02  9.951487404431737787e+02  9.966300634916979106e+02  9.971048093639277567e+02
304 6081 7.943927e-01 2.528833e+01  9.928700000000000045e+02  9.950075929163280080e+02  9.962544150044583375e+02  9.972106957890515559e+02
305 6101 7.958129e-01 2.529511e+01  9.928700000000000045e+02  9.951637346520928986e+02  9.966610325300459863e+02  9.970820185619277254e+02
306 6121 7.993012e-01 2.531174e+01  9.928700000000000045e+02  9.950841409487404690e+02  9.964867558557841676e+02  9.972986565670831851e+02
307 6141 8.014603e-01 2.532196e+01  9.928700000000000045e+02  9.941200000000000045e+02  9.966551613146988302e+02  9.971115089304894354e+02
308 6161 8.022302e-01 2.532151e+01  9.928700000000000045e+02  9.958899999999999864e+02  9.966238290890887583e+02  9.972073895848324128e+02
309 6181 8.013236e-01 2.533368e+01  9.928700000000000045e+02  9.955630604550683529e+02  9.963706029137574660e+02  9.972344468295569868e+02
310 6201 8.023658e-01 2.534090e+01  9.928700000000000045e+02  9.952158040410223521e+02  9.967668226321643488e+02  9.972609275190529843e+02
311 6221 8.037354e-01 2.534454e+01  9.928700000000000045e+02  9.957000000000000455e+02  9.963780117603319013e+02  9.971028681757164804e+02
312 6241 8.094323e-01 2.536814e+01  9.928700000000000045e+02  9.952300000000000182e+02  9.965121331073603415e+02  9.969692730549303405e+02
313 6261 8.134096e-01 2.537794e+01  9.928700000000000045e+02  9.950760737166486933e+02  9.965479003202253807e+02  9.973142665783849452e+02
314 6281 8.137595e-01 2.544613e+01  9.928700000000000045e+02  9.954632670981990259e+02  9.965446168780592870e+02  9.968710145846755495e+02
315 6301 8.137251e-01 2.547071e+01  9.928700000000000045e+02  9.959099999999999682e+02  9.965587711814648628e+02  9.972340311123674610e+02
316 6321 8.139459e-01 2.549329e+01  9.928700000000000045e+02  9.955179080665188849e+02  9.965470644637232454e+02  9.972246145426462363e+02
317 6341 8.160820e-01 2.553132e+01  9.928700000000000045e+02  9.950543344684888325e+02  9.963915687625840292e+02  9.972458282022649882e+02
318 6361 8.162145e-01 2.555395e+01  9.928700000000000045e+02  9.957626667307180242e+02  9.965906400727426444e+02  9.972973109128985243e+02
319 6381 8.141495e-01 2.557937e+01  9.928700000000000045e+02  9.952270622591533993e+02  9.964668345930483611e+02  9.969828625599093357e+02
320 6401 8.125003e-01 2.560630e+01  9.928700000000000045e+02  9.953300000000000409e+02  9.965155098117156740e+02  9.970122824659550815e+02
321 6421 8.159687e-01 2.564024e+01  9.928700000000000045e+02  9.960099999999999909e+02  9.965005826216439573e+02  9.970352732497273109e+02
322 6441 8.146083e-01 2.566455e+01  9.928700000000000045e+02  9.955199999999999818e+02  9.965363276691364263e+02  9.972462066346392930e+02
323 6461 8.148856e-01 2.568247e+01  9.928700000000000045e+02  9.961086843276447098e+02  9.965596700030146167e+02  9.972426745161001236e+02
324 6481 8.116045e-01 2.571496e+01  9.928700000000000045e+02  9.946992611672767453e+02  9.965090649522564945e+02  9.971037754653037837e+02
325 6501 8.077238e-01 2.574538e+01  9.928700000000000045e+02  9.954861597001061000e+02  9.965856783031139230e+02  9.971399999999999864e+02
326 6521 7.999588e-01 2.577724e+01  9.928700000000000045e+02  9.959406379661387518e+02  9.965523289845726822e+02  9.970224701966454859e+02
327 6541 7.939935e-01 2.579380e+01  9.928700000000000045e+02  9.959852077899706728e+02  9.966015067790544890e+02  9.971699999999999591e+02
328 6561 7.881302e-01 2.582411e+01  9.928700000000000045e+02  9.954273928665745643e+02  9.964499108575500941e+02  9.969929458367720372e+02
329 6581 7.843622e-01 2.583281e+01  9.928700000000000045e+02  9.955621428531432002e+02  9.965294940372587007e+02  9.971425537001181283e+02
330 6601 7.818010e-01 2.584990e+01  9.928700000000000045e+02  9.945900000000000318e+02  9.965637161213680884e+02  9.971472910188801961e+02
331 6621 7.801140e-01 2.585224e+01  9.928700000000000045e+02  9.952705940309753032e+02  9.963896542797947404e+02  9.970034096472548981e+02
332 6641 7.813718e-01 2.588032e+01  9.928700000000000045e+02  9.951465285172458834e+02  9.965598602333010376e+02  9.971275174018712733e+02
333 6661 7.851913e-01 2.589164e+01  9.928700000000000045e+02  9.959329870111166656e+02  9.966652668590695612e+02  9.974386784986309067e+02
334 6681 7.885543e-01 2.591300e+01  9.928700000000000045e+02  9.955953620425924555e+02  9.964951744870888888e+02  9.970659844231287252e+02
335 6701 7.891781e-01 2.593261e+01  9.928700000000000045e+02  9.958186661347019708e+02  9.967478481661820524e+02  9.972363275537344407e+02
336 6721 7.922670e-01 2.593666e+01  9.928700000000000045e+02  9.954464686978560621e+02  9.966894743387409790e+02  9.971218117992397083e+02
337 6741 7.980983e-01 2.593585e+01  9.928700000000000045e+02  9.954861649080324923e+02  9.963931197377131639e+02  9.969675692343797664e+02
338 6761 8.032110e-01 2.596818e+01  9.928700000000000045e+02  9.953335802520181232e+02  9.964347552850385910e+02  9.971768554371043365e+02
339 6781 8.031499e-01 2.599066e+01  9.928700000000000045e+02  9.955719250583936173e+02  9.964645921128792452e+02  9.970819347605109897e+02
340 6801 8.022585e-01 2.600792e+01  9.928700000000000045e+02  9.954821161342347295e+02  9.966577149527296342e+02  9.969619280442232139e+02
341 6821 8.048255e-01 2.601664e+01  9.928700000000000045e+02  9.951559625937348983e+02  9.965516219975318108e+02  9.972036343593229049e+02
342 6841 8.076006e-01 2.602537e+01  9.928700000000000045e+02  9.950269033878904565e+02  9.966521742379374018e+02  9.972907300885125323e+02
343 6861 8.108535e-01 2.604136e+01  9.928700000000000045e+02  9.940000000000000000e+02  9.964560126227358978e+02  9.973625493468151717e+02
344 6881 8.181576e-01 2.604288e+01  9.928700000000000045e+02  9.956149297464745587e+02  9.964234399889082852e+02  9.971060023411133670e+02
345 6901 8.261246e-01 2.605840e+01  9.928700000000000045e+02  9.954537050773046758e+02  9.965234433542118495e+02  9.972963007850493113e+02
346 6921 8.353793e-01 2.606741e+01  9.928700000000000045e+02  9.951013773758044181e+02  9.966890679472879810e+02  9.972727761157138957e+02
347 6941 8.413841e-01 2.607141e+01  9.928700000000000045e+02  9.955014445623128267e+02  9.964627937373948043e+02  9.972822819607916927e+02
348 6961 8.501489e-01 2.607345e+01  9.928700000000000045e+02  9.951423339246197202e+02  9.965618408656296197e+02  9.971499999999999773e+02
349 6981 8.558858e-01 2.608024e+01  9.928700000000000045e+02  9.949362593586993171e+02  9.964472555595455106e+02  9.971100000000000136e+02
350 7001 8.603778e-01 2.608794e+01  9.928700000000000045e+02  9.948600000000000136e+02  9.965194338431268761e+02  9.972494228481713208e+02
351 7021 8.670597e-01 2.609136e+01  9.928700000000000045e+02  9.952449615710692115e+02  9.964512050078833454e+02  9.970556233579269474e+02
352 7041 8.740073e-01 2.610780e+01  9.928700000000000045e+02  9.953200000000000500e+02  9.965638458348374797e+02  9.970354042874935203e+02
353 7061 8.787542e-01 2.611193e+01  9.928700000000000045e+02  9.937032302716462482e+02  9.964114503277556878e+02  9.974523609143924432e+02
354 7081 8.805234e-01 2.614070e+01  9.928700000000000045e+02  9.955186325905395961e+02  9.966211720892454196e+02  9.972000000000000455e+02
355 7101 8.808746e-01 2.615296e+01  9.928700000000000045e+02  9.958561710429896721e+02  9.964548720740340286e+02  9.972414805363105188e+02
356 7121 8.820059e-01 2.617252e+01  9.928700000000000045e+02  9.956504366527110506e+02  9.966100000000000136e+02  9.970742332719321439e+02
357 7141 8.811503e-01 2.617864e+01  9.928700000000000045e+02  9.956336240720951309e+02  9.963748509705606011e+02  9.970708080139111189e+02
358 7161 8.813531e-01 2.617856e+01  9.928700000000000045e+02  9.953667799787712056e+02  9.966359097111057963e+02  9.971115156884505950e+02
359 7181 8.792060e-01 2.618108e+01  9.928700000000000045e+02  9.955408206266780553e+02  9.963087444568287765e+02  9.972311011317830207e+02
360 7201 8.754989e-01 2.620900e+01  9.928700000000000045e+02  9.949393389233854350e+02  9.962859503090403450e+02  9.971704947687177309e+02
361 7221 8.766318e-01 2.624257e+01  9.928700000000000045e+02  9.948463580768388965e+02  9.964674197962553990e+02  9.973240403908455392e+02
362 7241 8.839201e-01 2.625756e+01  9.928700000000000045e+02  9.950335206941642809e+02  9.966476050197411496e+02  9.971956812817948048e+02
363 7261 8.938791e-01 2.628396e+01  9.928700000000000045e+02  9.953099999999999454e+02  9.966261728832674862e+02  9.971918069533585367e+02
364 7281 8.958734e-01 2.630566e+01  9.928700000000000045e+02  9.947211558460493279e+02  9.966944741092528375e+02  9.971769044944544476e+02
365 7301 9.001144e-01 2.637577e+01  9.928700000000000045e+02  9.948512596761277109e+02  9.966265387243151963e+02  9.971363531510048688e+02
366 7321 9.055502e-01 2.643322e+01  9.928700000000000045e+02  9.954534538627818847e+02  9.965880172496601972e+02  9.972873929182824213e+02
367 7341 9.133796e-01 2.646987e+01  9.928700000000000045e+02  9.956383472448120528e+02  9.964550868471303602e+02  9.969621098538863180e+02
368 7361 9.150819e-01 2.650368e+01  9.928700000000000045e+02  9.953474315801270222e+02  9.965479961847586310e+02  9.972331286763542266e+02
369 7381 9.162916e-01 2.657010e+01  9.928700000000000045e+02  9.956286774237182726e+02  9.964586020753716866e+02  9.969647840921500119e+02
370 7401 9.195494e-01 2.659852e+01  9.928700000000000045e+02  9.957278272216979076e+02  9.967160406645025432e+02  9.970809854124030380e+02
371 7421 9.236286e-01 2.664727e+01  9.928700000000000045e+02  9.940758642454121627e+02  9.965488189124266682e+02  9.972177988762632594e+02
372 7441 9.264021e-01 2.670174e+01  9.928700000000000045e+02  9.958418524272220793e+02  9.968237741688183178e+02  9.971014990947859360e+02
373 7461 9.308752e-01 2.675507e+01  9.928700000000000045e+02  9.954424608835183790e+02  9.965074611417107917e+02  9.974066164503959726e+02
374 7481 9.352729e-01 2.680002e+01  9.928700000000000045e+02  9.954976277990342624e+02  9.964242936363000354e+02  9.972844592747925390e+02
375 7501 9.424993e-01 2.683614e+01  9.928700000000000045e+02  9.959211172090406308e+02  9.966263758879407533e+02  9.973080754406588539e+02
376 7521 9.512537e-01 2.686010e+01  9.928700000000000045e+02  9.957599999999999909e+02  9.965974068181056964e+02  9.970573951807479034e+02
377 7541 9.584790e-01 2.688213e+01  9.928700000000000045e+02  9.954323162243106253e+02  9.967083077636411872e+02  9.971028629318898311e+02
378 7561 9.652559e-01 2.690709e+01  9.928700000000000045e+02  9.953708968852705539e+02  9.966349232908434033e+02  9.971900000000000546e+02
379 7581 9.722363e-01 2.693359e+01  9.928700000000000045e+02  9.959900000000000091e+02  9.965619222969830844e+02  9.973565018990607314e+02
380 7601 9.785966e-01 2.698554e+01  9.928700000000000045e+02  9.957852973175190527e+02  9.965483840316823034e+02  9.972769134406373723e+02
381 7621 9.861797e-01 2.703602e+01  9.928700000000000045e+02  9.957565964632208306e+02  9.965671476442787480e+02  9.973667683070417525e+02
382 7641 9.909533e-01 2.708248e+01  9.928700000000000045e+02  9.953500000000000227e+02  9.966120849579099286e+02  9.971804095865732052e+02
383 7661 1.000014e+00 2.713147e+01  9.928700000000000045e+02  9.949858469942182637e+02  9.967492570392851121e+02  9.971299999999999955e+02
384 7681 1.002829e+00 2.716990e+01  9.928700000000000045e+02  9.947560931505884128e+02  9.966565373665891912e+02  9.973847836412671768e+02
385 7701 1.012349e+00 2.723069e+01  9.928700000000000045e+02  9.946430032933783423e+02  9.966653568809701937e+02  9.973347318126457139e+02
386 7721 1.020443e+00 2.726945e+01  9.928700000000000045e+02  9.950299999999999727e+02  9.966292130977692523e+02  9.972669949670495271e+02
387 7741 1.032462e+00 2.730332e+01  9.928700000000000045e+02  9.953831151907380672e+02  9.966651804349535269e+02  9.971746436138537319e+02
388 7761 1.043205e+00 2.733795e+01  9.928700000000000045e+02  9.950869873763690521e+02  9.966637505016667546e+02  9.972217961281216958e+02
389 7781 1.052987e+00 2.738596e+01  9.928700000000000045e+02  9.944191478247843179e+02  9.967922698220965003e+02  9.972317906644390177e+02
390 7801 1.064445e+00 2.743633e+01  9.928700000000000045e+02  9.956299999999999955e+02  9.966344832749252873e+02  9.969900000000000091e+02
391 7821 1.073926e+00 2.746982e+01  9.928700000000000045e+02  9.956253492097475828e+02  9.964407929360932030e+02  9.972536357874495252e+02
392 7841 1.081590e+00 2.750759e+01  9.928700000000000045e+02  9.948265863909792870e+02  9.963758298534401092e+02  9.970174747911967188e+02
393 7861 1.086881e+00 2.754995e+01  9.928700000000000045e+02  9.958278772687356195e+02  9.967267349421624658e+02  9.975864422505842413e+02
394 7881 1.090872e+00 2.758188e+01  9.928700000000000045e+02  9.958463005480160746e+02  9.965465480027803551e+02  9.973253768109856310e+02
395 7901 1.088435e+00 2.762150e+01  9.928700000000000045e+02  9.960445142842545465e+02  9.967849999999999682e+02  9.972533151935765545e+02
396 7921 1.085423e+00 2.763060e+01  9.928700000000000045e+02  9.960257494100687836e+02  9.967710042954605569e+02  9.971503465069455387e+02
397 7941 1.081454e+00 2.764790e+01  9.928700000000000045e+02  9.949918788822286615e+02  9.966869957259102648e+02  9.973505892406986959e+02
398 7961 1.077117e+00 2.768160e+01  9.928700000000000045e+02  9.954526336740320858e+02  9.965607662364773205e+02  9.974640283316487057e+02
399 7981 1.070685e+00 2.771010e+01  9.928700000000000045e+02  9.960553487593076625e+02  9.966301073901918244e+02  9.973639807264945603e+02
400 8001 1.069113e+00 2.771700e+01  9.928700000000000045e+02  9.959083361465575308e+02  9.965547464514213516e+02  9.971871512098678068e+02
401 8021 1.069343e+00 2.772673e+01  9.928700000000000045e+02  9.956334526286060509e+02  9.967366861997131764e+02  9.973325899616492052e+02
402 8041 1.072312e+00 2.773453e+01  9.928700000000000045e+02  9.956247076355103900e+02  9.967091393907559222e+02  9.971355560355992793e+02
403 8061 1.069595e+00 2.774770e+01  9.928700000000000045e+02  9.958889204692255817e+02  9.966987772350020123e+02  9.970186020957609117e+02
404 8081 1.072108e+00 2.776186e+01  9.928700000000000045e+02  9.959758534033722981e+02  9.965686635175013635e+02  9.972999999999999545e+02
405 8101 1.080542e+00 2.779039e+01  9.928700000000000045e+02  9.960118562452838660e+02  9.965997877282081845e+02  9.970900000000000318e+02
406 8121 1.087750e+00 2.781461e+01  9.928700000000000045e+02  9.955965766573903011e+02  9.965000797643270971e+02  9.972899999999999636e+02
407 8141 1.094922e+00 2.782894e+01  9.928700000000000045e+02  9.956067284831931374e+02  9.965086780069073029e+02  9.972554771227172523e+02
408 8161 1.100587e+00 2.785158e+01  9.928700000000000045e+02  9.954135459326068940e+02  9.967342057942634028e+02  9.972400000000000091e+02
409 8181 1.114597e+00 2.785964e+01  9.928700000000000045e+02  9.957551674308401743e+02  9.964668869889638927e+02  9.973974165615544507e+02
410 8201 1.133286e+00 2.787995e+01  9.928700000000000045e+02  9.956781174963072090e+02  9.967263408714354682e+02  9.973369885038390521e+02
411 8221 1.150247e+00 2.788759e+01  9.928700000000000045e+02  9.959439541084632310e+02  9.966121791780525427e+02  9.972518847872420338e+02
412 8241 1.170635e+00 2.790053e+01  9.928700000000000045e+02  9.949700000000000273e+02  9.965746634690169685e+02  9.973212406455209020e+02
413 8261 1.186928e+00 2.792414e+01  9.928700000000000045e+02  9.960515194454768562e+02  9.966849999999999454e+02  9.971831131097166008e+02
414 8281 1.198197e+00 2.795260e+01  9.928700000000000045e+02  9.961399999999999864e+02  9.968050000000000637e+02  9.972444125154402172e+02
415 8301 1.211193e+00 2.796781e+01  9.928700000000000045e+02  9.957008397231883237e+02  9.968404497664869268e+02  9.971343761136711237e+02
416 8321 1.217152e+00 2.797730e+01  9.928700000000000045e+02  9.960000000000000000e+02  9.966807745639166569e+02  9.970063799432176666e+02
417 8341 1.222778e+00 2.799613e+01  9.928700000000000045e+02  9.954422045630797129e+02  9.967944182949634069e+02  9.972747196503429450e+02
418 8361 1.233701e+00 2.800456e+01  9.928700000000000045e+02  9.955162375952606908e+02  9.968909894290868579e+02  9.974612019091854336e+02
419 8381 1.247094e+00 2.801434e+01  9.928700000000000045e+02  9.957976196954754187e+02  9.966587827691935217e+02  9.971330841843482631e+02
420 8401 1.252629e+00 2.802710e+01  9.928700000000000045e+02  9.948108918777247709e+02  9.966819916792563845e+02  9.974606133429222155e+02
421 8421 1.256753e+00 2.804755e+01  9.928700000000000045e+02  9.957110561797601349e+02  9.967716943393265865e+02  9.973510634283380796e+02
422 8441 1.257935e+00 2.806271e+01  9.928700000000000045e+02  9.959340638561525338e+02  9.968237314182197224e+02  9.974409785468709515e+02
423 8461 1.258057e+00 2.806983e+01  9.928700000000000045e+02  9.955871006872692988e+02  9.967927522754746406e+02  9.976146270156026503e+02
424 8481 1.261778e+00 2.808555e+01  9.928700000000000045e+02  9.956705341721309424e+02  9.966526462927520242e+02  9.999743845630492842e+02
425 8501 1.267587e+00 2.813005e+01  9.928700000000000045e+02  9.954625387458067962e+02  9.964310998731899645e+02  9.973700000000000045e+02
426 8521 1.271862e+00 2.815926e+01  9.928700000000000045e+02  9.956499999999999773e+02  9.968403916691064524e+02  9.973403827081258441e+02
427 8541 1.275255e+00 2.816639e+01  9.928700000000000045e+02  9.955199999999999818e+02  9.966478413123054452e+02  9.973687711159440141e+02
428 8561 1.277792e+00 2.818206e+01  9.928700000000000045e+02  9.961283320549835025e+02  9.964941534110557768e+02  9.975346879342462216e+02
429 8581 1.282634e+00 2.819976e+01  9.928700000000000045e+02  9.959199999999999591e+02  9.967766954076050752e+02  9.972881686201363891e+02
430 8601 1.284984e+00 2.820060e+01  9.928700000000000045e+02  9.960169038234585059e+02  9.967148822108800914e+02  9.979776105963715054e+02
431 8621 1.289024e+00 2.820835e+01  9.928700000000000045e+02  9.959337214825897036e+02  9.966714793689820908e+02  9.972815378864310105e+02
432 8641 1.294780e+00 2.821726e+01  9.928700000000000045e+02  9.953828602338733162e+02  9.966061069465627043e+02  9.972799999999999727e+02
433 8661 1.299207e+00 2.822231e+01  9.928700000000000045e+02  9.954875011082376659e+02  9.968400000000000318e+02  9.973837443124028823e+02
434 8681 1.297356e+00 2.822610e+01  9.928700000000000045e+02  9.957110808396429320e+02  9.966535910518937271e+02  9.973961590626271345e+02
435 8701 1.296574e+00 2.824277e+01  9.928700000000000045e+02  9.954771664578156560e+02  9.966742298876613404e+02  9.974368375026033391e+02
436 8721 1.298254e+00 2.825818e+01  9.928700000000000045e+02  9.954217857790944208e+02  9.967907446867051249e+02  9.978269580208642537e+02
437 8741 1.302692e+00 2.826291e+01  9.928700000000000045e+02  9.960039176250470518e+02  9.966024637446205361e+02  9.973700000000000045e+02
438 8761 1.311538e+00 2.826944e+01  9.928700000000000045e+02  9.949725255855859132e+02  9.963499999999999091e+02  9.972115211510586050e+02
439 8781 1.314755e+00 2.827484e+01  9.928700000000000045e+02  9.959199999999999591e+02  9.966889909690225977e+02  9.973899999999999864e+02
440 8801 1.313923e+00 2.827456e+01  9.928700000000000045e+02  9.959070799013527449e+02  9.968778800258248793e+02  9.976482388061119764e+02
441 8821 1.316349e+00 2.828064e+01  9.928700000000000045e+02  9.943246703842955867e+02  9.968064271377650130e+02  9.974800000000000182e+02
442 8841 1.320374e+00 2.827783e+01  9.928700000000000045e+02  9.960800000000000409e+02  9.968272175068917704e+02  9.974362029489706174e+02
443 8861 1.325886e+00 2.829304e+01  9.928700000000000045e+02  9.952534016679885553e+02  9.968512828287751972e+02  9.973857929960521460e+02
444 8881 1.335424e+00 2.830530e+01  9.928700000000000045e+02  9.957921544819039354e+02  9.968147364224497551e+02  9.978300000000000409e+02
445 8901 1.345498e+00 2.830421e+01  9.928700000000000045e+02  9.962869968031931194e+02  9.967684618372115892e+02  9.973727965703241125e+02
446 8921 1.348602e+00 2.829835e+01  9.928700000000000045e+02  9.959805122616496647e+02  9.967585249261364879e+02  9.973949085163352493e+02
447 8941 1.350731e+00 2.829869e+01  9.928700000000000045e+02  9.955020302268658270e+02  9.966202068317011253e+02  9.973089221070160875e+02
448 8961 1.346210e+00 2.829706e+01  9.928700000000000045e+02  9.955716077064270166e+02  9.968818799382250972e+02  9.974341946316211533e+02
449 8981 1.340913e+00 2.829864e+01  9.928700000000000045e+02  9.961915989623911400e+02  9.968386893676661202e+02  9.974492265691411603e+02
450 9001 1.332644e+00 2.829506e+01  9.928700000000000045e+02  9.955322750124373670e+02  9.967393630947071870e+02  9.975900000000000318e+02
451 9021 1.324096e+00 2.830732e+01  9.928700000000000045e+02  9.951429468692994078e+02  9.965521650231132753e+02  9.974162661236321128e+02
452 9041 1.310294e+00 2.831314e+01  9.928700000000000045e+02  9.953256384952438793e+02  9.967611374682368250e+02  9.973500000000000227e+02
453 9061 1.298337e+00 2.831747e+01  9.928700000000000045e+02  9.962656992931622426e+02  9.966634135275093058e+02  9.972585815329332490e+02
454 9081 1.284670e+00 2.832965e+01  9.928700000000000045e+02  9.959968964995006218e+02  9.968343084213106522e+02  9.972885432331678430e+02
455 9101 1.273601e+00 2.833995e+01  9.928700000000000045e+02  9.950138481080826978e+02  9.966063906031229180e+02  9.979202783248380229e+02
456 9121 1.263506e+00 2.833188e+01  9.928700000000000045e+02  9.953353220101182615e+02  9.965850000000000364e+02  9.973607530432578869e+02
457 9141 1.251609e+00 2.832504e+01  9.928700000000000045e+02  9.959431299948166725e+02  9.966980557701946282e+02  9.973689578069846675e+02
458 9161 1.242405e+00 2.833283e+01  9.928700000000000045e+02  9.955112014410849497e+02  9.966853939719322852e+02  9.972738083647055873e+02
459 9181 1.234053e+00 2.833198e+01  9.928700000000000045e+02  9.955741702226719099e+02  9.966697770220312123e+02  9.999871858018356079e+02
460 9201 1.228490e+00 2.833510e+01  9.928700000000000045e+02  9.959354021787275997e+02  9.968325135058198612e+02  9.973808901446974460e+02
461 9221 1.223852e+00 2.833819e+01  9.928700000000000045e+02  9.957245502682238794e+02  9.966125178317324753e+02  9.975524954589877780e+02
462 9241 1.216535e+00 2.833397e+01  9.928700000000000045e+02  9.959700000000000273e+02  9.968963205031691359e+02  9.975553197478528773e+02
463 9261 1.206446e+00 2.833006e+01  9.928700000000000045e+02  9.951264967935615005e+02  9.967366302826753781e+02  9.972975406802560201e+02
464 9281 1.192273e+00 2.834166e+01  9.928700000000000045e+02  9.954020652028493714e+02  9.967446947084714566e+02  9.974606485205753188e+02
465 9301 1.182119e+00 2.835074e+01  9.928700000000000045e+02  9.958941216446991120e+02  9.965072738758767628e+02  9.973524031255929003e+02
466 9321 1.180136e+00 2.834638e+01  9.928700000000000045e+02  9.955099999999999909e+02  9.966660439614179268e+02  9.973700000000000045e+02
467 9341 1.177307e+00 2.834173e+01  9.928700000000000045e+02  9.963899999999999864e+02  9.968838795354855620e+02  9.975627111408110750e+02
468 9361 1.174717e+00 2.834219e+01  9.928700000000000045e+02  9.954252136561697171e+02  9.967050000000000409e+02  9.973004314665145102e+02
469 9381 1.176948e+00 2.834978e+01  9.928700000000000045e+02  9.959406727841031852e+02  9.967435028648440039e+02  9.972764123641444485e+02
470 9401 1.181616e+00 2.835361e+01  9.928700000000000045e+02  9.955915352651292096e+02  9.966766709663363599e+02  9.975903911934578900e+02
471 9421 1.187149e+00 2.835368e+01  9.928700000000000045e+02  9.954600000000000364e+02  9.967583379090215203e+02  9.975224104392765412e+02
472 9441 1.189765e+00 2.836263e+01  9.928700000000000045e+02  9.953929058699035295e+02  9.967052255097667057e+02  9.974254636213545382e+02
473 9461 1.191368e+00 2.835733e+01  9.928700000000000045e+02  9.949443842722536147e+02  9.963543503936058414e+02  9.971236210909382862e+02
474 9481 1.196924e+00 2.836529e+01  9.928700000000000045e+02  9.957562039272409038e+02  9.967782277563198932e+02  9.974234549055613570e+02
475 9501 1.204046e+00 2.836316e+01  9.928700000000000045e+02  9.953264505412558947e+02  9.967642801819284841e+02  9.970000000000000000e+02
476 9521 1.206909e+00 2.836274e+01  9.928700000000000045e+02  9.958210843647582351e+02  9.967635406329600301e+02  9.978585565953972036e+02
477 9541 1.213184e+00 2.836478e+01  9.928700000000000045e+02  9.956776179161598748e+02  9.967817702070913128e+02  9.970942042388234086e+02
478 9561 1.219356e+00 2.837550e+01  9.928700000000000045e+02  9.959001774022621021e+02  9.967515510352345700e+02  9.983753140408679201e+02
479 9581 1.223298e+00 2.838518e+01  9.928700000000000045e+02  9.958266545443729001e+02  9.966921472582837396e+02  9.970811702650358939e+02
480 9601 1.226108e+00 2.837878e+01  9.928700000000000045e+02  9.959263590447214938e+02  9.968477689857061250e+02  9.973919234302435370e+02
481 9621 1.222185e+00 2.838758e+01  9.928700000000000045e+02  9.959638716152581992e+02  9.967491475527665443e+02  9.999895708161401444e+02
482 9641 1.221844e+00 2.839781e+01  9.928700000000000045e+02  9.954536865789403919e+02  9.968295830278468657e+02  9.975213350220008124e+02
483 9661 1.224403e+00 2.839686e+01  9.928700000000000045e+02  9.954961231830336601e+02  9.967795822759966313e+02  9.974606546004064285e+02
484 9681 1.225032e+00 2.839818e+01  9.928700000000000045e+02  9.958874761637413258e+02  9.967176556703514052e+02  9.973937122350142772e+02
485 9701 1.224097e+00 2.842427e+01  9.928700000000000045e+02  9.952984916519816352e+02  9.968785769686769527e+02  9.975660366225155258e+02
486 9721 1.216233e+00 2.843461e+01  9.928700000000000045e+02  9.952024006959413782e+02  9.966451195426247978e+02  9.974669526946831866e+02
487 9741 1.209293e+00 2.844917e+01  9.928700000000000045e+02  9.955119196067410030e+02  9.966414554511351298e+02  9.999932883687748699e+02
488 9761 1.202427e+00 2.845180e+01  9.928700000000000045e+02  9.959816863174855825e+02  9.966328663593470765e+02  9.980285197683327851e+02
489 9781 1.192425e+00 2.846568e+01  9.928700000000000045e+02  9.941922752405272377e+02  9.964834416829824022e+02  9.971653837911109122e+02
490 9801 1.186461e+00 2.847264e+01  9.928700000000000045e+02  9.947433233351817989e+02  9.965638779048650804e+02  9.971799999999999500e+02
491 9821 1.182395e+00 2.847682e+01  9.928700000000000045e+02  9.953858152516874043e+02  9.966911951009665245e+02  9.975046102089083888e+02
492 9841 1.178436e+00 2.848252e+01  9.928700000000000045e+02  9.961676458096204669e+02  9.967072417133663293e+02  9.973040062638533527e+02
493 9861 1.171997e+00 2.849161e+01  9.928700000000000045e+02  9.952842280725670889e+02  9.967278640143993016e+02  9.980025408387356265e+02
494 9881 1.168749e+00 2.848614e+01  9.928700000000000045e+02  9.952500000000000000e+02  9.966513471052192017e+02  9.971542164491582980e+02
495 9901 1.152642e+00 2.851551e+01  9.928700000000000045e+02  9.955476130455339216e+02  9.966263520054789069e+02  9.972077089585676504e+02
496 9921 1.137231e+00 2.852606e+01  9.928700000000000045e+02  9.954950055963580553e+02  9.966381847492170891e+02  9.973600000000000136e+02
497 9941 1.122175e+00 2.853607e+01  9.928700000000000045e+02  9.961044012945732220e+02  9.966313198734536627e+02  9.975394482857666389e+02
498 9961 1.108401e+00 2.855081e+01  9.928700000000000045e+02  9.956709238869202636e+02  9.966436549462301855e+02  9.974020761275201039e+02
499 9981 1.092050e+00 2.855883e+01  9.928700000000000045e+02  9.962039746339804651e+02  9.968029901749773671e+02  9.972779326729274771e+02
500 10001 1.083227e+00 2.856628e+01  9.928700000000000045e+02  9.957500000000000000e+02  9.968379140641006870e+02  9.974506733854685763e+02
501 10021 1.078497e+00 2.856760e+01  9.928700000000000045e+02  9.953193310217382077e+02  9.963015823039829684e+02  9.971344988995593894e+02
502 10041 1.073518e+00 2.857672e+01  9.928700000000000045e+02  9.958777781634506709e+02  9.966657268719504827e+02  9.974191154844634184e+02
503 10061 1.069364e+00 2.860774e+01  9.928700000000000045e+02  9.957007491570842603e+02  9.965559603846438677e+02  9.971984076682641671e+02
504 10081 1.063440e+00 2.861424e+01  9.928700000000000045e+02  9.956338339244659892e+02  9.967136601166714627e+02  9.972899999999999636e+02
505 10101 1.051454e+00 2.862681e+01  9.928700000000000045e+02  9.948071906729886678e+02  9.966789703138422283e+02  9.974426044410378154e+02
506 10121 1.041960e+00 2.864022e+01  9.928700000000000045e+02  9.940809111343303357e+02  9.963322238707721681e+02  9.972825584571700119e+02
507 10141 1.031860e+00 2.865188e+01  9.928700000000000045e+02  9.961284259275314525e+02  9.965851296527532668e+02  9.970130984372754028e+02
508 10161 1.027430e+00 2.866981e+01  9.928700000000000045e+02  9.945419349390618891e+02  9.967750104306910544e+02  9.974715726861549001e+02
509 10181 1.022669e+00 2.867241e+01  9.928700000000000045e+02  9.950781578411820192e+02  9.965127204663631346e+02  9.970499999999999545e+02
510 10201 1.010938e+00 2.868415e+01  9.928700000000000045e+02  9.956644898767211771e+02  9.966635949117751352e+02  9.972726759973899107e+02
511 10221 1.003462e+00 2.869411e+01  9.928700000000000045e+02  9.961922411966412483e+02  9.967255085219956072e+02  9.972429947211126091e+02
512 10241 1.003640e+00 2.870424e+01  9.928700000000000045e+02  9.958680731836168434e+02  9.965999054899173188e+02  9.971328374303616329e+02
513 10261 1.006292e+00 2.872195e+01  9.928700000000000045e+02  9.952125060992041199e+02  9.963457010424003784e+02  9.970451611891736547e+02
514 10281 1.013053e+00 2.874196e+01  9.928700000000000045e+02  9.955099999999999909e+02  9.965511128031694170e+02  9.972673535079854901e+02
515 10301 1.019692e+00 2.875616e+01  9.928700000000000045e+02  9.948157070218194349e+02  9.967499998684502316e+02  9.972169975506262745e+02
516 10321 1.026985e+00 2.876887e+01  9.928700000000000045e+02  9.958768425790825631e+02  9.964210101651744935e+02  9.971782406531393690e+02
517 10341 1.035052e+00 2.877685e+01  9.928700000000000045e+02  9.951204770436895615e+02  9.965672444181032006e+02  9.973500000000000227e+02
518 10361 1.046573e+00 2.881001e+01  9.928700000000000045e+02  9.957256504831535722e+02  9.965800934956680521e+02  9.972671833346346375e+02
519 10381 1.050800e+00 2.881855e+01  9.928700000000000045e+02  9.953951182898319985e+02  9.965896000674326842e+02  9.979165483267740910e+02
520 10401 1.050059e+00 2.883519e+01  9.928700000000000045e+02  9.952736987578329035e+02  9.964096386042145923e+02  9.972643754927762529e+02
521 10421 1.050633e+00 2.883735e+01  9.928700000000000045e+02  9.951949664066296464e+02  9.967984225915884053e+02  9.971620309889525515e+02
522 10441 1.051639e+00 2.884431e+01  9.928700000000000045e+02  9.958307712173052550e+02  9.965449999999999591e+02  9.972740178544967193e+02
523 10461 1.051489e+00 2.887641e+01  9.928700000000000045e+02  9.957365058102661806e+02  9.963856970986912529e+02  9.971476556074359223e+02
524 10481 1.047974e+00 2.888921e+01  9.928700000000000045e+02  9.952684090025702517e+02  9.966024564077017658e+02  9.972721083936471587e+02
525 10501 1.046217e+00 2.889066e+01  9.928700000000000045e+02  9.945922543311377240e+02  9.965990583826096554e+02  9.970442601237596136e+02
526 10521 1.045836e+00 2.890655e+01  9.928700000000000045e+02  9.955299999999999727e+02  9.966185938270314182e+02  9.972477392518247825e+02
527 10541 1.047226e+00 2.892503e+01  9.928700000000000045e+02  9.954954193141237511e+02  9.966069583316451599e+02  9.972999999999999545e+02
528 10561 1.051811e+00 2.894241e+01  9.928700000000000045e+02  9.951252082399639676e+02  9.964745417009071389e+02  9.970746536197955265e+02
529 10581 1.059052e+00 2.894800e+01  9.928700000000000045e+02  9.955361666678040820e+02  9.965609864889186156e+02  9.973063350739962516e+02
530 10601 1.066703e+00 2.895498e+01  9.928700000000000045e+02  9.946290409600525209e+02  9.964549999999999272e+02  9.972435284841511702e+02
531 10621 1.069303e+00 2.896076e+01  9.928700000000000045e+02  9.953200000000000500e+02  9.966110758628902886e+02  9.983305062299467636e+02
532 10641 1.066935e+00 2.896709e+01  9.928700000000000045e+02  9.956200000000000045e+02  9.966187015637356126e+02  9.971939315639236838e+02
533 10661 1.067153e+00 2.897161e+01  9.928700000000000045e+02  9.956472742707396719e+02  9.965372872295160960e+02  9.972578277675451091e+02
534 10681 1.065139e+00 2.897683e+01  9.928700000000000045e+02  9.957427379833112582e+02  9.966476106706448945e+02  9.973155097375415608e+02
535 10701 1.064009e+00 2.898727e+01  9.928700000000000045e+02  9.948306292414376912e+02  9.966535507104138105e+02  9.971664961889190408e+02
536 10721 1.063780e+00 2.897202e+01  9.928700000000000045e+02  9.956223946125128350e+02  9.963496559068061060e+02  9.972021147215948531e+02
537 10741 1.062652e+00 2.898635e+01  9.928700000000000045e+02  9.958638867124075205e+02  9.965177203985915639e+02  9.971789699064427168e+02
538 10761 1.060106e+00 2.899203e+01  9.928700000000000045e+02  9.953272922552206410e+02  9.966135722716894634e+02  9.970794061862111448e+02
539 10781 1.057475e+00 2.900551e+01  9.928700000000000045e+02  9.953536353483781340e+02  9.964174188622114343e+02  9.971093476911994458e+02
540 10801 1.052848e+00 2.901322e+01  9.928700000000000045e+02  9.952000000000000455e+02  9.965650000000000546e+02  9.972518683273035549e+02
541 10821 1.046926e+00 2.902759e+01  9.928700000000000045e+02  9.955516428325809102e+02  9.964828743152247625e+02  9.969245029803207672e+02
542 10841 1.041798e+00 2.903056e+01  9.928700000000000045e+02  9.949299999999999500e+02  9.963264530202978904e+02  9.969769217779370365e+02
543 10861 1.029330e+00 2.903880e+01  9.928700000000000045e+02  9.955420719013084181e+02  9.965380914758591189e+02  9.969680220122938863e+02
544 10881 1.022588e+00 2.905121e+01  9.928700000000000045e+02  9.953957961030415618e+02  9.964765240797319166e+02  9.972300000000000182e+02
545 10901 1.018964e+00 2.906217e+01  9.928700000000000045e+02  9.952827031183483086e+02  9.964215244427534799e+02  9.973932713968604276e+02
546 10921 1.015907e+00 2.908121e+01  9.928700000000000045e+02  9.943373650360491638e+02  9.963070010390570133e+02  9.969400000000000546e+02
547 10941 1.018092e+00 2.908865e+01  9.928700000000000045e+02  9.957347380966880337e+02  9.964263875722509738e+02  9.970004212439251887e+02
548 10961 1.018845e+00 2.911438e+01  9.928700000000000045e+02  9.957000000000000455e+02  9.965733340066042274e+02  9.969404968839678531e+02
549 10981 1.022277e+00 2.912707e+01  9.928700000000000045e+02  9.954099999999999682e+02  9.965138761348093794e+02  9.972621427639479634e+02
550 11001 1.025052e+00 2.913107e+01  9.928700000000000045e+02  9.956013154169023665e+02  9.964511642207042996e+02  9.969389750183963770e+02
551 11021 1.027043e+00 2.915194e+01  9.928700000000000045e+02  9.950705289810413205e+02  9.964112101827817014e+02  9.970689426710029011e+02
552 11041 1.029789e+00 2.915511e+01  9.928700000000000045e+02  9.955075020173525218e+02  9.965283156758187033e+02  9.973577314256896216e+02
553 11061 1.034670e+00 2.915390e+01  9.928700000000000045e+02  9.948527126783708354e+02  9.964280736986017928e+02  9.973359829485139016e+02
554 11081 1.039780e+00 2.917382e+01  9.928700000000000045e+02  9.960881137766040183e+02  9.966998320011908845e+02  9.974337079284215406e+02
555 11101 1.041364e+00 2.918539e+01  9.928700000000000045e+02  9.947858584257777466e+02  9.963689743878837817e+02  9.971408335474110345e+02
556 11121 1.038739e+00 2.919126e+01  9.928700000000000045e+02  9.954552731231464122e+02  9.966315734122786125e+02  9.972557904229139467e+02
557 11141 1.032678e+00 2.920439e+01  9.928700000000000045e+02  9.955864444353883300e+02  9.966989779621915204e+02  9.986319780367816747e+02
558 11161 1.019672e+00 2.921661e+01  9.928700000000000045e+02  9.954666165650861558e+02  9.967012073661654767e+02  9.986378331730701348e+02
559 11181 1.012928e+00 2.921729e+01  9.928700000000000045e+02  9.957200000000000273e+02  9.965960318441140089e+02  9.969948712936798074e+02
560 11201 1.013524e+00 2.923823e+01  9.928700000000000045e+02  9.951526192944776312e+02  9.964500579236737394e+02  9.972571718442875408e+02
561 11221 1.014972e+00 2.924341e+01  9.928700000000000045e+02  9.955346024416103319e+02  9.964582069306796939e+02  9.972662378023862857e+02
562 11241 1.019638e+00 2.924874e+01  9.928700000000000045e+02  9.954299999999999500e+02  9.965329797000435974e+02  9.974802033475896224e+02
563 11261 1.025173e+00 2.926120e+01  9.928700000000000045e+02  9.948869687017033812e+02  9.966437084827148283e+02  9.986661108217916762e+02
564 11281 1.027854e+00 2.927038e+01  9.928700000000000045e+02  9.952138196460963400e+02  9.964075141509574678e+02  9.971279661789918691e+02
565 11301 1.031704e+00 2.928693e+01  9.928700000000000045e+02  9.959372792093425915e+02  9.967421875454529072e+02  9.977711573022080529e+02
566 11321 1.032580e+00 2.928850e+01  9.928700000000000045e+02  9.955568016495211623e+02  9.966600055949793386e+02  9.985373642883366756e+02
567 11341 1.033022e+00 2.928990e+01  9.928700000000000045e+02  9.958643873975626093e+02  9.966342952093823442e+02  9.972760568267106009e+02
568 11361 1.032430e+00 2.929396e+01  9.928700000000000045e+02  9.955608700627722101e+02  9.965736463016123707e+02  9.969341319641514474e+02
569 11381 1.035373e+00 2.929788e+01  9.928700000000000045e+02  9.952387309522333680e+02  9.965791790117561959e+02  9.973287216516997660e+02
570 11401 1.039050e+00 2.930812e+01  9.928700000000000045e+02  9.954078041431220072e+02  9.965396650950162893e+02  9.972754503964055175e+02
571 11421 1.040827e+00 2.931268e+01  9.928700000000000045e+02  9.958541885919196375e+02  9.966023068272438650e+02  9.973242319974954171e+02
572 11441 1.045025e+00 2.931668e+01  9.928700000000000045e+02  9.952100000000000364e+02  9.965483752697132331e+02  9.971601884264586033e+02
573 11461 1.049556e+00 2.933660e+01  9.928700000000000045e+02  9.953089731191486180e+02  9.963357621776685846e+02  9.972200293123380561e+02
574 11481 1.057344e+00 2.935133e+01  9.928700000000000045e+02  9.957599999999999909e+02  9.964908425416007276e+02  9.973516420448789859e+02
575 11501 1.063925e+00 2.937010e+01  9.928700000000000045e+02  9.951488294643937706e+02  9.965806129043996862e+02  9.970865433565461444e+02
576 11521 1.062507e+00 2.939667e+01  9.928700000000000045e+02  9.948248875409740322e+02  9.963993829479687747e+02  9.969746858830202427e+02
577 11541 1.065903e+00 2.940772e+01  9.928700000000000045e+02  9.953916533093408816e+02  9.967491709703658671e+02  9.973851340085345782e+02
578 11561 1.069781e+00 2.942918e+01  9.928700000000000045e+02  9.956618284595080013e+02  9.966941036635535056e+02  9.985390968845083535e+02
579 11581 1.070491e+00 2.943972e+01  9.928700000000000045e+02  9.954400000000000546e+02  9.968128948605742607e+02  9.974299999999999500e+02
580 11601 1.064751e+00 2.945306e+01  9.928700000000000045e+02  9.954306114322054100e+02  9.965349083091122111e+02  9.968799999999999955e+02
581 11621 1.061614e+00 2.946485e+01  9.928700000000000045e+02  9.947410848282841016e+02  9.964771824400359037e+02  9.970712501430407428e+02
582 11641 1.062426e+00 2.948751e+01  9.928700000000000045e+02  9.952799999999999727e+02  9.966448631941236727e+02  9.974247639614742411e+02
583 11661 1.063042e+00 2.950153e+01  9.928700000000000045e+02  9.954758343694047653e+02  9.963681435265947357e+02  9.970844167065440615e+02
584 11681 1.059860e+00 2.952141e+01  9.928700000000000045e+02  9.953957855066383900e+02  9.965544604161813140e+02  9.975294658415018603e+02
585 11701 1.060713e+00 2.953799e+01  9.928700000000000045e+02  9.952300000000000182e+02  9.966939427413705062e+02  9.972316096558462277e+02
586 11721 1.062858e+00 2.954371e+01  9.928700000000000045e+02  9.957080360020042917e+02  9.966980445942082270e+02  9.974199999999999591e+02
587 11741 1.062614e+00 2.956177e+01  9.928700000000000045e+02  9.949212600035097012e+02  9.964977979800596586e+02  9.971645884133545223e+02
588 11761 1.058258e+00 2.957709e+01  9.928700000000000045e+02  9.956021403500741371e+02  9.965150043040521268e+02  9.972847444221382602e+02
589 11781 1.054412e+00 2.959102e+01  9.928700000000000045e+02  9.954813833537521077e+02  9.964032426758378733e+02  9.971447148768527313e+02
590 11801 1.046149e+00 2.960813e+01  9.928700000000000045e+02  9.953850048903457264e+02  9.965629443631165714e+02  9.999879330401989819e+02
591 11821 1.036453e+00 2.962953e+01  9.928700000000000045e+02  9.957000000000000455e+02  9.963999999999999773e+02  9.970506552336662480e+02
592 11841 1.025300e+00 2.964665e+01  9.928700000000000045e+02  9.955144605863058587e+02  9.965740074661528070e+02  9.977664007565298334e+02
593 11861 1.017157e+00 2.966271e+01  9.928700000000000045e+02  9.954500000000000455e+02  9.964480471004850415e+02  9.971712433883652693e+02
594 11881 1.006621e+00 2.968620e+01  9.928700000000000045e+02  9.960064413267191412e+02  9.965867528408635962e+02  9.971761712340417034e+02
595 11901 9.906678e-01 2.969628e+01  9.928700000000000045e+02  9.961484759464284480e+02  9.964710121311483135e+02  9.971223936071246499e+02
596 11921 9.725400e-01 2.970715e+01  9.928700000000000045e+02  9.956599999999999682e+02  9.965117086241739344e+02  9.969555970202857225e+02
597 11941 9.579927e-01 2.972604e+01  9.928700000000000045e+02  9.953548771631744785e+02  9.966604826351759812e+02  9.972270879311342924e+02
598 11961 9.460154e-01 2.974063e+01  9.928700000000000045e+02  9.948604337120399350e+02  9.962509862523561424e+02  9.971154202403668023e+02
599 11981 9.403018e-01 2.974441e+01  9.928700000000000045e+02  9.954600000000000364e+02  9.964340647748713309e+02  9.980357257469250953e+02
600 12001 9.316478e-01 2.975484e+01  9.928700000000000045e+02  9.943130280606311544e+02  9.964049999999999727e+02  9.970751137687883556e+02
