%  columns="iteration, evaluation, sigma, axis ratio, bestever, best, median, worst fitness function value, further objective values of best" (startseed=213575, 2017/09/14 11:34:50.76)
1 21 1.070731e+00 2.240938e+01  1.000291807367020738e+04  1.000291807367020738e+04  1.000348275872367049e+04  1.000397082843228054e+04
2 41 1.030532e+00 2.241592e+01  1.000254132370326261e+04  1.000254132370326261e+04  1.000323979727336700e+04  1.000370742402611177e+04
3 61 1.002408e+00 2.243547e+01  1.000254132370326261e+04  1.000255048290658124e+04  1.000324569825739309e+04  1.000377098852105337e+04
4 81 9.783745e-01 2.244235e+01  1.000246379653224903e+04  1.000246379653224903e+04  1.000288286782557770e+04  1.000359804327538950e+04
5 101 9.582526e-01 2.244697e+01  1.000246379653224903e+04  1.000250601579767863e+04  1.000280444719558727e+04  1.000421268958740438e+04
6 121 9.402338e-01 2.246019e+01  1.000239031035030712e+04  1.000239031035030712e+04  1.000265233589644413e+04  1.000362315888042031e+04
7 141 9.271509e-01 2.247301e+01  1.000238427344052252e+04  1.000238427344052252e+04  1.000264309596462044e+04  1.000359109963089941e+04
8 161 9.161399e-01 2.248973e+01  1.000233834200360070e+04  1.000233834200360070e+04  1.000261558684524425e+04  1.000385848975840054e+04
9 181 9.038072e-01 2.250170e+01  1.000228201873617581e+04  1.000228201873617581e+04  1.000272772670520862e+04  1.000594121233288752e+04
10 201 8.913430e-01 2.251537e+01  1.000228201873617581e+04  1.000250392111851215e+04  1.000261714512809340e+04  1.000361087431452688e+04
11 221 8.754955e-01 2.252168e+01  1.000228201873617581e+04  1.000241714634299387e+04  1.000273257876325624e+04  1.000349290210045729e+04
12 241 8.625625e-01 2.252284e+01  1.000228201873617581e+04  1.000243261311920469e+04  1.000257257383604519e+04  1.000623716985061947e+04
13 261 8.518433e-01 2.253305e+01  1.000228201873617581e+04  1.000234233755920832e+04  1.000260704314595387e+04  1.000318084069927318e+04
14 281 8.439885e-01 2.253896e+01  1.000228201873617581e+04  1.000235191243624104e+04  1.000256484463502784e+04  1.000293759059563854e+04
15 301 8.422510e-01 2.254294e+01  1.000228201873617581e+04  1.000232887652993304e+04  1.000265469918158669e+04  1.000347705670053620e+04
16 321 8.382988e-01 2.255099e+01  1.000228201873617581e+04  1.000231979900623810e+04  1.000256409793644343e+04  1.000409382805389214e+04
17 341 8.310740e-01 2.256690e+01  1.000225716767581616e+04  1.000225716767581616e+04  1.000254078082074557e+04  1.000322046524220968e+04
18 361 8.258318e-01 2.256544e+01  1.000225716767581616e+04  1.000231328062237117e+04  1.000254792179201286e+04  1.000335025053208665e+04
19 381 8.216101e-01 2.258085e+01  1.000225716767581616e+04  1.000226855702444300e+04  1.000261064158830050e+04  1.000344270671918639e+04
20 401 8.173386e-01 2.258281e+01  1.000225716767581616e+04  1.000229674327201792e+04  1.000253207802733596e+04  1.000353291802633430e+04
21 421 8.158482e-01 2.259540e+01  1.000224161401678430e+04  1.000224161401678430e+04  1.000251325612329856e+04  1.000295127356540070e+04
22 441 8.149995e-01 2.260315e+01  1.000224161401678430e+04  1.000233022075532972e+04  1.000267844994925326e+04  1.000340598928642066e+04
23 461 8.143651e-01 2.261378e+01  1.000224161401678430e+04  1.000230074342280750e+04  1.000265634520770982e+04  1.000525212732991349e+04
24 481 8.135455e-01 2.262691e+01  1.000224161401678430e+04  1.000236713610297920e+04  1.000251683300932200e+04  1.000319900617935127e+04
25 501 8.133270e-01 2.263705e+01  1.000224161401678430e+04  1.000238836322879251e+04  1.000250563525344842e+04  1.000305113053284731e+04
26 521 8.135818e-01 2.263518e+01  1.000224161401678430e+04  1.000232850541143853e+04  1.000257686298278713e+04  1.000334330367843177e+04
27 541 8.130334e-01 2.264262e+01  1.000224161401678430e+04  1.000232538151672088e+04  1.000258323305299564e+04  1.000372704223909022e+04
28 561 8.128673e-01 2.264587e+01  1.000224161401678430e+04  1.000238185949992476e+04  1.000254359356316127e+04  1.000339860400892030e+04
29 581 8.156443e-01 2.265152e+01  1.000224161401678430e+04  1.000233227694058041e+04  1.000244859861298391e+04  1.000322231045740045e+04
30 601 8.231220e-01 2.267099e+01  1.000224161401678430e+04  1.000231582133553093e+04  1.000257685034070892e+04  1.000326193094079099e+04
31 621 8.271575e-01 2.268505e+01  1.000224161401678430e+04  1.000236322962530903e+04  1.000258673277829621e+04  1.000603365967974605e+04
32 641 8.271800e-01 2.269703e+01  1.000224161401678430e+04  1.000234037511986025e+04  1.000258959152913485e+04  1.000340024463548616e+04
33 661 8.303479e-01 2.270652e+01  1.000224161401678430e+04  1.000229288435641683e+04  1.000246440481966238e+04  1.000335948858613301e+04
34 681 8.308949e-01 2.270450e+01  1.000224161401678430e+04  1.000234664630238876e+04  1.000257615520339277e+04  1.000324402532696331e+04
35 701 8.338638e-01 2.271268e+01  1.000224161401678430e+04  1.000229107180023129e+04  1.000252566453380678e+04  1.000368001803448351e+04
36 721 8.319086e-01 2.272126e+01  1.000224161401678430e+04  1.000229704678857888e+04  1.000260510891450394e+04  1.000281798188756875e+04
37 741 8.323169e-01 2.272322e+01  1.000224161401678430e+04  1.000231647310986591e+04  1.000253535374114290e+04  1.000295454979438546e+04
38 761 8.328097e-01 2.272087e+01  1.000224161401678430e+04  1.000226775471176006e+04  1.000254312836505596e+04  1.000295457568243910e+04
39 781 8.333764e-01 2.272585e+01  1.000224161401678430e+04  1.000229577805468398e+04  1.000246008569198966e+04  1.000401123241510504e+04
40 801 8.301921e-01 2.273822e+01  1.000222116502250901e+04  1.000222116502250901e+04  1.000251906364873503e+04  1.000342419714601783e+04
41 821 8.278566e-01 2.274811e+01  1.000222116502250901e+04  1.000228990076473383e+04  1.000259582591310209e+04  1.000343141893699794e+04
42 841 8.313130e-01 2.275655e+01  1.000222116502250901e+04  1.000231842164494083e+04  1.000256167145768086e+04  1.000317545110713763e+04
43 861 8.360073e-01 2.276630e+01  1.000222116502250901e+04  1.000228904304769276e+04  1.000247023813034139e+04  1.000297360914547426e+04
44 881 8.416014e-01 2.277201e+01  1.000222116502250901e+04  1.000231688200695498e+04  1.000248505969135658e+04  1.000332171828742685e+04
45 901 8.442522e-01 2.277247e+01  1.000222116502250901e+04  1.000234080735543830e+04  1.000252633829867591e+04  1.000318673638211476e+04
46 921 8.428514e-01 2.279351e+01  1.000222116502250901e+04  1.000229491701671941e+04  1.000251758293978128e+04  1.000300708069854045e+04
47 941 8.411254e-01 2.279448e+01  1.000222116502250901e+04  1.000222566289308088e+04  1.000245850809853800e+04  1.000290649332183784e+04
48 961 8.381159e-01 2.280067e+01  1.000221571552761452e+04  1.000221571552761452e+04  1.000250918963846925e+04  1.000337152864540258e+04
49 981 8.350201e-01 2.280661e+01  1.000221571552761452e+04  1.000228543000385980e+04  1.000248833615011972e+04  1.000453916604754522e+04
50 1001 8.308203e-01 2.281081e+01  1.000221571552761452e+04  1.000238965876579277e+04  1.000254308169232172e+04  1.000316723341085344e+04
51 1021 8.282826e-01 2.283858e+01  1.000221571552761452e+04  1.000228530130853505e+04  1.000250977137578411e+04  1.000323159064726315e+04
52 1041 8.250454e-01 2.284972e+01  1.000221571552761452e+04  1.000227672879243255e+04  1.000246603136620797e+04  1.000342815614412393e+04
53 1061 8.247041e-01 2.286855e+01  1.000221571552761452e+04  1.000226511796679188e+04  1.000247708125766985e+04  1.000323978576433365e+04
54 1081 8.228620e-01 2.288653e+01  1.000221571552761452e+04  1.000234420517973194e+04  1.000252548443014166e+04  1.000320475608195738e+04
55 1101 8.224280e-01 2.289967e+01  1.000221571552761452e+04  1.000224023161917103e+04  1.000259899602480436e+04  1.000567450298707990e+04
56 1121 8.230268e-01 2.291133e+01  1.000221571552761452e+04  1.000233878304954669e+04  1.000260276481668552e+04  1.000324169495964088e+04
57 1141 8.229002e-01 2.291214e+01  1.000221571552761452e+04  1.000227624444268440e+04  1.000250775309797609e+04  1.000333143730678057e+04
58 1161 8.227662e-01 2.292272e+01  1.000221571552761452e+04  1.000224511461736802e+04  1.000250388044169267e+04  1.000281088967696633e+04
59 1181 8.209298e-01 2.292586e+01  1.000219769243773590e+04  1.000219769243773590e+04  1.000251437231810633e+04  1.000320293418954861e+04
60 1201 8.170885e-01 2.294695e+01  1.000219769243773590e+04  1.000226206650244967e+04  1.000253393396886167e+04  1.000295655385541068e+04
61 1221 8.127866e-01 2.295420e+01  1.000219769243773590e+04  1.000220006601105706e+04  1.000253495660985209e+04  1.000359523949962204e+04
62 1241 8.133394e-01 2.296056e+01  1.000219769243773590e+04  1.000232124721223954e+04  1.000256791540095946e+04  1.000340136683288983e+04
63 1261 8.122111e-01 2.297384e+01  1.000219769243773590e+04  1.000227370141387109e+04  1.000253518535500370e+04  1.000307869958907759e+04
64 1281 8.130194e-01 2.298438e+01  1.000219769243773590e+04  1.000225246070257890e+04  1.000248582996607729e+04  1.000324862161522287e+04
65 1301 8.109419e-01 2.298896e+01  1.000219769243773590e+04  1.000225874672234386e+04  1.000247261957710180e+04  1.000309065389719399e+04
66 1321 8.102358e-01 2.300492e+01  1.000219769243773590e+04  1.000229516703473928e+04  1.000249901119089918e+04  1.000393950392259831e+04
67 1341 8.139751e-01 2.302540e+01  1.000219769243773590e+04  1.000225838159520390e+04  1.000246622866140024e+04  1.000341025085399633e+04
68 1361 8.177043e-01 2.302200e+01  1.000219769243773590e+04  1.000233865875818810e+04  1.000256905098351854e+04  1.000596648628300136e+04
69 1381 8.206749e-01 2.302261e+01  1.000219769243773590e+04  1.000233113753184443e+04  1.000254398635192410e+04  1.000340600343716142e+04
70 1401 8.216488e-01 2.302463e+01  1.000219769243773590e+04  1.000230645145454582e+04  1.000257866014823594e+04  1.000290659923449311e+04
71 1421 8.243237e-01 2.302918e+01  1.000219769243773590e+04  1.000220395213570009e+04  1.000254232671284626e+04  1.000292843549712234e+04
72 1441 8.240690e-01 2.303249e+01  1.000219769243773590e+04  1.000223756802894786e+04  1.000254635015806343e+04  1.000313489241427487e+04
73 1461 8.215050e-01 2.305206e+01  1.000219769243773590e+04  1.000224596968879450e+04  1.000246982246573498e+04  1.000312881225411365e+04
74 1481 8.173115e-01 2.308279e+01  1.000219769243773590e+04  1.000221335498223198e+04  1.000241950880604054e+04  1.000345251130977522e+04
75 1501 8.152537e-01 2.309571e+01  1.000219769243773590e+04  1.000221506531199157e+04  1.000254440418580634e+04  1.000559771374946286e+04
76 1521 8.169866e-01 2.310152e+01  1.000219769243773590e+04  1.000225042130332076e+04  1.000247520466171227e+04  1.000308849274823297e+04
77 1541 8.200762e-01 2.310705e+01  1.000219769243773590e+04  1.000228202358943599e+04  1.000258587781941969e+04  1.000342235582861758e+04
78 1561 8.173366e-01 2.310878e+01  1.000218451763625671e+04  1.000218451763625671e+04  1.000252403328952460e+04  1.000283622420145002e+04
79 1581 8.132740e-01 2.311598e+01  1.000218451763625671e+04  1.000219262401286505e+04  1.000252330244977566e+04  1.000306817265784593e+04
80 1601 8.058215e-01 2.311622e+01  1.000218451763625671e+04  1.000223155310177754e+04  1.000244169142586543e+04  1.000263599623200571e+04
81 1621 7.977328e-01 2.312410e+01  1.000218451763625671e+04  1.000221290971873714e+04  1.000239919821446892e+04  1.000300206058728145e+04
82 1641 7.887309e-01 2.313256e+01  1.000218451763625671e+04  1.000222169194646267e+04  1.000245385357644409e+04  1.000304281068199998e+04
83 1661 7.856916e-01 2.313800e+01  1.000218451763625671e+04  1.000224268859862241e+04  1.000246418074467874e+04  1.000305331873985415e+04
84 1681 7.819470e-01 2.313707e+01  1.000218451763625671e+04  1.000226800449473922e+04  1.000247983167535131e+04  1.000603116386083821e+04
85 1701 7.807308e-01 2.313873e+01  1.000218451763625671e+04  1.000220110513434702e+04  1.000236696367971672e+04  1.000324147435967461e+04
86 1721 7.754087e-01 2.314984e+01  1.000218369106142200e+04  1.000218369106142200e+04  1.000245144408608212e+04  1.000304253794193755e+04
87 1741 7.756452e-01 2.315319e+01  1.000218369106142200e+04  1.000224976267377315e+04  1.000245694027905483e+04  1.000310806674664855e+04
88 1761 7.780661e-01 2.315882e+01  1.000218369106142200e+04  1.000227016498386365e+04  1.000248730684032489e+04  1.000274614022249807e+04
89 1781 7.826574e-01 2.316426e+01  1.000218369106142200e+04  1.000220504137077114e+04  1.000237501034890192e+04  1.000333521822512739e+04
90 1801 7.835993e-01 2.317805e+01  1.000218369106142200e+04  1.000222260779662247e+04  1.000240647110070677e+04  1.000304773463755191e+04
91 1821 7.860143e-01 2.318435e+01  1.000218369106142200e+04  1.000227303676957126e+04  1.000241343650539056e+04  1.000590618475895280e+04
92 1841 7.864638e-01 2.319948e+01  1.000218369106142200e+04  1.000219647216176418e+04  1.000239558682743154e+04  1.000296818839513980e+04
93 1861 7.854715e-01 2.320756e+01  1.000218369106142200e+04  1.000221684951660973e+04  1.000241080753074129e+04  1.000294325358555761e+04
94 1881 7.851437e-01 2.320844e+01  1.000218369106142200e+04  1.000224738335732945e+04  1.000234179039154697e+04  1.000286674242224581e+04
95 1901 7.835260e-01 2.321210e+01  1.000218369106142200e+04  1.000218922455965185e+04  1.000240364082781161e+04  1.000268117176672240e+04
96 1921 7.818861e-01 2.321630e+01  1.000215268954824387e+04  1.000215268954824387e+04  1.000240488757313506e+04  1.000329271233680083e+04
97 1941 7.798588e-01 2.323097e+01  1.000215268954824387e+04  1.000219912240388658e+04  1.000243131951596661e+04  1.000275632678825787e+04
98 1961 7.762891e-01 2.323106e+01  1.000215268954824387e+04  1.000231976493712682e+04  1.000245021118931982e+04  1.000324820359686964e+04
99 1981 7.699378e-01 2.323805e+01  1.000215268954824387e+04  1.000225415349090326e+04  1.000245745469380563e+04  1.000272031585715922e+04
100 2001 7.624594e-01 2.324235e+01  1.000215268954824387e+04  1.000222826866156720e+04  1.000242579158404988e+04  1.000290974605227711e+04
101 2021 7.534211e-01 2.324395e+01  1.000215268954824387e+04  1.000219495326589822e+04  1.000244809005239222e+04  1.000278323593984533e+04
102 2041 7.452480e-01 2.325869e+01  1.000215268954824387e+04  1.000219606617999489e+04  1.000242163324710782e+04  1.000295218709666005e+04
103 2061 7.321027e-01 2.326734e+01  1.000215268954824387e+04  1.000219600193343831e+04  1.000235520617028305e+04  1.000265792766013874e+04
104 2081 7.226188e-01 2.327820e+01  1.000215268954824387e+04  1.000224521667466070e+04  1.000239737080535997e+04  1.000300247893732558e+04
105 2101 7.115314e-01 2.328710e+01  1.000215268954824387e+04  1.000219343584655871e+04  1.000241883624656839e+04  1.000319523529987782e+04
106 2121 7.020262e-01 2.330703e+01  1.000215268954824387e+04  1.000220804823214712e+04  1.000235379154693146e+04  1.000292469776727376e+04
107 2141 6.912172e-01 2.331543e+01  1.000215268954824387e+04  1.000216947598346633e+04  1.000236365253535769e+04  1.000250176589097464e+04
108 2161 6.845804e-01 2.332264e+01  1.000215268954824387e+04  1.000220979389947570e+04  1.000236322803780968e+04  1.000265038120228746e+04
109 2181 6.821708e-01 2.333483e+01  1.000215268954824387e+04  1.000216438554176784e+04  1.000231526571259383e+04  1.000267146739098644e+04
110 2201 6.760483e-01 2.335339e+01  1.000215268954824387e+04  1.000216758203426434e+04  1.000236055225421660e+04  1.000272493194477283e+04
111 2221 6.694149e-01 2.335942e+01  1.000209629500359188e+04  1.000209629500359188e+04  1.000237539797389036e+04  1.000579939182286580e+04
112 2241 6.628665e-01 2.336229e+01  1.000209629500359188e+04  1.000218189892160262e+04  1.000232506237315101e+04  1.000258600706862126e+04
113 2261 6.558436e-01 2.337527e+01  1.000209629500359188e+04  1.000218275478756550e+04  1.000232989526169149e+04  1.000253566763675553e+04
114 2281 6.501970e-01 2.337711e+01  1.000207187587957560e+04  1.000207187587957560e+04  1.000229129748111700e+04  1.000310098919186930e+04
115 2301 6.453440e-01 2.338866e+01  1.000207187587957560e+04  1.000211028770011944e+04  1.000233438278367066e+04  1.000265882495159167e+04
116 2321 6.427009e-01 2.340159e+01  1.000207187587957560e+04  1.000217157766687524e+04  1.000230709589459184e+04  1.000302172296873505e+04
117 2341 6.406145e-01 2.340308e+01  1.000207187587957560e+04  1.000213459936506297e+04  1.000230983286622904e+04  1.000258283442715401e+04
118 2361 6.409676e-01 2.340428e+01  1.000207187587957560e+04  1.000219637805343700e+04  1.000230276958805916e+04  1.000296316608965390e+04
119 2381 6.387807e-01 2.340946e+01  1.000207187587957560e+04  1.000216228625159420e+04  1.000234994269893286e+04  1.000288103508730092e+04
120 2401 6.388031e-01 2.343039e+01  1.000207187587957560e+04  1.000216449932335672e+04  1.000228743114596182e+04  1.000253917467127030e+04
121 2421 6.365115e-01 2.343706e+01  1.000207187587957560e+04  1.000224634425206750e+04  1.000239401687207828e+04  1.000295103627800381e+04
122 2441 6.398264e-01 2.344478e+01  1.000207187587957560e+04  1.000214401506364084e+04  1.000227526677552669e+04  1.000291129916083992e+04
123 2461 6.428533e-01 2.344829e+01  1.000207187587957560e+04  1.000214838404290458e+04  1.000229878271491907e+04  1.000288582497683637e+04
124 2481 6.446070e-01 2.345147e+01  1.000207086955366867e+04  1.000207086955366867e+04  1.000228645483897708e+04  1.000264579993010557e+04
125 2501 6.451890e-01 2.346823e+01  1.000207086955366867e+04  1.000213901736041043e+04  1.000229963989427779e+04  1.000294898860505964e+04
126 2521 6.452771e-01 2.348256e+01  1.000207086955366867e+04  1.000214698359714748e+04  1.000231485356333906e+04  1.000271481351120383e+04
127 2541 6.454448e-01 2.348229e+01  1.000207086955366867e+04  1.000220063487039079e+04  1.000230216938999547e+04  1.000268220753339301e+04
128 2561 6.443474e-01 2.350830e+01  1.000207086955366867e+04  1.000212681170913856e+04  1.000231337790040743e+04  1.000287394881041837e+04
129 2581 6.434444e-01 2.351412e+01  1.000207086955366867e+04  1.000211654424308290e+04  1.000230108628055859e+04  1.000257515336709912e+04
130 2601 6.395394e-01 2.353363e+01  1.000207086955366867e+04  1.000214445449279629e+04  1.000228445477089190e+04  1.000300017792711515e+04
131 2621 6.356642e-01 2.354475e+01  1.000207086955366867e+04  1.000216590721516150e+04  1.000227340209346949e+04  1.000246049207754368e+04
132 2641 6.357524e-01 2.354344e+01  1.000207086955366867e+04  1.000212691191273916e+04  1.000224807728234009e+04  1.000267707958465144e+04
133 2661 6.361834e-01 2.355308e+01  1.000207086955366867e+04  1.000214863645922742e+04  1.000230444284049372e+04  1.000270594553510091e+04
134 2681 6.335926e-01 2.354935e+01  1.000207086955366867e+04  1.000215135595656830e+04  1.000225872079639703e+04  1.000318230313653294e+04
135 2701 6.281065e-01 2.354543e+01  1.000207086955366867e+04  1.000214018222200684e+04  1.000227244434921522e+04  1.000315918069313193e+04
136 2721 6.247409e-01 2.355656e+01  1.000207086955366867e+04  1.000210910432283163e+04  1.000227579049274209e+04  1.000394450645031793e+04
137 2741 6.187119e-01 2.355562e+01  1.000207086955366867e+04  1.000210900529126593e+04  1.000225895021963879e+04  1.000279330517802737e+04
138 2761 6.139273e-01 2.355446e+01  1.000206609257092350e+04  1.000206609257092350e+04  1.000225077996794789e+04  1.000257073846285675e+04
139 2781 6.075044e-01 2.355367e+01  1.000206609257092350e+04  1.000209352284456691e+04  1.000225299657839969e+04  1.000252801202041519e+04
140 2801 6.046912e-01 2.356397e+01  1.000206609257092350e+04  1.000208239905700248e+04  1.000226137718511382e+04  1.000285327105639408e+04
141 2821 5.997920e-01 2.357522e+01  1.000206609257092350e+04  1.000206973258577091e+04  1.000222494046603970e+04  1.000282773276485568e+04
142 2841 5.940210e-01 2.358322e+01  1.000206609257092350e+04  1.000210089025482011e+04  1.000228959871912957e+04  1.000307810868071647e+04
143 2861 5.867593e-01 2.359550e+01  1.000206609257092350e+04  1.000208897353363682e+04  1.000226695923885200e+04  1.000297584117877886e+04
144 2881 5.809016e-01 2.359363e+01  1.000206609257092350e+04  1.000214844014136179e+04  1.000225566648704444e+04  1.000242200579288692e+04
145 2901 5.757547e-01 2.360684e+01  1.000206609257092350e+04  1.000211431369086313e+04  1.000230925793730967e+04  1.000288260396270016e+04
146 2921 5.709021e-01 2.360617e+01  1.000206609257092350e+04  1.000210493109876188e+04  1.000223314508507974e+04  1.000280957277924063e+04
147 2941 5.653899e-01 2.360903e+01  1.000206609257092350e+04  1.000213799136068701e+04  1.000226783134078687e+04  1.000273237407211491e+04
148 2961 5.602343e-01 2.361274e+01  1.000206609257092350e+04  1.000210053461223470e+04  1.000224027281114468e+04  1.000249198804210391e+04
149 2981 5.530604e-01 2.361722e+01  1.000206609257092350e+04  1.000211733161956363e+04  1.000232422268738082e+04  1.000266104419674048e+04
150 3001 5.449923e-01 2.363242e+01  1.000206609257092350e+04  1.000209735789508522e+04  1.000223295227550079e+04  1.000262994401535070e+04
151 3021 5.417087e-01 2.363843e+01  1.000206609257092350e+04  1.000208987863193397e+04  1.000222405102139237e+04  1.000247950725153532e+04
152 3041 5.384435e-01 2.364843e+01  1.000206609257092350e+04  1.000207173041806709e+04  1.000229238982461538e+04  1.000305424679344287e+04
153 3061 5.369604e-01 2.365446e+01  1.000206609257092350e+04  1.000213208431290514e+04  1.000222940490432302e+04  1.000270904479788624e+04
154 3081 5.329302e-01 2.365605e+01  1.000206609257092350e+04  1.000209292294099214e+04  1.000222483720405580e+04  1.000333546065465453e+04
155 3101 5.267971e-01 2.365714e+01  1.000206609257092350e+04  1.000209399525877416e+04  1.000219637099057582e+04  1.000238040851845290e+04
156 3121 5.231306e-01 2.366404e+01  1.000206609257092350e+04  1.000210062918457334e+04  1.000224729037843645e+04  1.000288436139368423e+04
157 3141 5.183358e-01 2.368871e+01  1.000206609257092350e+04  1.000211202150559620e+04  1.000230193313502241e+04  1.000316947836086183e+04
158 3161 5.147613e-01 2.369944e+01  1.000206609257092350e+04  1.000213262450579896e+04  1.000225345838453723e+04  1.000240610226607714e+04
159 3181 5.127704e-01 2.371805e+01  1.000206609257092350e+04  1.000212535271400884e+04  1.000217744433140069e+04  1.000318520372941202e+04
160 3201 5.076340e-01 2.372209e+01  1.000206609257092350e+04  1.000211081199389082e+04  1.000221448128017437e+04  1.000265709304821212e+04
161 3221 5.025657e-01 2.373927e+01  1.000206609257092350e+04  1.000210190907110155e+04  1.000217369263469664e+04  1.000253750371800197e+04
162 3241 4.978688e-01 2.374333e+01  1.000206609257092350e+04  1.000207298438827274e+04  1.000216135895862317e+04  1.000236006750474371e+04
163 3261 4.939155e-01 2.377465e+01  1.000206609257092350e+04  1.000207963454189485e+04  1.000224330532059321e+04  1.000274329431196202e+04
164 3281 4.895141e-01 2.379653e+01  1.000206609257092350e+04  1.000210038445585997e+04  1.000224939962923600e+04  1.000243437886720312e+04
165 3301 4.836310e-01 2.380599e+01  1.000206609257092350e+04  1.000208716160681797e+04  1.000222044993951567e+04  1.000237660689730001e+04
166 3321 4.784701e-01 2.383221e+01  1.000206609257092350e+04  1.000206778357441362e+04  1.000219208941027500e+04  1.000299832993493874e+04
167 3341 4.742905e-01 2.383998e+01  1.000206609257092350e+04  1.000206782850884520e+04  1.000221367169364385e+04  1.000230050834186113e+04
168 3361 4.682454e-01 2.385355e+01  1.000206609257092350e+04  1.000208054100128902e+04  1.000216342351154890e+04  1.000233238162497037e+04
169 3381 4.620183e-01 2.386254e+01  1.000206609257092350e+04  1.000208873858954939e+04  1.000214613444891802e+04  1.000566434860221671e+04
170 3401 4.567432e-01 2.388399e+01  1.000206609257092350e+04  1.000207174910768117e+04  1.000217279222391699e+04  1.000259047032847593e+04
171 3421 4.519586e-01 2.388411e+01  1.000206609257092350e+04  1.000209201115084761e+04  1.000217644929835296e+04  1.000244798769779482e+04
172 3441 4.490355e-01 2.389129e+01  1.000206609257092350e+04  1.000209113629057902e+04  1.000216377331647891e+04  1.000239114326500021e+04
173 3461 4.480821e-01 2.389871e+01  1.000205741092425706e+04  1.000205741092425706e+04  1.000215905388173633e+04  1.000228661581169217e+04
174 3481 4.466486e-01 2.390305e+01  1.000205741092425706e+04  1.000209415660889499e+04  1.000220648156701827e+04  1.000243332900833957e+04
175 3501 4.442332e-01 2.392407e+01  1.000205741092425706e+04  1.000206825309343367e+04  1.000221676536356244e+04  1.000255121411696200e+04
176 3521 4.418009e-01 2.393146e+01  1.000204033830893422e+04  1.000204033830893422e+04  1.000215744748961879e+04  1.000231118405013876e+04
177 3541 4.397896e-01 2.393502e+01  1.000204033830893422e+04  1.000207236710343204e+04  1.000218571335854540e+04  1.000305050059615496e+04
178 3561 4.367788e-01 2.394526e+01  1.000204033830893422e+04  1.000208184670171431e+04  1.000215904254893394e+04  1.000231232293855828e+04
179 3581 4.334789e-01 2.395547e+01  1.000204033830893422e+04  1.000208062064418664e+04  1.000216451031593897e+04  1.000234257956598412e+04
180 3601 4.312537e-01 2.396803e+01  1.000204033830893422e+04  1.000206401327088861e+04  1.000217126317434122e+04  1.000321043365470541e+04
181 3621 4.305316e-01 2.396933e+01  1.000204033830893422e+04  1.000206848764271672e+04  1.000214237898938154e+04  1.000240172585074470e+04
182 3641 4.304849e-01 2.398169e+01  1.000203448004195343e+04  1.000203448004195343e+04  1.000217309439768724e+04  1.000241227352934220e+04
183 3661 4.291022e-01 2.398281e+01  1.000203448004195343e+04  1.000206030780103356e+04  1.000214993039877481e+04  1.000325821296538197e+04
184 3681 4.276432e-01 2.398973e+01  1.000203448004195343e+04  1.000205318813095437e+04  1.000215714720180404e+04  1.000239489933669574e+04
185 3701 4.274829e-01 2.398871e+01  1.000203448004195343e+04  1.000205267472762898e+04  1.000215643765704954e+04  1.000311435574677307e+04
186 3721 4.275138e-01 2.399548e+01  1.000203448004195343e+04  1.000209166796632599e+04  1.000215216168215738e+04  1.000306645886829574e+04
187 3741 4.262605e-01 2.399970e+01  1.000203448004195343e+04  1.000207022409549609e+04  1.000214504668497102e+04  1.000236908580869203e+04
188 3761 4.241794e-01 2.400649e+01  1.000203448004195343e+04  1.000207949063005617e+04  1.000215302482393963e+04  1.000550492210501397e+04
189 3781 4.209333e-01 2.400671e+01  1.000203448004195343e+04  1.000206211328600693e+04  1.000213174991970300e+04  1.000223147657717709e+04
190 3801 4.181822e-01 2.400132e+01  1.000203448004195343e+04  1.000209060997720007e+04  1.000218075569197572e+04  1.000243672961749689e+04
191 3821 4.131993e-01 2.400772e+01  1.000203448004195343e+04  1.000205362511207386e+04  1.000214141715247024e+04  1.000232555872020930e+04
192 3841 4.075800e-01 2.401532e+01  1.000203448004195343e+04  1.000205285432120036e+04  1.000211635607275457e+04  1.000238211845299702e+04
193 3861 4.042318e-01 2.403459e+01  1.000203448004195343e+04  1.000204432619643376e+04  1.000211046166260348e+04  1.000247204772866826e+04
194 3881 3.998025e-01 2.403168e+01  1.000203448004195343e+04  1.000203677078866531e+04  1.000214817029844926e+04  1.000252303368498724e+04
195 3901 3.937677e-01 2.403098e+01  1.000203448004195343e+04  1.000203564123303659e+04  1.000214581364958940e+04  1.000244899292685295e+04
196 3921 3.893573e-01 2.403177e+01  1.000203448004195343e+04  1.000203691649119173e+04  1.000214832988633134e+04  1.000556481154378162e+04
197 3941 3.869655e-01 2.403616e+01  1.000203306766139212e+04  1.000203306766139212e+04  1.000209019964000981e+04  1.000243987893892881e+04
198 3961 3.830571e-01 2.404289e+01  1.000203306766139212e+04  1.000204157988750194e+04  1.000210724993525582e+04  1.000238768830514164e+04
199 3981 3.793790e-01 2.405076e+01  1.000203306766139212e+04  1.000203645549378780e+04  1.000208388853727229e+04  1.000226236741178218e+04
200 4001 3.768748e-01 2.406412e+01  1.000203306766139212e+04  1.000203925093040016e+04  1.000211684247664016e+04  1.000259293651321423e+04
201 4021 3.739730e-01 2.407146e+01  1.000201186081640299e+04  1.000201186081640299e+04  1.000213542873353435e+04  1.000242517048272566e+04
202 4041 3.717335e-01 2.407812e+01  1.000201186081640299e+04  1.000203139072486556e+04  1.000213312460114321e+04  1.000317737821758055e+04
203 4061 3.688494e-01 2.408686e+01  1.000201186081640299e+04  1.000201382985247255e+04  1.000212167649997355e+04  1.000232566471206883e+04
204 4081 3.682044e-01 2.410486e+01  1.000201186081640299e+04  1.000201935058420713e+04  1.000207185908110114e+04  1.000230539003871127e+04
205 4101 3.681829e-01 2.412080e+01  1.000200849016190296e+04  1.000200849016190296e+04  1.000207695707905441e+04  1.000234952573161718e+04
206 4121 3.695878e-01 2.412203e+01  1.000200849016190296e+04  1.000204908237755444e+04  1.000208384241537533e+04  1.000318353120229767e+04
207 4141 3.724540e-01 2.414536e+01  1.000200849016190296e+04  1.000201734494256743e+04  1.000208417154294148e+04  1.000311507516631718e+04
208 4161 3.759781e-01 2.415027e+01  1.000200849016190296e+04  1.000204102691757180e+04  1.000214345923747169e+04  1.000248312547139358e+04
209 4181 3.789326e-01 2.417513e+01  1.000200849016190296e+04  1.000203983857925959e+04  1.000213053737123118e+04  1.000220825774406148e+04
210 4201 3.794975e-01 2.418652e+01  1.000200849016190296e+04  1.000205598457989981e+04  1.000210222978892853e+04  1.000316025602747504e+04
211 4221 3.801681e-01 2.419272e+01  1.000200849016190296e+04  1.000202730200273436e+04  1.000210312428634643e+04  1.000222266560259595e+04
212 4241 3.820746e-01 2.418932e+01  1.000200849016190296e+04  1.000204523275303654e+04  1.000211129301102847e+04  1.000218605635142558e+04
213 4261 3.845620e-01 2.419480e+01  1.000200849016190296e+04  1.000202164379496207e+04  1.000211700292705063e+04  1.000329152550300205e+04
214 4281 3.865771e-01 2.420005e+01  1.000200849016190296e+04  1.000202138870295676e+04  1.000211668760135581e+04  1.000307533788404908e+04
215 4301 3.896070e-01 2.419739e+01  1.000200849016190296e+04  1.000206512175317584e+04  1.000213431024531747e+04  1.000226909532012360e+04
216 4321 3.905231e-01 2.420058e+01  1.000200849016190296e+04  1.000203635176639727e+04  1.000211430364232729e+04  1.000223045377352173e+04
217 4341 3.917389e-01 2.420750e+01  1.000200849016190296e+04  1.000206593404115301e+04  1.000212465352399886e+04  1.000236233425661339e+04
218 4361 3.933986e-01 2.421054e+01  1.000200849016190296e+04  1.000206625478575188e+04  1.000213855027449608e+04  1.000242027531968597e+04
219 4381 3.944773e-01 2.421075e+01  1.000200849016190296e+04  1.000205638765199365e+04  1.000212130966790573e+04  1.000226824676129581e+04
220 4401 3.957815e-01 2.421788e+01  1.000200849016190296e+04  1.000202419611417281e+04  1.000210054962594950e+04  1.000221877779464194e+04
221 4421 3.965830e-01 2.422241e+01  1.000200849016190296e+04  1.000203922057628370e+04  1.000213430430690278e+04  1.000329939764043047e+04
222 4441 3.955251e-01 2.423257e+01  1.000200849016190296e+04  1.000203798655124228e+04  1.000211768466652029e+04  1.000248961277274248e+04
223 4461 3.933861e-01 2.423788e+01  1.000200849016190296e+04  1.000202576356029749e+04  1.000212755532307347e+04  1.000227524808824273e+04
224 4481 3.916996e-01 2.423959e+01  1.000200849016190296e+04  1.000201203292356877e+04  1.000212022506063113e+04  1.000332349092752520e+04
225 4501 3.903698e-01 2.423718e+01  1.000200849016190296e+04  1.000202858073284006e+04  1.000214252747621686e+04  1.000240833626844687e+04
226 4521 3.877408e-01 2.424039e+01  1.000200849016190296e+04  1.000204201187503531e+04  1.000210040113238574e+04  1.000232136936049574e+04
227 4541 3.864601e-01 2.423726e+01  1.000200849016190296e+04  1.000206051100252262e+04  1.000212106913609387e+04  1.000220910556821400e+04
228 4561 3.858701e-01 2.424741e+01  1.000200849016190296e+04  1.000203685039700031e+04  1.000212204014543750e+04  1.000235880796069068e+04
229 4581 3.848723e-01 2.425653e+01  2.000145296960554560e+03  2.000145296960554560e+03  1.000209250725320999e+04  1.000224604294921119e+04
230 4601 3.839718e-01 2.427319e+01  2.000145296960554560e+03  1.000201210918648576e+04  1.000210766912479085e+04  1.000245002377242417e+04
231 4621 3.840262e-01 2.427684e+01  2.000145296960554560e+03  2.000151519716378516e+03  1.000210255585387495e+04  1.000259922742500385e+04
232 4641 3.816039e-01 2.428645e+01  2.000145296960554560e+03  1.000202869209495111e+04  1.000208042600731460e+04  1.000245788557400010e+04
233 4661 3.799554e-01 2.429563e+01  2.000145296960554560e+03  1.000201860670122915e+04  1.000210817516909083e+04  1.000310566019409453e+04
234 4681 3.791159e-01 2.429796e+01  2.000145296960554560e+03  1.000201528443129973e+04  1.000208670088917097e+04  1.000255607204905937e+04
235 4701 3.794942e-01 2.429892e+01  2.000145296960554560e+03  1.000200460645246494e+04  1.000210337710731983e+04  1.000546930932804571e+04
236 4721 3.779157e-01 2.430131e+01  2.000145296960554560e+03  1.000202348869695015e+04  1.000209600451219376e+04  1.000220720133832219e+04
237 4741 3.771627e-01 2.429946e+01  2.000145296960554560e+03  1.000202277916885396e+04  1.000210058606390885e+04  1.000220957950728916e+04
238 4761 3.751062e-01 2.429804e+01  2.000145296960554560e+03  1.000201501232994815e+04  1.000209807284776252e+04  1.000239116690844639e+04
239 4781 3.737911e-01 2.429864e+01  2.000145296960554560e+03  1.000201868660364198e+04  1.000209875422286859e+04  1.000222895144362883e+04
240 4801 3.733909e-01 2.429979e+01  1.996948536987586294e+03  1.996948536987586294e+03  1.000208809171241592e+04  1.000223142747843849e+04
241 4821 3.746467e-01 2.430037e+01  1.996948536987586294e+03  1.000200809044154448e+04  1.000207138720351759e+04  1.000214553743514261e+04
242 4841 3.752181e-01 2.430191e+01  1.996948536987586294e+03  1.000200857737011574e+04  1.000208497225770952e+04  1.000219813124040047e+04
243 4861 3.762888e-01 2.429947e+01  1.996948536987586294e+03  1.000201847980227103e+04  1.000208764928373239e+04  1.000222380909807180e+04
244 4881 3.769893e-01 2.430216e+01  1.996948536987586294e+03  1.000200641291016836e+04  1.000206980644143550e+04  1.000229368295229506e+04
245 4901 3.775428e-01 2.430763e+01  1.996902752958597375e+03  1.996902752958597375e+03  1.000211531192034272e+04  1.000239450575841329e+04
246 4921 3.765253e-01 2.431287e+01  1.996902752958597375e+03  1.000200889601444942e+04  1.000208056188048795e+04  1.000227104239032815e+04
247 4941 3.736725e-01 2.431919e+01  1.996902752958597375e+03  1.000201763591181953e+04  1.000207553694190574e+04  1.000215142875356833e+04
248 4961 3.709288e-01 2.432954e+01  1.996902752958597375e+03  1.996932254838427525e+03  1.000207678426759776e+04  1.000225435444154027e+04
249 4981 3.696865e-01 2.433257e+01  1.996902752958597375e+03  1.996909023879643655e+03  1.000206770456739105e+04  1.000231400902829773e+04
250 5001 3.702024e-01 2.434368e+01  1.996902752958597375e+03  1.996929602069516022e+03  1.000207630270537265e+04  1.000217950922281489e+04
251 5021 3.700973e-01 2.434653e+01  1.996718474362171946e+03  1.996718474362171946e+03  1.000205834740200953e+04  1.000233010736114738e+04
252 5041 3.694386e-01 2.434111e+01  1.996718474362171946e+03  1.000200576921595166e+04  1.000207557762905344e+04  1.000236902257319889e+04
253 5061 3.691608e-01 2.434727e+01  1.996718474362171946e+03  1.000201446852174195e+04  1.000206146618830462e+04  1.000228481922040555e+04
254 5081 3.680220e-01 2.435905e+01  1.996718474362171946e+03  1.000200358994091403e+04  1.000207795113872635e+04  1.000541032831873235e+04
255 5101 3.683704e-01 2.437742e+01  1.996718474362171946e+03  1.000201483457811992e+04  1.000207731289632648e+04  1.000227659248550117e+04
256 5121 3.700475e-01 2.438591e+01  1.996718474362171946e+03  1.000200839167151935e+04  1.000208937284706917e+04  1.000228716943288418e+04
257 5141 3.707965e-01 2.438782e+01  1.996718474362171946e+03  1.000200696018329290e+04  1.000206256289532030e+04  1.000216337675945579e+04
258 5161 3.699658e-01 2.439019e+01  1.996718474362171946e+03  1.996848679507142151e+03  1.000206666336244416e+04  1.000219485094065567e+04
259 5181 3.677713e-01 2.440025e+01  1.996718474362171946e+03  1.996851728856879845e+03  1.000208349367267510e+04  1.000252488101620656e+04
260 5201 3.660899e-01 2.440640e+01  1.996718474362171946e+03  1.996858967028728330e+03  1.000205573408413329e+04  1.000223859763900509e+04
261 5221 3.635730e-01 2.441724e+01  1.996718474362171946e+03  1.996923672830681653e+03  1.000206881562754279e+04  1.000218315757009441e+04
262 5241 3.607704e-01 2.442275e+01  1.996574887712039981e+03  1.996574887712039981e+03  1.000205723951289110e+04  1.000236140477164372e+04
263 5261 3.567161e-01 2.443242e+01  1.996574887712039981e+03  1.996641768721638755e+03  1.000208650647902869e+04  1.000240990277835590e+04
264 5281 3.542353e-01 2.445936e+01  1.996574887712039981e+03  2.000136517221912072e+03  1.000206460208651515e+04  1.000215719488652030e+04
265 5301 3.515582e-01 2.446892e+01  1.996574887712039981e+03  1.000200088441462321e+04  1.000204804108738244e+04  1.000225139228698936e+04
266 5321 3.477684e-01 2.447769e+01  1.996574887712039981e+03  1.996893904299706946e+03  1.000205930741053999e+04  1.000215424819644977e+04
267 5341 3.443143e-01 2.448617e+01  1.996574887712039981e+03  1.996835924546804335e+03  1.000202670748679157e+04  1.000215497622267685e+04
268 5361 3.420230e-01 2.449239e+01  1.996574887712039981e+03  1.996968973460348707e+03  1.000204215122499591e+04  1.000212903052880938e+04
269 5381 3.394619e-01 2.450179e+01  1.996574887712039981e+03  1.996815918327483587e+03  1.000204117853242315e+04  1.000217989169872635e+04
270 5401 3.364135e-01 2.451165e+01  1.996574887712039981e+03  1.996642571228906036e+03  1.000205135726939625e+04  1.000236899868861656e+04
271 5421 3.331673e-01 2.451870e+01  1.996574887712039981e+03  1.997095976166721357e+03  1.000207062320803198e+04  1.000237247027812919e+04
272 5441 3.306409e-01 2.452404e+01  1.996574887712039981e+03  1.996916330746215863e+03  1.000205979119769836e+04  1.000220492334838127e+04
273 5461 3.298171e-01 2.452283e+01  1.996574887712039981e+03  1.000200444084782066e+04  1.000205037174679092e+04  1.000215591263929309e+04
274 5481 3.300732e-01 2.452900e+01  1.996574887712039981e+03  1.996608747919503003e+03  1.000204040913047720e+04  1.000214265072605303e+04
275 5501 3.296950e-01 2.454931e+01  1.996574887712039981e+03  2.000135345023902346e+03  1.000204566544987028e+04  1.000216366994402961e+04
276 5521 3.289532e-01 2.455501e+01  1.996574887712039981e+03  1.996946328922931343e+03  1.000204287192726042e+04  1.000214559243781878e+04
277 5541 3.285889e-01 2.456570e+01  1.996574887712039981e+03  1.997126701420854033e+03  1.000203264292390850e+04  1.000215576407300250e+04
278 5561 3.273341e-01 2.456874e+01  1.996574887712039981e+03  1.997048840269919538e+03  1.000207196134727565e+04  1.000224819420662425e+04
279 5581 3.274118e-01 2.456857e+01  1.996574887712039981e+03  1.000200304614195193e+04  1.000206104199418223e+04  1.000226368159479534e+04
280 5601 3.266699e-01 2.458900e+01  1.996574887712039981e+03  1.996956486646604617e+03  1.000208363982244919e+04  1.000321453159481825e+04
281 5621 3.262744e-01 2.459632e+01  1.996574887712039981e+03  1.997050397338316316e+03  1.000203728453449366e+04  1.000309526121782983e+04
282 5641 3.259054e-01 2.459302e+01  1.996574887712039981e+03  1.000200420537380523e+04  1.000206344306587198e+04  1.000533824397419266e+04
283 5661 3.255560e-01 2.459983e+01  1.996574887712039981e+03  1.997092306580535251e+03  1.000204448733591562e+04  1.000317867870455302e+04
284 5681 3.246785e-01 2.459727e+01  1.996574887712039981e+03  1.000200277704756627e+04  1.000203828627689290e+04  1.000534722475845047e+04
285 5701 3.234061e-01 2.459607e+01  1.996574887712039981e+03  1.996900653923510390e+03  1.000203163900292202e+04  1.000306736857927899e+04
286 5721 3.227932e-01 2.460072e+01  1.996574887712039981e+03  1.997142386687834687e+03  1.000205065177561846e+04  1.000216185800820676e+04
287 5741 3.226812e-01 2.461617e+01  1.996574887712039981e+03  1.996680026763112664e+03  1.000204332046463605e+04  1.000215950490233445e+04
288 5761 3.231316e-01 2.462130e+01  1.996574887712039981e+03  1.000200127095279458e+04  1.000204068787946744e+04  1.000213090212086718e+04
289 5781 3.225405e-01 2.462984e+01  1.996574887712039981e+03  1.996660890035261900e+03  1.000204728918237743e+04  1.000220090620078736e+04
290 5801 3.203392e-01 2.463449e+01  1.996574887712039981e+03  1.996662662345332819e+03  1.000205443032500989e+04  1.000530335311588351e+04
291 5821 3.178898e-01 2.462843e+01  1.996574887712039981e+03  1.000201213504957377e+04  1.000206836106806077e+04  1.000308214533333012e+04
292 5841 3.157673e-01 2.464029e+01  1.996574887712039981e+03  1.996652745279240889e+03  1.000205376153521502e+04  1.000222348552102812e+04
293 5861 3.146633e-01 2.463433e+01  1.996574887712039981e+03  1.000201095853763945e+04  1.000205138847061426e+04  1.000223990019016856e+04
294 5881 3.122158e-01 2.463296e+01  1.996574887712039981e+03  1.996667175011457402e+03  1.000204790378883445e+04  1.000304242377704941e+04
295 5901 3.100548e-01 2.464355e+01  1.996574887712039981e+03  1.996612769146292067e+03  1.000204799342315891e+04  1.000221170413390792e+04
296 5921 3.081954e-01 2.464623e+01  1.996574887712039981e+03  1.000200454202222681e+04  1.000203497472725940e+04  1.000236894314262463e+04
297 5941 3.070765e-01 2.464794e+01  1.996574887712039981e+03  1.000200063805441096e+04  1.000204376187973685e+04  1.000300664309367312e+04
298 5961 3.067360e-01 2.464912e+01  1.996574887712039981e+03  1.997084520429964641e+03  1.000203333952747562e+04  1.000316373902646592e+04
299 5981 3.064415e-01 2.465444e+01  1.996574887712039981e+03  1.996620536848371785e+03  1.000202622582297954e+04  1.000309728165716479e+04
300 6001 3.066796e-01 2.466440e+01  1.996574887712039981e+03  1.996642796215118096e+03  1.000201094331846252e+04  1.000214315543389785e+04
301 6021 3.058806e-01 2.466698e+01  1.996574887712039981e+03  1.996629762926283547e+03  1.000202296373038916e+04  1.000210015826900781e+04
302 6041 3.042872e-01 2.467209e+01  1.996574887712039981e+03  1.996627230049471564e+03  1.000204602014617558e+04  1.000217930817244451e+04
303 6061 3.036868e-01 2.467865e+01  1.996574887712039981e+03  1.996642103021261619e+03  1.000204049509398828e+04  1.000211589568362069e+04
304 6081 3.013783e-01 2.467954e+01  1.996574887712039981e+03  1.996643225652413548e+03  1.000201561479691736e+04  1.000211777918577172e+04
305 6101 2.977513e-01 2.466853e+01  1.996574887712039981e+03  1.996648960303318063e+03  1.000203821225127467e+04  1.000211823344891673e+04
306 6121 2.938766e-01 2.467714e+01  1.996574887712039981e+03  1.996642122094246588e+03  1.000201692169989110e+04  1.000226457287033554e+04
307 6141 2.897600e-01 2.469452e+01  1.996574887712039981e+03  1.996652835133827921e+03  1.000201282533658014e+04  1.000207695928295652e+04
308 6161 2.861344e-01 2.468969e+01  1.996574887712039981e+03  1.996731265492283910e+03  1.000202225913779876e+04  1.000212592409772515e+04
309 6181 2.821426e-01 2.468924e+01  1.996574887712039981e+03  1.996688840393444934e+03  1.000201522509659480e+04  1.000209220082159118e+04
310 6201 2.782872e-01 2.469510e+01  1.996574887712039981e+03  1.996653090915605162e+03  1.000203537359652910e+04  1.000210883256728266e+04
311 6221 2.755356e-01 2.470616e+01  1.996574887712039981e+03  1.996662561218432302e+03  1.000203266232058013e+04  1.000210189534230267e+04
312 6241 2.737381e-01 2.473069e+01  1.996574887712039981e+03  1.996667868010288657e+03  1.000201431897629118e+04  1.000212102810818396e+04
313 6261 2.723026e-01 2.474124e+01  1.996574887712039981e+03  1.996686626388765035e+03  1.000203128313587331e+04  1.000217462568131123e+04
314 6281 2.708430e-01 2.477053e+01  1.996574887712039981e+03  1.996650631641598466e+03  1.000202342339603274e+04  1.000214930411870046e+04
315 6301 2.704727e-01 2.477870e+01  1.996574887712039981e+03  1.996689668554028231e+03  1.000201453987480818e+04  1.000206802765887551e+04
316 6321 2.696960e-01 2.477179e+01  1.996574887712039981e+03  1.996686318167451645e+03  1.000201517732280081e+04  1.000212108145818820e+04
317 6341 2.685913e-01 2.479466e+01  1.996574887712039981e+03  1.996689615011709293e+03  1.000202682447336701e+04  1.000209839424958591e+04
318 6361 2.678988e-01 2.479720e+01  1.996574887712039981e+03  1.996666836066473024e+03  1.000202493196609794e+04  1.000208676736969210e+04
319 6381 2.663488e-01 2.478847e+01  1.996574887712039981e+03  1.996681629335163962e+03  1.000202874442481152e+04  1.000235114708026231e+04
320 6401 2.641448e-01 2.479267e+01  1.996574887712039981e+03  1.996652187974094886e+03  5.999350219491918324e+03  1.000213139801709076e+04
321 6421 2.626698e-01 2.478282e+01  1.996574887712039981e+03  1.996644346942791344e+03  1.000201121381738812e+04  1.000209625153327033e+04
322 6441 2.607730e-01 2.478646e+01  1.996520352232723781e+03  1.996520352232723781e+03  5.999483657591776137e+03  1.000208448030657746e+04
323 6461 2.584624e-01 2.479424e+01  1.996504986517697489e+03  1.996504986517697489e+03  1.996894415370701608e+03  1.000204005474521909e+04
324 6481 2.566910e-01 2.479450e+01  1.996504986517697489e+03  1.996619143228652547e+03  1.996717553024828021e+03  1.000206408034382730e+04
325 6501 2.556126e-01 2.480595e+01  1.996504986517697489e+03  1.996638698615232897e+03  1.996877622125793096e+03  1.000207699204937126e+04
326 6521 2.552710e-01 2.480804e+01  1.996504986517697489e+03  1.996635918587037168e+03  1.996690982845286271e+03  1.000212148012537182e+04
327 6541 2.551683e-01 2.482156e+01  1.996504986517697489e+03  1.996628647455284636e+03  5.999348771632478019e+03  1.000208598242755943e+04
328 6561 2.544672e-01 2.483217e+01  1.996504986517697489e+03  1.996599473207637175e+03  1.000202151567933470e+04  1.000209885491495879e+04
329 6581 2.542205e-01 2.482649e+01  1.996504986517697489e+03  1.996552694865571539e+03  1.000200914626845770e+04  1.000526684273542196e+04
330 6601 2.543892e-01 2.483950e+01  1.996504986517697489e+03  1.996574398358354301e+03  1.996669247796655782e+03  1.000229453944200395e+04
331 6621 2.544905e-01 2.485072e+01  1.996504986517697489e+03  1.996596142085375732e+03  1.996713093793460303e+03  1.000206489411623625e+04
332 6641 2.539761e-01 2.487326e+01  1.996504986517697489e+03  1.996573914350825362e+03  1.997046568527937097e+03  1.000204785805528627e+04
333 6661 2.542438e-01 2.488423e+01  1.996499833491825029e+03  1.996499833491825029e+03  1.996636389424995741e+03  1.000207402032517894e+04
334 6681 2.540091e-01 2.488949e+01  1.996499833491825029e+03  1.996611981800135482e+03  1.996833878064923965e+03  1.000207382115930704e+04
335 6701 2.537987e-01 2.488997e+01  1.996499833491825029e+03  1.996608426535072340e+03  1.996932720068313074e+03  1.000219113397118963e+04
336 6721 2.537228e-01 2.490307e+01  1.996499833491825029e+03  1.996614904695872383e+03  1.996962792314946910e+03  1.000209002952914852e+04
337 6741 2.553770e-01 2.492160e+01  1.996499833491825029e+03  1.996584667471692683e+03  1.000200399474336882e+04  1.000208371055838870e+04
338 6761 2.565676e-01 2.493282e+01  1.996499833491825029e+03  1.996564892593737341e+03  1.000202634288544505e+04  1.000210829891944195e+04
339 6781 2.582358e-01 2.493789e+01  1.996499833491825029e+03  1.996567817867640997e+03  1.000201992338739001e+04  1.000209267198060115e+04
340 6801 2.591489e-01 2.494406e+01  1.996499833491825029e+03  1.996571134842221682e+03  1.997111916113052303e+03  1.000203390533300808e+04
341 6821 2.599186e-01 2.494939e+01  1.996499833491825029e+03  1.996578850644632894e+03  1.997058131950878533e+03  1.000204732864118523e+04
342 6841 2.610550e-01 2.495595e+01  1.996499833491825029e+03  1.996540261072788780e+03  1.000200176971155088e+04  1.000207798572282991e+04
343 6861 2.623898e-01 2.496350e+01  1.996499833491825029e+03  1.996526374692097534e+03  1.000200097551545696e+04  1.000206616428285815e+04
344 6881 2.641013e-01 2.497968e+01  1.996499833491825029e+03  1.996514993298139188e+03  1.996796967696678621e+03  1.000204955835445980e+04
345 6901 2.653594e-01 2.498567e+01  1.996499833491825029e+03  1.996532411227197827e+03  1.000203265689516593e+04  1.000213798661016153e+04
346 6921 2.670132e-01 2.497870e+01  1.996499833491825029e+03  1.996530037539506111e+03  5.999574908210278409e+03  1.000207812586412547e+04
347 6941 2.682944e-01 2.497951e+01  1.996499833491825029e+03  1.996543216005971544e+03  1.997077846526003214e+03  1.000216118223568992e+04
348 6961 2.696555e-01 2.498936e+01  1.996499833491825029e+03  1.996547577686981640e+03  1.996931847279532121e+03  1.000207908373691316e+04
349 6981 2.713967e-01 2.500381e+01  1.996499833491825029e+03  1.996547596420549326e+03  1.996783067111300625e+03  1.000205698994553313e+04
350 7001 2.738086e-01 2.502050e+01  1.996499833491825029e+03  1.996530167301195888e+03  1.996992338490018938e+03  1.000536792964013512e+04
351 7021 2.759835e-01 2.502945e+01  1.996484894694748846e+03  1.996484894694748846e+03  1.996899136155739825e+03  1.000210014212915303e+04
352 7041 2.773867e-01 2.504225e+01  1.996476221976008446e+03  1.996476221976008446e+03  1.997052753441047571e+03  1.000213043553772332e+04
353 7061 2.786867e-01 2.505201e+01  1.996476221976008446e+03  1.996533679162545923e+03  1.000201816143153883e+04  1.000206171099578387e+04
354 7081 2.806324e-01 2.507314e+01  1.996476221976008446e+03  1.996519374832585981e+03  1.000200715363287600e+04  1.000206432539072011e+04
355 7101 2.820360e-01 2.508717e+01  1.996476221976008446e+03  1.996538609071554674e+03  1.996922087219933474e+03  1.000206417147535103e+04
356 7121 2.839774e-01 2.511204e+01  1.996476221976008446e+03  1.996533020992975935e+03  1.000201345125559055e+04  1.000209513518598760e+04
357 7141 2.861820e-01 2.511771e+01  1.996476221976008446e+03  1.996483906350668576e+03  1.996961485322133512e+03  1.000210361298997486e+04
358 7161 2.887533e-01 2.511041e+01  1.996475528432406009e+03  1.996475528432406009e+03  1.997013979474183543e+03  1.000207000411881381e+04
359 7181 2.896091e-01 2.511224e+01  1.996475528432406009e+03  1.996503867538050145e+03  1.000200774321282006e+04  1.000211665403834013e+04
360 7201 2.902882e-01 2.511346e+01  1.996475528432406009e+03  1.996517643281912797e+03  5.999497124049159538e+03  1.000206082703037646e+04
361 7221 2.911098e-01 2.511529e+01  1.996462822494452212e+03  1.996462822494452212e+03  1.000201956762255577e+04  1.000217571922764364e+04
362 7241 2.912421e-01 2.512108e+01  1.996462822494452212e+03  1.996487616811655016e+03  1.996769012178380081e+03  1.000207213412858619e+04
363 7261 2.904500e-01 2.512016e+01  1.996462822494452212e+03  1.996482418757825826e+03  1.000202964560282635e+04  1.000214198324914651e+04
364 7281 2.904692e-01 2.512754e+01  1.996462822494452212e+03  1.996484440211909032e+03  5.999527032058514123e+03  1.000216265239394488e+04
365 7301 2.893525e-01 2.512484e+01  1.996462822494452212e+03  1.996540596844840138e+03  1.000202670019634388e+04  1.000213014079195091e+04
366 7321 2.887050e-01 2.511933e+01  1.996462822494452212e+03  1.996498785471338579e+03  1.000200368390033327e+04  1.000213066275021265e+04
367 7341 2.871977e-01 2.512743e+01  1.996462822494452212e+03  1.996497524822933883e+03  1.000203098832306932e+04  1.000209263384681435e+04
368 7361 2.863489e-01 2.514361e+01  1.996462822494452212e+03  1.996523778642092566e+03  1.000202371880812279e+04  1.000211201277678629e+04
369 7381 2.862303e-01 2.519338e+01  1.996462822494452212e+03  1.996482682847706883e+03  1.000202163209992432e+04  1.000210567568302940e+04
370 7401 2.856576e-01 2.520334e+01  1.996462822494452212e+03  1.996525319841992314e+03  1.000202753711081459e+04  1.000215056093937164e+04
371 7421 2.858918e-01 2.520274e+01  1.996462822494452212e+03  1.996537164558533050e+03  1.000201743242492012e+04  1.000207549416495385e+04
372 7441 2.861261e-01 2.519465e+01  1.996462822494452212e+03  1.996498011530388794e+03  5.999521631946674461e+03  1.000208527916360981e+04
373 7461 2.844316e-01 2.520219e+01  1.996462822494452212e+03  1.996519082520190750e+03  1.000200224725259432e+04  1.000211335182927542e+04
374 7481 2.843203e-01 2.521100e+01  1.996462822494452212e+03  1.996509543967802983e+03  1.000201199751168679e+04  1.000533406764629763e+04
375 7501 2.837726e-01 2.522092e+01  1.996462822494452212e+03  1.996498008679172244e+03  5.999315270461580440e+03  1.000206477319516853e+04
376 7521 2.828963e-01 2.521807e+01  1.996462822494452212e+03  1.996513959391001208e+03  1.000201104005752495e+04  1.000209428690682398e+04
377 7541 2.816298e-01 2.522030e+01  1.996462822494452212e+03  1.996494408077672460e+03  1.000200931348615268e+04  1.000214556081200135e+04
378 7561 2.796210e-01 2.521708e+01  1.996462822494452212e+03  1.996533317201947966e+03  1.000202851746824672e+04  1.000221033820800767e+04
379 7581 2.772476e-01 2.522962e+01  1.996462822494452212e+03  1.996515233705654282e+03  1.000202353779962868e+04  1.000219762570102284e+04
380 7601 2.757361e-01 2.523096e+01  1.996462822494452212e+03  1.996495242252757635e+03  1.996962600280684910e+03  1.000226411573002224e+04
381 7621 2.736878e-01 2.523754e+01  1.996462822494452212e+03  1.996511846683186377e+03  1.000201089766261794e+04  1.000209176977677453e+04
382 7641 2.713278e-01 2.525816e+01  1.996462822494452212e+03  1.996492918115997782e+03  1.000200526491638811e+04  1.000213003744317939e+04
383 7661 2.693155e-01 2.526369e+01  1.996462822494452212e+03  1.996473086267548979e+03  1.996693617030006862e+03  1.000220397088740538e+04
384 7681 2.672888e-01 2.526721e+01  1.996462822494452212e+03  1.996480455222650107e+03  1.996884175673690606e+03  1.000207500609534327e+04
385 7701 2.649359e-01 2.527718e+01  1.996462822494452212e+03  1.996464323189188008e+03  1.000200971595736519e+04  1.000222932187149672e+04
386 7721 2.628685e-01 2.528140e+01  1.996462822494452212e+03  1.996562056556106654e+03  1.000201550239735479e+04  1.000535641104562092e+04
387 7741 2.609250e-01 2.528243e+01  1.996462822494452212e+03  1.996491342874941211e+03  5.999481285835695417e+03  1.000228128764014582e+04
388 7762 2.588714e-01 2.526500e+01  1.996462822494452212e+03  1.996475699240283348e+03  5.999336839202228475e+03  1.000207113849875168e+04
389 7782 2.561834e-01 2.526768e+01  1.996462822494452212e+03  1.996480983617050015e+03  1.000200293447387594e+04  1.000210093542601862e+04
390 7802 2.533663e-01 2.527419e+01  1.996462822494452212e+03  1.996479827380132292e+03  1.996912452375095427e+03  1.000211509226674934e+04
391 7822 2.514243e-01 2.528332e+01  1.996462822494452212e+03  1.996487265376461892e+03  1.000201125689079163e+04  1.000205068621970895e+04
392 7842 2.494525e-01 2.528888e+01  1.996462822494452212e+03  1.996490754907165183e+03  1.997037609131514273e+03  1.000205021080669212e+04
393 7862 2.487755e-01 2.530449e+01  1.996462822494452212e+03  1.996502246594332291e+03  1.997037423630781177e+03  1.000203842258835903e+04
394 7882 2.482586e-01 2.530308e+01  1.996462822494452212e+03  1.996475951899580878e+03  1.000201544807543905e+04  1.000208307878600681e+04
395 7902 2.479912e-01 2.530423e+01  1.996457151516416161e+03  1.996457151516416161e+03  1.996756465527471619e+03  1.000203004821949253e+04
396 7922 2.475931e-01 2.531069e+01  1.996457151516416161e+03  1.996470867180797086e+03  1.000201523264185744e+04  1.000209787787378627e+04
397 7942 2.463992e-01 2.532229e+01  1.996457151516416161e+03  1.996462283289028164e+03  1.996707364428659957e+03  1.000203894307754126e+04
398 7962 2.462063e-01 2.533179e+01  1.996457151516416161e+03  1.996474605897567471e+03  1.000201030100130083e+04  1.000212931216320612e+04
399 7982 2.454568e-01 2.533926e+01  1.996457151516416161e+03  1.996474603329814045e+03  1.000201108295225458e+04  1.000208400825668650e+04
400 8002 2.448482e-01 2.533756e+01  1.996457151516416161e+03  1.996464463739429448e+03  1.000200295086332881e+04  1.000210503485446134e+04
401 8022 2.443279e-01 2.534094e+01  1.996457151516416161e+03  1.996464366225766980e+03  1.996489626350053868e+03  1.000209032870714509e+04
402 8042 2.434447e-01 2.534671e+01  1.996457151516416161e+03  1.996466670061572358e+03  1.000201329575940326e+04  1.000210002419193552e+04
403 8062 2.416743e-01 2.534022e+01  1.996451140197931409e+03  1.996451140197931409e+03  1.996512801575759568e+03  1.000203199063021566e+04
404 8082 2.394980e-01 2.534491e+01  1.996450777038674687e+03  1.996450777038674687e+03  1.996968481147921239e+03  1.000202988304926112e+04
405 8102 2.372159e-01 2.535911e+01  1.996410079565732758e+03  1.996410079565732758e+03  1.996528427800916006e+03  1.000206162865510851e+04
406 8122 2.358733e-01 2.536021e+01  1.996410079565732758e+03  1.996446830886064390e+03  1.000201687665931240e+04  1.000210301096502189e+04
407 8142 2.344653e-01 2.535722e+01  1.996410079565732758e+03  1.996457247598092181e+03  1.996978774116842033e+03  1.000205705270375438e+04
408 8162 2.330444e-01 2.536742e+01  1.996410079565732758e+03  1.996430091332849997e+03  1.996898008485796254e+03  1.000213361189243005e+04
409 8182 2.323437e-01 2.538213e+01  1.996410079565732758e+03  1.996451183680276245e+03  1.000200893111868572e+04  1.000207952984055737e+04
410 8202 2.309845e-01 2.538772e+01  1.996410079565732758e+03  1.996448804326352729e+03  1.000200207663593028e+04  1.000210272903386431e+04
411 8222 2.303725e-01 2.539180e+01  1.996410079565732758e+03  1.996452990786557621e+03  1.997004491435965519e+03  1.000204532768387435e+04
412 8242 2.298080e-01 2.541636e+01  1.996410079565732758e+03  1.996447950178468318e+03  1.996894392396646253e+03  1.000205069166903922e+04
413 8262 2.293224e-01 2.541540e+01  1.996410079565732758e+03  1.996451821796657441e+03  1.997063419784198231e+03  1.000209183841927006e+04
414 8282 2.282863e-01 2.542558e+01  1.996410079565732758e+03  1.996442987211238005e+03  1.996516132973190906e+03  1.000205836254238056e+04
415 8302 2.274853e-01 2.543552e+01  1.996410079565732758e+03  1.996454193279214905e+03  1.000200989951720840e+04  1.000205121882072854e+04
416 8322 2.262856e-01 2.544767e+01  1.996410079565732758e+03  1.996439482557609608e+03  1.997064632500734206e+03  1.000209382066624312e+04
417 8342 2.258356e-01 2.545377e+01  1.996410079565732758e+03  1.996427576431461603e+03  1.000202102145320896e+04  1.000208634381705997e+04
418 8362 2.252072e-01 2.546751e+01  1.996410079565732758e+03  1.996449298329895782e+03  1.997034349801334884e+03  1.000208331354990514e+04
419 8382 2.258894e-01 2.548031e+01  1.996410079565732758e+03  1.996437739327144300e+03  1.000201042323511865e+04  1.000206035026263089e+04
420 8402 2.276601e-01 2.549288e+01  1.996410079565732758e+03  1.996412795435000817e+03  1.997017874420756925e+03  1.000210588498444486e+04
421 8422 2.288262e-01 2.549489e+01  1.996410079565732758e+03  1.996422242390529391e+03  1.000201510299032998e+04  1.000211760644105016e+04
422 8442 2.285308e-01 2.549644e+01  1.996410079565732758e+03  1.996411592872038455e+03  5.999413405169804719e+03  1.000215824410252026e+04
423 8462 2.271157e-01 2.550316e+01  1.996410079565732758e+03  1.996441779493210561e+03  1.000201394492910185e+04  1.000210096714082283e+04
424 8482 2.252278e-01 2.548793e+01  1.996410079565732758e+03  1.996447776160859348e+03  1.996857133015778345e+03  1.000203884358697178e+04
425 8502 2.235174e-01 2.548407e+01  1.996410079565732758e+03  1.996454575918472074e+03  1.997049134614119794e+03  1.000207126909086037e+04
426 8522 2.218759e-01 2.548733e+01  1.996410079565732758e+03  1.996424391361307698e+03  1.996553992739627120e+03  1.000241186621957422e+04
427 8542 2.197123e-01 2.549349e+01  1.996410079565732758e+03  1.996455939713646103e+03  1.996895666671421623e+03  1.000206517541545327e+04
428 8562 2.183170e-01 2.550924e+01  1.996410079565732758e+03  1.996452075187133460e+03  1.996787870374723070e+03  1.000536620180233876e+04
429 8582 2.169508e-01 2.551353e+01  1.996410079565732758e+03  1.996454430223369855e+03  1.996543679681461526e+03  1.000205721825626279e+04
430 8602 2.168167e-01 2.551007e+01  1.996410079565732758e+03  1.996430947274594701e+03  1.996508563690712663e+03  1.000208357187044930e+04
431 8622 2.170058e-01 2.550600e+01  1.996410079565732758e+03  1.996425929502304825e+03  1.996532175482406274e+03  1.000204725951800901e+04
432 8642 2.167229e-01 2.549893e+01  1.996410079565732758e+03  1.996455415569464776e+03  1.996900250780797251e+03  1.000210766450493247e+04
433 8662 2.150109e-01 2.550420e+01  1.996410079565732758e+03  1.996433481690490908e+03  1.996660758905845796e+03  1.000208905440905255e+04
434 8682 2.136339e-01 2.550736e+01  1.996410079565732758e+03  1.996423669326536583e+03  1.996485791282511855e+03  1.000205701095359836e+04
435 8702 2.114067e-01 2.550796e+01  1.996410079565732758e+03  1.996422556355941197e+03  1.996457553860017470e+03  1.000209098211964556e+04
436 8722 2.098120e-01 2.550716e+01  1.996410079565732758e+03  1.996418434654746306e+03  1.996911729182111685e+03  1.000204677385220930e+04
437 8742 2.087434e-01 2.550618e+01  1.996401769152357701e+03  1.996401769152357701e+03  1.996447061086498707e+03  1.000206990585619133e+04
438 8762 2.081325e-01 2.550227e+01  1.996401769152357701e+03  1.996411896490856407e+03  1.996799599225392285e+03  1.000201602702084347e+04
439 8782 2.070861e-01 2.550962e+01  1.996401769152357701e+03  1.996413700993117345e+03  1.996479422158430680e+03  1.000207999350447426e+04
440 8802 2.053898e-01 2.551025e+01  1.996401769152357701e+03  1.996403818162925290e+03  1.996611500624926066e+03  1.000205401223051012e+04
441 8822 2.049491e-01 2.551427e+01  1.996391604289246516e+03  1.996391604289246516e+03  1.996450594092532810e+03  1.000211906475340402e+04
442 8842 2.054090e-01 2.552663e+01  1.996391604289246516e+03  1.996396006070841395e+03  1.996490390190352173e+03  1.000203358082682280e+04
443 8862 2.058247e-01 2.555040e+01  1.996374817567046421e+03  1.996374817567046421e+03  1.996431299765851008e+03  1.000204103975300313e+04
444 8882 2.045734e-01 2.555667e+01  1.996373478252043014e+03  1.996373478252043014e+03  5.999452285203835345e+03  1.000206368432468298e+04
445 8902 2.041539e-01 2.556224e+01  1.996373478252043014e+03  1.996391952735261611e+03  1.996424556881597255e+03  1.000208525201674274e+04
446 8922 2.039253e-01 2.556405e+01  1.996360829878898812e+03  1.996360829878898812e+03  1.996459277148637284e+03  1.000528442835052920e+04
447 8942 2.039522e-01 2.557597e+01  1.996360369172490437e+03  1.996360369172490437e+03  1.000200193488883269e+04  1.000205001022465513e+04
448 8962 2.040317e-01 2.558674e+01  1.996360369172490437e+03  1.996367390082769589e+03  1.996420408521330046e+03  1.996986144464283825e+03
449 8982 2.043510e-01 2.560829e+01  1.996360369172490437e+03  1.996373112363236942e+03  1.996415345901261844e+03  1.000536027356465274e+04
450 9002 2.049678e-01 2.563070e+01  1.996360369172490437e+03  1.996364020247068765e+03  5.999349203475026115e+03  1.000203467683066629e+04
451 9022 2.047081e-01 2.564872e+01  1.996360369172490437e+03  1.996384542638264520e+03  5.999273638866550755e+03  1.000225940851847736e+04
452 9042 2.042833e-01 2.564822e+01  1.996360369172490437e+03  1.996382641767319683e+03  1.996425154908878085e+03  1.000202719593131042e+04
453 9062 2.040995e-01 2.566366e+01  1.996360369172490437e+03  1.996365328218131936e+03  1.996433291960511269e+03  1.000203231406133636e+04
454 9082 2.034019e-01 2.567177e+01  1.996352902106395959e+03  1.996352902106395959e+03  1.996506887245438065e+03  1.000206315917842403e+04
455 9102 2.027126e-01 2.566988e+01  1.996352902106395959e+03  1.996370808444356499e+03  1.000200210922956467e+04  1.000209434163045080e+04
456 9122 2.029051e-01 2.566725e+01  1.996345999252840556e+03  1.996345999252840556e+03  1.996413174658842536e+03  1.000203918049618915e+04
457 9142 2.016810e-01 2.567083e+01  1.996345999252840556e+03  1.996353661721802155e+03  1.996454620555097335e+03  1.000204717008701664e+04
458 9162 2.007229e-01 2.567326e+01  1.996345999252840556e+03  1.996352156074436152e+03  1.996422458010082210e+03  1.000203152912971927e+04
459 9182 1.992135e-01 2.568121e+01  1.996345999252840556e+03  1.996359152294756996e+03  1.000201782508848919e+04  1.000206819176212593e+04
460 9202 1.976683e-01 2.568250e+01  1.996345999252840556e+03  1.996359843672147008e+03  1.996432055413393300e+03  1.000204703412037998e+04
461 9222 1.962297e-01 2.569198e+01  1.996344558852402088e+03  1.996344558852402088e+03  1.000200472291078404e+04  1.000203177610721650e+04
462 9242 1.943518e-01 2.571070e+01  1.996344558852402088e+03  1.996345560766797234e+03  1.996438782026160652e+03  1.000209113864467690e+04
463 9262 1.925799e-01 2.570822e+01  1.996344558852402088e+03  1.996347895209722992e+03  1.996442014639831541e+03  1.000203831816970705e+04
464 9282 1.910385e-01 2.569661e+01  1.996344558852402088e+03  1.996344919901293679e+03  1.996616043473896525e+03  1.000205164894363406e+04
465 9302 1.893967e-01 2.569433e+01  1.996344558852402088e+03  1.996360202466020382e+03  1.996894847287297125e+03  1.000205970709926078e+04
466 9322 1.882253e-01 2.569764e+01  1.996344049924284491e+03  1.996344049924284491e+03  1.996520980967310152e+03  1.000203949673138050e+04
467 9342 1.872674e-01 2.571002e+01  1.996344049924284491e+03  1.996348440697147680e+03  1.996817435819171806e+03  1.000205724015910528e+04
468 9362 1.865903e-01 2.570774e+01  1.996316466186322714e+03  1.996316466186322714e+03  1.996420633694104254e+03  1.000204500464602825e+04
469 9382 1.859559e-01 2.572259e+01  1.996316466186322714e+03  1.996346887661793062e+03  1.996456766483163847e+03  1.000207893958177010e+04
470 9402 1.860408e-01 2.573466e+01  1.996316466186322714e+03  1.996323987216434489e+03  1.996415021057783861e+03  1.000201606774757965e+04
471 9422 1.854168e-01 2.574492e+01  1.996316466186322714e+03  1.996328988468489797e+03  1.996393658395890725e+03  1.000204222829527862e+04
472 9442 1.844762e-01 2.575702e+01  1.996316466186322714e+03  1.996338681490841509e+03  1.996732473053726153e+03  1.000204137399227875e+04
473 9462 1.833744e-01 2.576897e+01  1.996316466186322714e+03  1.996346785970856672e+03  1.996609874885133877e+03  1.000201863693182531e+04
474 9482 1.832464e-01 2.577157e+01  1.996301098332040738e+03  1.996301098332040738e+03  1.996405709830637534e+03  1.000202164189950781e+04
475 9502 1.840939e-01 2.576745e+01  1.996301098332040738e+03  1.996333063317661299e+03  1.996376135222593803e+03  1.000203091918662358e+04
476 9522 1.858952e-01 2.578130e+01  1.996301098332040738e+03  1.996304978481371336e+03  1.996423519080690767e+03  1.000201766084298833e+04
477 9542 1.870332e-01 2.579230e+01  1.996301098332040738e+03  1.996348974927330801e+03  5.999225379898114625e+03  1.000530739450765577e+04
478 9562 1.879787e-01 2.580009e+01  1.996301098332040738e+03  1.996333735817762999e+03  1.996491650820625864e+03  1.000205592814981901e+04
479 9582 1.886372e-01 2.580781e+01  1.996242587743871354e+03  1.996242587743871354e+03  1.996414894137269357e+03  1.000201746684072350e+04
480 9602 1.889953e-01 2.581964e+01  1.996242587743871354e+03  1.996327740878586837e+03  1.996502637085091010e+03  1.000204562043876649e+04
481 9622 1.894760e-01 2.584351e+01  1.996242587743871354e+03  1.996318600957009721e+03  5.999243705542804491e+03  1.000206186384997272e+04
482 9642 1.885912e-01 2.584891e+01  1.996242587743871354e+03  1.996295762171219621e+03  1.996447281292185608e+03  1.000203178123038560e+04
483 9662 1.879796e-01 2.584399e+01  1.996242587743871354e+03  1.996265522474278441e+03  1.996415340876011214e+03  1.000205906627133118e+04
484 9682 1.872061e-01 2.584514e+01  1.996242587743871354e+03  1.996311225636573909e+03  1.996390235649289252e+03  1.000210166049645522e+04
485 9702 1.860190e-01 2.585953e+01  1.996242587743871354e+03  1.996337148312503132e+03  1.996619430964829235e+03  1.000208839540131339e+04
486 9722 1.861820e-01 2.588692e+01  1.996220511669004736e+03  1.996220511669004736e+03  5.999213506383491222e+03  1.000530043506543916e+04
487 9742 1.868834e-01 2.590111e+01  1.996191194527672906e+03  1.996191194527672906e+03  1.996422618762636603e+03  1.000204855185994893e+04
488 9762 1.876657e-01 2.591115e+01  1.996191194527672906e+03  1.996266788609331570e+03  1.000202728165989538e+04  1.000208310600743607e+04
489 9782 1.877869e-01 2.591094e+01  1.996191194527672906e+03  1.996224660937892168e+03  5.999443230690682867e+03  1.000212300525800674e+04
490 9802 1.871200e-01 2.591478e+01  1.996191194527672906e+03  1.996344189663702991e+03  1.000201244114266228e+04  1.000531950591353416e+04
491 9822 1.858942e-01 2.591342e+01  1.996191194527672906e+03  1.996289311802671136e+03  5.999224533017018985e+03  1.000204575276898504e+04
492 9842 1.850492e-01 2.592402e+01  1.996191194527672906e+03  1.996282912543529847e+03  1.996597671494251699e+03  1.000206523861780079e+04
493 9862 1.841543e-01 2.592689e+01  1.996191194527672906e+03  1.996286207314160038e+03  1.000200260568998783e+04  1.000209374512188333e+04
494 9882 1.834009e-01 2.592464e+01  1.996191194527672906e+03  1.996363668399834069e+03  1.000200133885169453e+04  1.000206271593085694e+04
495 9902 1.831317e-01 2.593403e+01  1.996191194527672906e+03  1.996360694387958802e+03  1.996401333879700360e+03  1.000292471391086292e+04
496 9922 1.826807e-01 2.594569e+01  1.996191194527672906e+03  1.996315070982569068e+03  1.996388994429036757e+03  1.000201923303208969e+04
497 9942 1.815976e-01 2.595153e+01  1.996191194527672906e+03  1.996306663934624567e+03  1.996370135563632175e+03  1.000202050663702539e+04
498 9962 1.810703e-01 2.596500e+01  1.996191194527672906e+03  1.996289537786215760e+03  1.996380818369585086e+03  1.000203289256570497e+04
499 9982 1.804612e-01 2.598747e+01  1.996191194527672906e+03  1.996279575796812196e+03  1.000200403102821292e+04  1.000206632425007228e+04
500 10002 1.803312e-01 2.600601e+01  1.996191194527672906e+03  1.996317790005370171e+03  1.996433123671062276e+03  1.000205028387895982e+04
501 10022 1.800489e-01 2.601919e+01  1.996191194527672906e+03  1.996281893528639102e+03  1.996356692000196745e+03  1.000204549608333400e+04
502 10042 1.795909e-01 2.604707e+01  1.996191194527672906e+03  1.996273972282682735e+03  1.996375445507553422e+03  1.000209418782723333e+04
503 10062 1.792249e-01 2.606782e+01  1.996191194527672906e+03  1.996280932526193055e+03  1.996361437196454972e+03  1.000204507995995664e+04
504 10082 1.789680e-01 2.608013e+01  1.996191194527672906e+03  1.996219833284240167e+03  1.996380900108560127e+03  1.000203189770808785e+04
505 10102 1.785354e-01 2.608644e+01  1.996191194527672906e+03  1.996243465963436847e+03  1.996383986201471089e+03  1.000214616838819529e+04
506 10122 1.778461e-01 2.609391e+01  1.996179670526203608e+03  1.996179670526203608e+03  1.996564599058770909e+03  1.000205271730571621e+04
507 10142 1.773874e-01 2.611814e+01  1.996179670526203608e+03  1.996183330344582600e+03  1.996354241220300082e+03  1.000211230853532652e+04
508 10162 1.782534e-01 2.611846e+01  1.996143611434268223e+03  1.996143611434268223e+03  1.996350592691950624e+03  1.000206791761443674e+04
509 10182 1.791338e-01 2.612055e+01  1.996143611434268223e+03  1.996301999057768853e+03  1.996380052102504123e+03  1.000205321148689472e+04
510 10202 1.800002e-01 2.612080e+01  1.996143611434268223e+03  1.996243610998549912e+03  1.996336194997680195e+03  1.000206037115485378e+04
511 10222 1.815059e-01 2.614040e+01  1.996143611434268223e+03  1.996242745217968150e+03  1.996417967643325028e+03  1.000209929194257165e+04
512 10242 1.830103e-01 2.614839e+01  1.996120809432917667e+03  1.996120809432917667e+03  1.996352550361384374e+03  1.000208972805367557e+04
513 10262 1.854462e-01 2.615261e+01  1.996120809432917667e+03  1.996214871075289011e+03  1.000200559770306427e+04  1.000208308582637073e+04
514 10282 1.884098e-01 2.615759e+01  1.996120809432917667e+03  1.996221871772606164e+03  1.996330865821456882e+03  1.000207199037452483e+04
515 10302 1.919868e-01 2.616051e+01  1.996120809432917667e+03  1.996213951653509639e+03  1.996371837608481201e+03  1.000207245498831981e+04
516 10322 1.946656e-01 2.616880e+01  1.996120809432917667e+03  1.996239079258073616e+03  1.996366576774395753e+03  1.000205182752709152e+04
517 10342 1.972311e-01 2.617878e+01  1.996120809432917667e+03  1.996285447568022164e+03  1.996403025955063185e+03  1.000203852193126659e+04
518 10362 1.991119e-01 2.618115e+01  1.996120809432917667e+03  1.996153286709048189e+03  1.996350699640823677e+03  1.000203338500760401e+04
519 10382 2.017281e-01 2.617453e+01  1.996120809432917667e+03  1.996122778764177838e+03  1.996338954267530880e+03  1.000211718596304308e+04
520 10402 2.052248e-01 2.618154e+01  1.996120809432917667e+03  1.996217426212853525e+03  1.996384948408037417e+03  1.000206413851447905e+04
521 10422 2.072770e-01 2.619430e+01  1.996120809432917667e+03  1.996196664967451397e+03  1.996412945672985188e+03  1.000215971221283507e+04
522 10442 2.072017e-01 2.618749e+01  1.996120809432917667e+03  1.996132953865459967e+03  5.999378392049051399e+03  1.000205946710628268e+04
523 10462 2.065505e-01 2.619782e+01  1.996120809432917667e+03  1.996152168522329703e+03  1.996590807969738307e+03  1.000213290573698032e+04
524 10482 2.058076e-01 2.620173e+01  1.996120809432917667e+03  1.996198251280344039e+03  1.996388593451446923e+03  1.000212876460390544e+04
525 10502 2.056733e-01 2.621433e+01  1.996118687445867181e+03  1.996118687445867181e+03  1.996368224919745899e+03  1.000203542285723961e+04
526 10522 2.063700e-01 2.621075e+01  1.996118687445867181e+03  1.996130640642711342e+03  1.000201522113132341e+04  1.000539380581506703e+04
527 10542 2.072371e-01 2.621243e+01  1.996118687445867181e+03  1.996188819076801565e+03  1.000200643491075607e+04  1.000208037588676962e+04
528 10562 2.064504e-01 2.622082e+01  1.996118687445867181e+03  1.996184814951547651e+03  1.000200302470022143e+04  1.000210049681682904e+04
529 10582 2.055754e-01 2.622351e+01  1.996118687445867181e+03  1.996175681855116864e+03  1.996391228247473236e+03  1.000208188785612037e+04
530 10602 2.054765e-01 2.622528e+01  1.996118687445867181e+03  1.996264411150922797e+03  1.996423898166166055e+03  1.000210206689381812e+04
531 10622 2.039607e-01 2.622970e+01  1.996118687445867181e+03  1.996211815791597928e+03  1.000200602885502485e+04  1.000210406186325963e+04
532 10642 2.028006e-01 2.624957e+01  1.996118687445867181e+03  1.996145722963536400e+03  1.000200025076473321e+04  1.000207071805280066e+04
533 10662 2.022817e-01 2.624960e+01  1.996118687445867181e+03  1.996158193953235696e+03  1.996446037967275515e+03  1.000216583476659434e+04
534 10682 2.016401e-01 2.624291e+01  1.996099432434525397e+03  1.996099432434525397e+03  1.996375740791983389e+03  1.000206949925394656e+04
535 10702 2.005972e-01 2.624642e+01  1.996099432434525397e+03  1.996213425132725888e+03  1.996355789877516600e+03  1.000208158252360045e+04
536 10722 1.998877e-01 2.625258e+01  1.996099432434525397e+03  1.996116695408074293e+03  1.000200411885195717e+04  1.000205178079397410e+04
537 10742 1.991067e-01 2.626363e+01  1.996099432434525397e+03  1.996132447160580568e+03  1.996365567238708763e+03  1.000208472530262407e+04
538 10762 1.977115e-01 2.627190e+01  1.996099432434525397e+03  1.996196158159390734e+03  1.996371598572130097e+03  1.000202141685488459e+04
539 10782 1.968669e-01 2.628075e+01  1.996099432434525397e+03  1.996177390409213558e+03  1.000200127364017681e+04  1.000208163659927595e+04
540 10802 1.948126e-01 2.629728e+01  1.996099432434525397e+03  1.996208087989067735e+03  1.996350603556488750e+03  1.000205581449108286e+04
541 10822 1.927943e-01 2.630623e+01  1.996099432434525397e+03  1.996235219300944436e+03  1.996342946391749820e+03  1.000203089492197614e+04
542 10842 1.915311e-01 2.631026e+01  1.996099432434525397e+03  1.996158090432263862e+03  1.000200307930075724e+04  1.000206024320813594e+04
543 10862 1.906856e-01 2.630792e+01  1.996099432434525397e+03  1.996165849339983197e+03  1.996316233319081675e+03  1.000532424620151687e+04
544 10882 1.900016e-01 2.631304e+01  1.996099432434525397e+03  1.996174026114103071e+03  1.996321146118612432e+03  1.000207114927471048e+04
545 10902 1.896733e-01 2.631864e+01  1.996099432434525397e+03  1.996210133568722313e+03  1.996345215369156904e+03  1.000206745021978531e+04
546 10922 1.888545e-01 2.632585e+01  1.996099432434525397e+03  1.996155615559367789e+03  1.996349669407151850e+03  1.000205249931251637e+04
547 10942 1.892901e-01 2.632479e+01  1.996099432434525397e+03  1.996176960135122044e+03  1.000200300335397515e+04  1.000533795188304430e+04
548 10962 1.890126e-01 2.633910e+01  1.996099432434525397e+03  1.996205160901090721e+03  1.996320988969687960e+03  1.000202171724139043e+04
549 10982 1.888214e-01 2.633295e+01  1.996099432434525397e+03  1.996107834847469803e+03  5.999174468789050479e+03  1.000209052825705839e+04
550 11002 1.876354e-01 2.633836e+01  1.996099432434525397e+03  1.996184117305926975e+03  1.996405512797505480e+03  1.000203843052689444e+04
551 11022 1.866814e-01 2.633966e+01  1.996096862311050472e+03  1.996096862311050472e+03  5.999179340699206477e+03  1.000204710747942045e+04
552 11042 1.853925e-01 2.634709e+01  1.996096862311050472e+03  1.996178522122459526e+03  1.000200611245195978e+04  1.000203696211448187e+04
553 11062 1.843535e-01 2.635604e+01  1.996096862311050472e+03  1.996167199220888506e+03  1.000200332682239605e+04  1.000205106571045690e+04
554 11082 1.831131e-01 2.635598e+01  1.996096862311050472e+03  1.996117217260236657e+03  1.996318615506449987e+03  1.000203618319508496e+04
555 11102 1.804415e-01 2.635726e+01  1.996096862311050472e+03  1.996169849974797216e+03  1.996359505587320200e+03  1.000211825932259853e+04
556 11122 1.782817e-01 2.635100e+01  1.996096862311050472e+03  1.996159077683490295e+03  5.999185885630204211e+03  1.000217462188465288e+04
557 11142 1.760310e-01 2.636347e+01  1.996096862311050472e+03  1.996203369838676963e+03  1.000200629172056142e+04  1.000213486126946009e+04
558 11162 1.744259e-01 2.636713e+01  1.996096862311050472e+03  1.996193327091502624e+03  1.000200698359897433e+04  1.000209325232900119e+04
559 11182 1.726122e-01 2.637302e+01  1.996096862311050472e+03  1.996148712720819958e+03  1.000201725670977248e+04  1.000214998058115634e+04
560 11202 1.705426e-01 2.636815e+01  1.996076670144276704e+03  1.996076670144276704e+03  1.000200626032534637e+04  1.000209960123831661e+04
561 11222 1.682753e-01 2.636497e+01  1.996076670144276704e+03  1.996154766127632911e+03  1.000200839988525695e+04  1.000208811177253301e+04
562 11242 1.655965e-01 2.637284e+01  1.996076670144276704e+03  1.996135494230141830e+03  5.999161674776075415e+03  1.000205775065883245e+04
563 11262 1.630983e-01 2.637518e+01  1.996076670144276704e+03  1.996088284294248524e+03  1.000200365853335461e+04  1.000204202064265701e+04
564 11282 1.600943e-01 2.638340e+01  1.996076670144276704e+03  1.996131642035889627e+03  1.996332940776741452e+03  1.000208067873609616e+04
565 11302 1.574900e-01 2.638164e+01  1.996076670144276704e+03  1.996171524263614174e+03  1.000200688402684318e+04  1.000207113050774024e+04
566 11322 1.551586e-01 2.639058e+01  1.996076670144276704e+03  1.996154106246455740e+03  1.996326451823129901e+03  1.000207824866957526e+04
567 11342 1.526069e-01 2.639856e+01  1.996076670144276704e+03  1.996174689723204438e+03  1.996309765929283458e+03  1.000202524451885438e+04
568 11362 1.501660e-01 2.641636e+01  1.996076670144276704e+03  1.996142893265156545e+03  1.996254734546532973e+03  1.000205437128816448e+04
569 11382 1.482854e-01 2.643503e+01  1.996076670144276704e+03  1.996149172213286647e+03  1.996305410049763623e+03  1.000204227079988777e+04
570 11402 1.462959e-01 2.643383e+01  1.996076670144276704e+03  1.996130387278964463e+03  1.996199606717249253e+03  1.000204493734112475e+04
571 11422 1.442546e-01 2.642852e+01  1.996076670144276704e+03  1.996130850486800455e+03  1.000200679810031943e+04  1.000207387242007826e+04
572 11442 1.431305e-01 2.642690e+01  1.996076670144276704e+03  1.996160078940861922e+03  1.996277910669834228e+03  1.000201954021678648e+04
573 11462 1.419189e-01 2.644059e+01  1.996076670144276704e+03  1.996150955358184774e+03  1.000200094990174330e+04  1.000204005127179698e+04
574 11482 1.411299e-01 2.644297e+01  1.996076670144276704e+03  1.996164945275653963e+03  1.996248177013580516e+03  1.000204732384801719e+04
575 11502 1.402945e-01 2.644760e+01  1.996076670144276704e+03  1.996158035413204061e+03  1.996363254747590418e+03  1.000204076247094599e+04
576 11522 1.400583e-01 2.644549e+01  1.996076670144276704e+03  1.996137930963418285e+03  1.996235946946464992e+03  1.000202132072704626e+04
577 11542 1.400127e-01 2.644518e+01  1.996076670144276704e+03  1.996138067404882122e+03  5.999177434092937801e+03  1.000203548264376695e+04
578 11562 1.399229e-01 2.644969e+01  1.996076670144276704e+03  1.996138540680591404e+03  1.996212992260561350e+03  1.000202314635364928e+04
579 11582 1.395937e-01 2.644944e+01  1.996076670144276704e+03  1.996136553512002820e+03  1.000200637616770655e+04  1.000206135412924777e+04
580 11602 1.393397e-01 2.646032e+01  1.996076670144276704e+03  1.996139997485552158e+03  5.999170128308834137e+03  1.000205292926729453e+04
581 11622 1.392588e-01 2.645824e+01  1.996076670144276704e+03  1.996122635920821949e+03  1.996274520119979115e+03  1.000202888582747073e+04
582 11642 1.396845e-01 2.646064e+01  1.996076670144276704e+03  1.996116955821196598e+03  5.999174970619662417e+03  1.000206292833769476e+04
583 11662 1.403838e-01 2.646433e+01  1.996076670144276704e+03  1.996124438274451904e+03  1.996312531116297123e+03  1.000204195544413415e+04
584 11682 1.409940e-01 2.647291e+01  1.996076670144276704e+03  1.996123607095428952e+03  1.996201869274429100e+03  1.000205535775892895e+04
585 11702 1.417718e-01 2.647188e+01  1.996076670144276704e+03  1.996136883740279927e+03  1.996272680664344989e+03  1.000205272014132424e+04
586 11722 1.432592e-01 2.647813e+01  1.996076670144276704e+03  1.996118822094914549e+03  1.996259532761312585e+03  1.000206205730235888e+04
587 11742 1.448307e-01 2.648123e+01  1.996076670144276704e+03  1.996113979087215057e+03  5.999174882214042555e+03  1.000206801462120166e+04
588 11762 1.458309e-01 2.649238e+01  1.996076670144276704e+03  1.996119589390016472e+03  1.996213360216296678e+03  1.000206725895250383e+04
589 11782 1.472842e-01 2.649750e+01  1.996076670144276704e+03  1.996127011480311921e+03  1.000200303447547230e+04  1.000206021848957062e+04
590 11802 1.486132e-01 2.648988e+01  1.996076670144276704e+03  1.996123921903933933e+03  1.996242793569959304e+03  1.000204733307358038e+04
591 11822 1.496385e-01 2.651283e+01  1.996076670144276704e+03  1.996113047206396686e+03  5.999177909956648364e+03  1.000206426121149707e+04
592 11842 1.502219e-01 2.651935e+01  1.996076670144276704e+03  1.996126908008252030e+03  1.996322541153017937e+03  1.000208260702009102e+04
593 11862 1.513571e-01 2.652604e+01  1.996076670144276704e+03  1.996076783180906432e+03  1.996321413340861000e+03  1.000202735177898830e+04
594 11882 1.516813e-01 2.655018e+01  1.996076670144276704e+03  1.996116847935311853e+03  1.000200690426041911e+04  1.000209798250691892e+04
595 11902 1.521724e-01 2.655545e+01  1.996076670144276704e+03  1.996116639076095908e+03  1.000201976985216425e+04  1.000207333013721836e+04
596 11922 1.519368e-01 2.656356e+01  1.996076670144276704e+03  1.996104649522377031e+03  1.996318695284478508e+03  1.000203874041864583e+04
597 11942 1.519042e-01 2.655610e+01  1.996076670144276704e+03  1.996103147550834819e+03  1.996264371606951954e+03  1.000210349354076970e+04
598 11962 1.515320e-01 2.655899e+01  1.996076670144276704e+03  1.996115816074686791e+03  1.996242974016467997e+03  1.000204133361410277e+04
599 11982 1.502088e-01 2.656249e+01  1.996076670144276704e+03  1.996122968486825357e+03  1.996202470497819377e+03  1.000204196954014151e+04
600 12002 1.496676e-01 2.656006e+01  1.996076670144276704e+03  1.996143441155496021e+03  1.000200613723019342e+04  1.000209322220490503e+04
