%  columns="iteration, evaluation, sigma, axis ratio, bestever, best, median, worst fitness function value, further objective values of best" (startseed=209572, 2017/08/25 14:17:14.73)
1 21 1.605110e+00 3.361603e+01  1.376776175257184542e+00  1.629919922781675634e+00  2.230128965114216655e+00  3.896248912687794164e+00
2 41 1.554678e+00 3.362047e+01  1.376776175257184542e+00  1.846834252838374102e+00  2.249915871177471161e+00  7.477876284148134545e+00
3 61 1.509538e+00 3.362103e+01  1.376776175257184542e+00  1.898186090291564820e+00  2.292870613965456883e+00  3.291275676883824719e+00
4 81 1.473550e+00 3.363885e+01  1.376776175257184542e+00  1.783577068578812375e+00  2.267374983380543441e+00  3.944877717782308224e+00
5 101 1.444157e+00 3.364452e+01  1.376776175257184542e+00  1.984416149823194031e+00  2.388413582182478123e+00  4.002889439665399784e+00
6 121 1.412902e+00 3.363828e+01  1.376776175257184542e+00  1.981912314258374774e+00  2.471962536188402559e+00  4.791302057835397754e+00
7 141 1.382112e+00 3.366256e+01  1.376776175257184542e+00  1.853597339601159799e+00  2.225074039927016134e+00  2.732995465850757366e+00
8 161 1.357884e+00 3.366378e+01  1.376776175257184542e+00  2.045862336413742710e+00  2.310861724195324207e+00  3.199830581997348045e+00
9 181 1.341441e+00 3.368663e+01  1.376776175257184542e+00  1.586637494987877872e+00  2.275778157230276655e+00  3.879077802908509565e+00
10 201 1.327265e+00 3.369239e+01  1.376776175257184542e+00  1.790973284980525326e+00  2.125219900184354138e+00  2.482748619847853000e+00
11 221 1.313941e+00 3.367352e+01  1.376776175257184542e+00  1.786608985248701265e+00  2.227508587472685431e+00  3.242016337924030100e+00
12 241 1.307535e+00 3.367842e+01  1.376776175257184542e+00  1.762362857197171007e+00  2.101611931094654828e+00  2.895210789127550477e+00
13 261 1.298812e+00 3.367208e+01  1.376776175257184542e+00  1.612726556692439361e+00  2.088932724401042940e+00  2.469229159913647553e+00
14 281 1.292721e+00 3.367229e+01  1.376776175257184542e+00  1.761736100662718130e+00  2.219278488749681699e+00  2.529818211270886685e+00
15 301 1.301849e+00 3.367960e+01  1.376776175257184542e+00  1.713731857280182957e+00  2.116183235297511622e+00  2.784159383977886648e+00
16 321 1.306766e+00 3.368733e+01  1.376776175257184542e+00  1.760641785817532501e+00  2.007045540607703238e+00  2.629974536557742937e+00
17 341 1.308681e+00 3.369943e+01  1.376776175257184542e+00  1.753500924354885360e+00  2.028415332065880428e+00  3.051682540581795777e+00
18 361 1.308403e+00 3.371492e+01  1.376776175257184542e+00  1.782856251991904450e+00  1.968899641097009212e+00  2.697342366298928429e+00
19 381 1.306258e+00 3.372201e+01  1.376776175257184542e+00  1.755671232579069985e+00  2.092111626566014237e+00  2.753458902254597440e+00
20 401 1.302680e+00 3.372220e+01  1.376776175257184542e+00  1.682027261424637654e+00  1.987178103968491261e+00  3.768602817086684098e+00
21 421 1.307562e+00 3.371430e+01  1.376776175257184542e+00  1.681023779079361846e+00  2.129585890825439698e+00  2.606648506459245951e+00
22 441 1.311267e+00 3.370608e+01  1.376776175257184542e+00  1.727633768862274266e+00  2.113786304108725922e+00  3.457658150679667308e+00
23 461 1.314041e+00 3.369000e+01  1.376776175257184542e+00  1.697307157787376619e+00  2.060982184256560323e+00  6.629589836522665536e+00
24 481 1.311831e+00 3.367076e+01  1.376776175257184542e+00  1.650262188203345026e+00  1.913832710542909599e+00  2.372478574501868387e+00
25 501 1.300667e+00 3.367791e+01  1.376776175257184542e+00  1.650741604206462432e+00  2.083419321206782637e+00  2.948547421813732416e+00
26 521 1.290531e+00 3.366379e+01  1.376776175257184542e+00  1.751470359892994599e+00  1.947862582576507240e+00  2.324405859267518082e+00
27 541 1.281154e+00 3.366030e+01  1.376776175257184542e+00  1.714351732647297455e+00  2.107292373512310135e+00  2.570924076053978879e+00
28 561 1.271790e+00 3.367297e+01  1.376776175257184542e+00  1.620557447520352801e+00  2.047080371086366313e+00  2.687859377562423102e+00
29 581 1.262121e+00 3.367080e+01  1.376776175257184542e+00  1.705936226283585988e+00  2.036619687359213060e+00  7.230044084450690356e+00
30 601 1.249385e+00 3.366481e+01  1.376776175257184542e+00  1.640293627871477922e+00  1.921414597074317054e+00  2.550902552045781313e+00
31 621 1.235857e+00 3.366520e+01  1.376776175257184542e+00  1.642494321548536362e+00  2.092430386100477158e+00  2.626562588310860757e+00
32 641 1.228476e+00 3.367927e+01  1.376776175257184542e+00  1.572295720433023014e+00  1.974976165495716751e+00  7.072268180153366224e+00
33 661 1.225825e+00 3.369770e+01  1.376776175257184542e+00  1.651103979767921670e+00  2.012968680362796192e+00  2.743024465185111449e+00
34 681 1.222060e+00 3.370500e+01  1.376776175257184542e+00  1.790780499183187491e+00  2.143108227115332554e+00  2.567803648625913482e+00
35 701 1.213206e+00 3.370281e+01  1.376776175257184542e+00  1.730419736321032964e+00  2.067488945877555828e+00  2.529286505738911561e+00
36 721 1.206226e+00 3.369860e+01  1.376776175257184542e+00  1.704215693274414356e+00  1.937710180874214316e+00  3.215965898744480356e+00
37 741 1.202054e+00 3.368631e+01  1.376776175257184542e+00  1.650457738613173575e+00  2.117401539321450699e+00  2.852931457410515570e+00
38 761 1.196651e+00 3.368155e+01  1.376776175257184542e+00  1.699534371510133868e+00  2.032419037652167582e+00  2.343669872206334936e+00
39 781 1.197338e+00 3.367537e+01  1.376776175257184542e+00  1.684695393783213424e+00  2.191663822543369999e+00  7.347704488930561162e+00
40 801 1.191753e+00 3.368368e+01  1.376776175257184542e+00  1.797426593245978310e+00  2.093769310216640811e+00  2.424598097704148358e+00
41 821 1.185579e+00 3.369174e+01  1.376776175257184542e+00  1.752831513002240937e+00  2.065483724101046636e+00  6.900641759469687386e+00
42 841 1.174565e+00 3.371019e+01  1.376776175257184542e+00  1.666715251668970721e+00  1.989427453263920009e+00  2.972322714719474845e+00
43 861 1.166148e+00 3.371365e+01  1.376776175257184542e+00  1.624159212893825366e+00  1.973583000706057744e+00  2.419337928767391954e+00
44 881 1.156408e+00 3.370658e+01  1.376776175257184542e+00  1.685122728055315156e+00  2.040750990719194746e+00  2.710290878583615726e+00
45 901 1.150911e+00 3.368457e+01  1.376776175257184542e+00  1.803402011268383953e+00  2.103911701872967832e+00  6.881337140074048619e+00
46 921 1.150135e+00 3.368179e+01  1.376776175257184542e+00  1.854321390237026801e+00  2.023100919272032172e+00  6.731247714365840018e+00
47 941 1.145166e+00 3.367311e+01  1.376776175257184542e+00  1.740048438224550464e+00  2.280916161476707948e+00  3.082363388152202344e+00
48 961 1.145310e+00 3.367067e+01  1.376776175257184542e+00  1.825725972514508300e+00  1.970405926911120709e+00  2.475740634858468070e+00
49 981 1.144800e+00 3.367913e+01  1.376776175257184542e+00  1.768143510232098592e+00  1.975226204430921673e+00  2.613312979984926621e+00
50 1001 1.139619e+00 3.369784e+01  1.376776175257184542e+00  1.826646751130313717e+00  2.030880104475897951e+00  2.486350626635471350e+00
51 1021 1.134927e+00 3.369815e+01  1.376776175257184542e+00  1.823924662678259923e+00  1.981670602192248776e+00  2.725081221702633005e+00
52 1041 1.130859e+00 3.370197e+01  1.376776175257184542e+00  1.712476104345522332e+00  1.944443042976394587e+00  3.111285653045413380e+00
53 1061 1.119053e+00 3.370626e+01  1.376776175257184542e+00  1.697891921297658202e+00  2.038028459578161034e+00  7.332337692886979674e+00
54 1081 1.107038e+00 3.369922e+01  1.376776175257184542e+00  1.791572285968282996e+00  1.978108221199236016e+00  2.850871629917464123e+00
55 1101 1.095495e+00 3.371062e+01  1.376776175257184542e+00  1.717812924015609033e+00  1.955528508581296787e+00  2.973024823116625193e+00
56 1121 1.088200e+00 3.371400e+01  1.376776175257184542e+00  1.716574258464202307e+00  1.912640050978472450e+00  2.514211747030619115e+00
57 1141 1.081344e+00 3.372339e+01  1.376776175257184542e+00  1.614037878318731689e+00  1.904615602615435943e+00  2.208433618757799533e+00
58 1161 1.077351e+00 3.376098e+01  1.376776175257184542e+00  1.577162869117521016e+00  1.949023603711882879e+00  3.470106647971618941e+00
59 1181 1.070324e+00 3.376057e+01  1.376776175257184542e+00  1.593233147914047798e+00  1.871464607433320104e+00  2.562656955066943354e+00
60 1201 1.063908e+00 3.378006e+01  1.376776175257184542e+00  1.649410644517538271e+00  1.799359567921011482e+00  2.947108723000281483e+00
61 1221 1.062889e+00 3.378195e+01  1.376776175257184542e+00  1.597463125704407849e+00  1.830748360147999243e+00  2.853568748382818487e+00
62 1241 1.067824e+00 3.378862e+01  1.376776175257184542e+00  1.650485800606100062e+00  1.853208096538771166e+00  2.118815431191964027e+00
63 1261 1.069719e+00 3.380796e+01  1.376776175257184542e+00  1.621329967513573056e+00  1.923092795301371005e+00  7.052418466423689303e+00
64 1281 1.066243e+00 3.382769e+01  1.376776175257184542e+00  1.642834391943153172e+00  1.889573052995972002e+00  2.231782854535542704e+00
65 1301 1.066929e+00 3.383982e+01  1.376776175257184542e+00  1.686453799590911684e+00  1.831646559863012502e+00  2.159110543088759826e+00
66 1321 1.067316e+00 3.384524e+01  1.376776175257184542e+00  1.678759994779553510e+00  1.865227832621231041e+00  2.291132543326228621e+00
67 1341 1.063917e+00 3.386250e+01  1.376776175257184542e+00  1.660758729801105504e+00  1.938036811969453543e+00  2.771323766125508570e+00
68 1361 1.059125e+00 3.386185e+01  1.376776175257184542e+00  1.600228732632720696e+00  1.827755808562917306e+00  2.152235302899249803e+00
69 1381 1.054274e+00 3.386544e+01  1.376776175257184542e+00  1.611814749293766225e+00  1.922376751560635588e+00  2.141586820676212533e+00
70 1401 1.050934e+00 3.386630e+01  1.376776175257184542e+00  1.639419106311511776e+00  1.941653746642619138e+00  6.783740953189076883e+00
71 1421 1.048996e+00 3.387152e+01  1.376776175257184542e+00  1.623181180105232269e+00  1.818272111770011357e+00  1.981621846054907765e+00
72 1441 1.050335e+00 3.385877e+01  1.376776175257184542e+00  1.658401149343886827e+00  1.847223377681384893e+00  2.160419212151247770e+00
73 1461 1.049049e+00 3.385830e+01  1.376776175257184542e+00  1.633202314505807218e+00  1.869298204664064045e+00  6.898830681639659623e+00
74 1481 1.049288e+00 3.385051e+01  1.376776175257184542e+00  1.551586534061635492e+00  1.824690436085779632e+00  2.153679759283417816e+00
75 1501 1.050775e+00 3.384814e+01  1.376776175257184542e+00  1.584036813544798417e+00  1.828726807124844367e+00  2.261112240991690392e+00
76 1521 1.052750e+00 3.384881e+01  1.376776175257184542e+00  1.614961782539274582e+00  1.741432812604389868e+00  2.045284998512622909e+00
77 1541 1.055484e+00 3.384330e+01  1.376776175257184542e+00  1.669564253320618086e+00  1.864694693373090129e+00  2.401241603600543950e+00
78 1561 1.064740e+00 3.383753e+01  1.376776175257184542e+00  1.647517999235793784e+00  1.860332708954916647e+00  2.314363741857011547e+00
79 1581 1.072165e+00 3.383583e+01  1.376776175257184542e+00  1.618591356388919600e+00  1.918570839151258589e+00  2.220256691329242305e+00
80 1601 1.083383e+00 3.383216e+01  1.376776175257184542e+00  1.701360532404303072e+00  1.935516824100867561e+00  2.266689570227538031e+00
81 1621 1.093118e+00 3.384499e+01  1.376776175257184542e+00  1.620413970582328611e+00  1.818358557218189731e+00  2.124141894312865819e+00
82 1641 1.097157e+00 3.386012e+01  1.376776175257184542e+00  1.642515428348669593e+00  1.954839370878224791e+00  2.256459358429383499e+00
83 1661 1.095327e+00 3.386471e+01  1.376776175257184542e+00  1.633759285271340511e+00  1.901240607248359193e+00  2.194654664921563469e+00
84 1681 1.090052e+00 3.386385e+01  1.376776175257184542e+00  1.580268467505971497e+00  1.902193768559989451e+00  2.234104355972505118e+00
85 1701 1.084358e+00 3.387542e+01  1.376776175257184542e+00  1.689443741170547852e+00  1.834639311756938618e+00  2.208794653514732698e+00
86 1721 1.081765e+00 3.386562e+01  1.376776175257184542e+00  1.666533247211421376e+00  1.871539867191033046e+00  2.130019567097047428e+00
87 1741 1.084277e+00 3.388446e+01  1.376776175257184542e+00  1.625135294425928523e+00  1.873463152271387155e+00  2.486294993655273178e+00
88 1761 1.083613e+00 3.389702e+01  1.376776175257184542e+00  1.625615384720716428e+00  1.853020641793683199e+00  2.092515854475935022e+00
89 1781 1.085530e+00 3.389637e+01  1.376776175257184542e+00  1.659577325711122153e+00  1.847983831809985933e+00  2.176678374824921214e+00
90 1801 1.085819e+00 3.389230e+01  1.376776175257184542e+00  1.637838201621382384e+00  1.780283935334990630e+00  2.099370515482108068e+00
91 1821 1.087078e+00 3.389688e+01  1.376776175257184542e+00  1.630868671337590392e+00  1.844200482971936061e+00  2.413766908956466839e+00
92 1841 1.083254e+00 3.389820e+01  1.376776175257184542e+00  1.658762053791812408e+00  1.800944748998618783e+00  2.174959968319189585e+00
93 1861 1.078549e+00 3.391363e+01  1.376776175257184542e+00  1.666891796694031758e+00  1.842200586004147267e+00  2.230927278371608757e+00
94 1881 1.072237e+00 3.391350e+01  1.376776175257184542e+00  1.660128174139225310e+00  1.805286558392117602e+00  2.116576967967692458e+00
95 1901 1.069224e+00 3.393499e+01  1.376776175257184542e+00  1.637010675193713682e+00  1.935909884432929662e+00  2.081762270220144817e+00
96 1921 1.067970e+00 3.392615e+01  1.376776175257184542e+00  1.701150854299299686e+00  1.847253340386623144e+00  2.487398563643906879e+00
97 1941 1.068202e+00 3.393081e+01  1.376776175257184542e+00  1.737136513468931165e+00  1.944686466561242444e+00  2.324216103334836081e+00
98 1961 1.066781e+00 3.393551e+01  1.376776175257184542e+00  1.653662939628564921e+00  1.904342798422112182e+00  2.249294961817189797e+00
99 1981 1.063060e+00 3.394163e+01  1.376776175257184542e+00  1.718456224615428685e+00  1.898272871637384451e+00  2.351271811708163906e+00
100 2001 1.062130e+00 3.393661e+01  1.376776175257184542e+00  1.700419618252970722e+00  1.873707450069927116e+00  2.633013773352853804e+00
101 2021 1.062642e+00 3.393733e+01  1.376776175257184542e+00  1.640162200154349215e+00  1.813836491031576514e+00  2.285771119454078182e+00
102 2041 1.058843e+00 3.394909e+01  1.376776175257184542e+00  1.690435108051090873e+00  1.906791705297344208e+00  2.482840093381271540e+00
103 2061 1.049779e+00 3.395711e+01  1.376776175257184542e+00  1.622529981846398073e+00  1.890604201029118414e+00  2.281320307728425867e+00
104 2081 1.036279e+00 3.396199e+01  1.376776175257184542e+00  1.626543163454829521e+00  1.821403915758001535e+00  2.090177781260425416e+00
105 2101 1.023710e+00 3.397429e+01  1.376776175257184542e+00  1.644780821340331434e+00  1.733669183795264246e+00  2.385551093750819529e+00
106 2121 1.008953e+00 3.398343e+01  1.376776175257184542e+00  1.686921200558114453e+00  1.900720529508955092e+00  2.272201906611415190e+00
107 2141 9.943638e-01 3.398828e+01  1.376776175257184542e+00  1.666578100875792501e+00  1.941115274158099258e+00  2.318735467819556639e+00
108 2161 9.784115e-01 3.401624e+01  1.376776175257184542e+00  1.642201927223090996e+00  1.815553519228556345e+00  2.232447055379650713e+00
109 2181 9.630006e-01 3.402444e+01  1.376776175257184542e+00  1.650004666726449187e+00  1.831185354119794884e+00  2.384130557650555815e+00
110 2201 9.489523e-01 3.402167e+01  1.376776175257184542e+00  1.683225190660684545e+00  1.840132605739564164e+00  2.721773088831572096e+00
111 2221 9.342479e-01 3.403559e+01  1.376776175257184542e+00  1.679233357442164065e+00  1.865142180971268493e+00  2.083013263353051148e+00
112 2241 9.190801e-01 3.403492e+01  1.376776175257184542e+00  1.702041553259568296e+00  1.822431320646560771e+00  2.368766841139865242e+00
113 2261 9.084561e-01 3.403725e+01  1.376776175257184542e+00  1.658501553183627575e+00  1.835027526262098307e+00  2.140814115344415125e+00
114 2281 9.052755e-01 3.403794e+01  1.376776175257184542e+00  1.662744940703774432e+00  1.807691118933747454e+00  1.987521661335667433e+00
115 2301 9.031428e-01 3.404642e+01  1.376776175257184542e+00  1.660832710330420792e+00  1.869903178921963338e+00  2.219537785476090264e+00
116 2321 8.999532e-01 3.405449e+01  1.376776175257184542e+00  1.577130361263731073e+00  1.839803794243843216e+00  2.186692883231740048e+00
117 2341 8.979377e-01 3.403885e+01  1.376776175257184542e+00  1.629741823764532471e+00  1.760017254386522012e+00  2.080612839721960761e+00
118 2361 8.950843e-01 3.403422e+01  1.376776175257184542e+00  1.591837907323730539e+00  1.744332440759271519e+00  2.061017845334647713e+00
119 2381 8.956106e-01 3.403834e+01  1.376776175257184542e+00  1.598645404913648038e+00  1.744237951738731418e+00  2.334626955971355056e+00
120 2401 8.994541e-01 3.405259e+01  1.376776175257184542e+00  1.574236388417270760e+00  1.812680195016616702e+00  2.111972317220731643e+00
121 2421 9.012288e-01 3.405025e+01  1.376776175257184542e+00  1.646934193824186377e+00  1.764027348090525305e+00  2.046360276189678196e+00
122 2441 9.055972e-01 3.406465e+01  1.376776175257184542e+00  1.601098300151049481e+00  1.759537684593195817e+00  2.147327255661479750e+00
123 2461 9.073609e-01 3.407174e+01  1.376776175257184542e+00  1.623604935671870919e+00  1.799301224602919635e+00  2.328577303350420458e+00
124 2481 9.108925e-01 3.408203e+01  1.376776175257184542e+00  1.692156427474551084e+00  1.841148849576032864e+00  2.158835969825787071e+00
125 2501 9.135905e-01 3.409768e+01  1.376776175257184542e+00  1.616986741557997709e+00  1.766698338159596648e+00  2.161571179717661995e+00
126 2521 9.187272e-01 3.410360e+01  1.376776175257184542e+00  1.565030134621600011e+00  1.781167425007113003e+00  2.073542778789820851e+00
127 2541 9.238109e-01 3.411684e+01  1.376776175257184542e+00  1.557974299931434548e+00  1.795792671225809212e+00  4.205991346992921542e+00
128 2561 9.272038e-01 3.413513e+01  1.376776175257184542e+00  1.648727885970216800e+00  1.791693875687004223e+00  2.157979995094069015e+00
129 2581 9.295066e-01 3.414678e+01  1.376776175257184542e+00  1.670005916155350656e+00  1.801807169978939749e+00  6.896938380889242381e+00
130 2601 9.303986e-01 3.415675e+01  1.376776175257184542e+00  1.596043552677719468e+00  1.779901888126500076e+00  2.057773472416400740e+00
131 2621 9.296818e-01 3.417120e+01  1.376776175257184542e+00  1.635732617152937829e+00  1.818821326636781421e+00  6.661600867419237737e+00
132 2641 9.269977e-01 3.417356e+01  1.376776175257184542e+00  1.577569342215709769e+00  1.772139515647595864e+00  2.946434301480472584e+00
133 2661 9.236955e-01 3.420329e+01  1.376776175257184542e+00  1.600620504862074744e+00  1.762171468128858498e+00  2.232273218069873444e+00
134 2681 9.190531e-01 3.419584e+01  1.376776175257184542e+00  1.616551718210273547e+00  1.811121278936762558e+00  2.115855508471449653e+00
135 2701 9.134352e-01 3.418842e+01  1.376776175257184542e+00  1.691510213075302138e+00  1.894305058740138215e+00  2.560715803577027661e+00
136 2721 9.059570e-01 3.419789e+01  1.376776175257184542e+00  1.627651203658976087e+00  1.842104748454556518e+00  6.778617792018790666e+00
137 2741 9.041661e-01 3.419917e+01  1.376776175257184542e+00  1.637670795687895531e+00  1.765847473397112122e+00  2.053428512185049737e+00
138 2761 9.028621e-01 3.421707e+01  1.376776175257184542e+00  1.606230886887068054e+00  1.795407567083444400e+00  2.203762237730650941e+00
139 2781 9.002738e-01 3.422344e+01  1.376776175257184542e+00  1.605390043997568794e+00  1.844051026747802080e+00  1.979054784745875262e+00
140 2801 8.953273e-01 3.420938e+01  1.376776175257184542e+00  1.665398617675946547e+00  1.784245205219910924e+00  2.369724117732053159e+00
141 2821 8.934169e-01 3.421154e+01  1.376776175257184542e+00  1.534550808845524861e+00  1.798029830977716959e+00  7.258117839836451424e+00
142 2841 8.880109e-01 3.420771e+01  1.376776175257184542e+00  1.599005240290196639e+00  1.853616335935735826e+00  5.756220335277636657e+00
143 2861 8.784429e-01 3.420172e+01  1.376776175257184542e+00  1.678621449280016886e+00  1.839888998226045569e+00  2.669593449280637021e+00
144 2881 8.687384e-01 3.419435e+01  1.376776175257184542e+00  1.612864302508626002e+00  1.764535739526890801e+00  2.056004864336065996e+00
145 2901 8.595734e-01 3.420618e+01  1.376776175257184542e+00  1.621866661102082441e+00  1.842529916759256814e+00  2.145512304656395752e+00
146 2921 8.540550e-01 3.420515e+01  1.376776175257184542e+00  1.634057020052812392e+00  1.779230176005996533e+00  2.052084595959774660e+00
147 2941 8.468612e-01 3.420268e+01  1.376776175257184542e+00  1.610671395068298706e+00  1.714035836949237890e+00  2.063197507224077576e+00
148 2961 8.391466e-01 3.418824e+01  1.376776175257184542e+00  1.642865250401487343e+00  1.765187452581517213e+00  2.410010143400210580e+00
149 2981 8.300397e-01 3.419753e+01  1.376776175257184542e+00  1.619432243518807990e+00  1.799192158296205157e+00  2.060406378742928535e+00
150 3001 8.213852e-01 3.421385e+01  1.376776175257184542e+00  1.612644899600602644e+00  1.762504811743638378e+00  1.995183849210044214e+00
151 3021 8.129754e-01 3.422002e+01  1.376776175257184542e+00  1.598453185879049387e+00  1.703964420224766130e+00  2.120784379644515827e+00
152 3041 8.094270e-01 3.426155e+01  1.376776175257184542e+00  1.600579299170029390e+00  1.714316744561103167e+00  1.972119599965493908e+00
153 3061 8.091659e-01 3.426993e+01  1.376776175257184542e+00  1.597038873514981194e+00  1.728818630129057343e+00  1.974873975965000694e+00
154 3081 8.079788e-01 3.428112e+01  1.376776175257184542e+00  1.603145000869491188e+00  1.698504839657886123e+00  6.905618945596926572e+00
155 3101 8.052716e-01 3.428514e+01  1.376776175257184542e+00  1.569081054511817230e+00  1.740250276690110898e+00  1.979474753291930123e+00
156 3121 8.064074e-01 3.428466e+01  1.376776175257184542e+00  1.600337782502380346e+00  1.687387585869227546e+00  2.117377576550775853e+00
157 3141 8.009012e-01 3.431634e+01  1.376776175257184542e+00  1.595421628533199465e+00  1.711840912729692299e+00  1.929149543218460661e+00
158 3161 7.918320e-01 3.433155e+01  1.376776175257184542e+00  1.633843394593843312e+00  1.733625768356529040e+00  1.996058800573381919e+00
159 3181 7.875166e-01 3.435196e+01  1.376776175257184542e+00  1.562299028617552654e+00  1.735798927604518482e+00  2.520140292550683725e+00
160 3201 7.837168e-01 3.435276e+01  1.376776175257184542e+00  1.566465952557615671e+00  1.655091538799758233e+00  1.789784231004589721e+00
161 3221 7.800890e-01 3.436885e+01  1.376776175257184542e+00  1.563954422110584330e+00  1.654289904970687397e+00  2.416817520927394547e+00
162 3241 7.764971e-01 3.437459e+01  1.376776175257184542e+00  1.563219662602992388e+00  1.720155383692800743e+00  2.010826567853172708e+00
163 3261 7.770234e-01 3.438763e+01  1.376776175257184542e+00  1.606228267429023360e+00  1.710262469323529988e+00  2.097647929693695623e+00
164 3281 7.780900e-01 3.437603e+01  1.376776175257184542e+00  1.584309378495680320e+00  1.672649024177089494e+00  1.874264861328814202e+00
165 3301 7.803877e-01 3.440369e+01  1.376776175257184542e+00  1.597250174328706640e+00  1.712664089610668627e+00  1.952446415148997971e+00
166 3321 7.803628e-01 3.444493e+01  1.376776175257184542e+00  1.570406106396792678e+00  1.684372077546692381e+00  1.858462072762302464e+00
167 3341 7.855068e-01 3.445289e+01  1.376776175257184542e+00  1.604576031411657722e+00  1.771712155013871026e+00  2.096695047202563611e+00
168 3361 7.886182e-01 3.445634e+01  1.376776175257184542e+00  1.591710888092091825e+00  1.698744457939783681e+00  1.814853673959627267e+00
169 3381 7.884133e-01 3.446526e+01  1.376776175257184542e+00  1.582172330971476359e+00  1.675689050040209960e+00  6.873083448135509421e+00
170 3401 7.906305e-01 3.450916e+01  1.376776175257184542e+00  1.578650768977356345e+00  1.686848441082288819e+00  1.759650313913548647e+00
171 3421 7.873392e-01 3.450622e+01  1.376776175257184542e+00  1.604440907156737817e+00  1.664498232979384262e+00  2.434825945642470124e+00
172 3441 7.855330e-01 3.454194e+01  1.376776175257184542e+00  1.603465090836964313e+00  1.703432367819759818e+00  1.911276371192096368e+00
173 3461 7.845246e-01 3.456826e+01  1.376776175257184542e+00  1.582864482972801579e+00  1.708701797721106530e+00  1.893877107853321862e+00
174 3481 7.840901e-01 3.458533e+01  1.376776175257184542e+00  1.630132434260459284e+00  1.749222584733194585e+00  1.985737487398613998e+00
175 3501 7.846755e-01 3.461829e+01  1.376776175257184542e+00  1.590562400910973118e+00  1.735472872891376195e+00  1.905433596401841401e+00
176 3521 7.853362e-01 3.465394e+01  1.376776175257184542e+00  1.604319857913328429e+00  1.680554159551530091e+00  1.966756146637305802e+00
177 3541 7.867808e-01 3.468100e+01  1.376776175257184542e+00  1.635582580135503061e+00  1.714340534345277556e+00  5.347414083510235727e+00
178 3561 7.893661e-01 3.472003e+01  1.376776175257184542e+00  1.622552981226507596e+00  1.754524198776360233e+00  2.044648221390017007e+00
179 3581 7.880461e-01 3.477931e+01  1.376776175257184542e+00  1.542151606171104472e+00  1.728188585141743339e+00  7.160729281826023751e+00
180 3601 7.846250e-01 3.480521e+01  1.376776175257184542e+00  1.602776396095344724e+00  1.808885954801630946e+00  2.164834751535503088e+00
181 3621 7.795363e-01 3.483262e+01  1.376776175257184542e+00  1.558499734550616855e+00  1.766385137870082556e+00  6.838520179387975517e+00
182 3641 7.754241e-01 3.484514e+01  1.376776175257184542e+00  1.596423823801307318e+00  1.735477633189836277e+00  2.279725919115389132e+00
183 3661 7.745130e-01 3.486347e+01  1.376776175257184542e+00  1.603144801548069376e+00  1.703377054202788843e+00  1.966017310683248587e+00
184 3681 7.741367e-01 3.488107e+01  1.376776175257184542e+00  1.556651813121255445e+00  1.904090900714762391e+00  2.708431414131886594e+00
185 3701 7.713318e-01 3.488529e+01  1.376776175257184542e+00  1.593577507624536427e+00  1.709928110475526619e+00  1.973425470967673734e+00
186 3721 7.696063e-01 3.488388e+01  1.376776175257184542e+00  1.560989491745685687e+00  1.761044458118939282e+00  2.286851519761315732e+00
187 3741 7.666649e-01 3.489512e+01  1.376776175257184542e+00  1.546635689588884199e+00  1.747781617229122508e+00  2.091244496747921566e+00
188 3761 7.619412e-01 3.491019e+01  1.376776175257184542e+00  1.663476182182176633e+00  1.781175947440298168e+00  2.082910280996987051e+00
189 3781 7.544386e-01 3.492468e+01  1.376776175257184542e+00  1.575843692574917965e+00  1.671559759011810309e+00  1.819516500762691891e+00
190 3801 7.438056e-01 3.492625e+01  1.376776175257184542e+00  1.574861690329414143e+00  1.690976820742032150e+00  6.891952329437849301e+00
191 3821 7.361308e-01 3.493657e+01  1.376776175257184542e+00  1.539824467638641892e+00  1.696220124878978552e+00  2.316886907363683967e+00
192 3841 7.305074e-01 3.495244e+01  1.376776175257184542e+00  1.571160715565615540e+00  1.707911617118348602e+00  1.891558955741011516e+00
193 3861 7.269482e-01 3.499459e+01  1.376776175257184542e+00  1.567413534422748000e+00  1.718990373301484631e+00  1.978952327864274885e+00
194 3881 7.244324e-01 3.498847e+01  1.376776175257184542e+00  1.568369628881745692e+00  1.689955220349341314e+00  1.819834080587026781e+00
195 3901 7.218104e-01 3.500128e+01  1.376776175257184542e+00  1.572689977246554349e+00  1.680494152802825880e+00  6.710835152724711428e+00
196 3921 7.150706e-01 3.500952e+01  1.376776175257184542e+00  1.555472668060395414e+00  1.649530258044398456e+00  2.064989697528029300e+00
197 3941 7.083129e-01 3.501159e+01  1.376776175257184542e+00  1.539216260493883270e+00  1.625533497671603378e+00  6.892018826307194423e+00
198 3961 7.034486e-01 3.501038e+01  1.376776175257184542e+00  1.575864677347790455e+00  1.651377791679438545e+00  6.956314369663685326e+00
199 3981 6.976667e-01 3.500230e+01  1.376776175257184542e+00  1.587314021923146301e+00  1.658722771413024599e+00  1.831306907660282590e+00
200 4001 6.885047e-01 3.499507e+01  1.376776175257184542e+00  1.562248442623491496e+00  1.654895057736781805e+00  1.771444397931807080e+00
201 4021 6.798710e-01 3.503589e+01  1.376776175257184542e+00  1.576575575566059761e+00  1.707987175001386859e+00  1.880828891259861191e+00
202 4041 6.707579e-01 3.503857e+01  1.376776175257184542e+00  1.596618770092846251e+00  1.680097672140091092e+00  1.764457331312417443e+00
203 4061 6.640780e-01 3.507512e+01  1.376776175257184542e+00  1.594850998038916501e+00  1.661074505918309185e+00  1.905881172259732637e+00
204 4081 6.594019e-01 3.507953e+01  1.376776175257184542e+00  1.576280967686824130e+00  1.667555466777605133e+00  1.969674226030270869e+00
205 4101 6.565356e-01 3.506598e+01  1.376776175257184542e+00  1.542860746209262723e+00  1.677642497673365041e+00  2.262521691385094513e+00
206 4121 6.552305e-01 3.505431e+01  1.376776175257184542e+00  1.564077439906639722e+00  1.650235836971024384e+00  1.863817905393268193e+00
207 4141 6.534782e-01 3.506437e+01  1.376776175257184542e+00  1.579555567816417261e+00  1.649334457239651552e+00  1.870026713317630485e+00
208 4161 6.523422e-01 3.509697e+01  1.376776175257184542e+00  1.562351784017586231e+00  1.671437191446325299e+00  6.778795320753296494e+00
209 4181 6.510434e-01 3.510835e+01  1.376776175257184542e+00  1.548161757132357819e+00  1.667774580379466132e+00  1.867397081466852571e+00
210 4201 6.485738e-01 3.512721e+01  1.376776175257184542e+00  1.546423432969587841e+00  1.610291398974854404e+00  1.971134270424675483e+00
211 4221 6.495645e-01 3.512716e+01  1.376776175257184542e+00  1.551818413097889815e+00  1.617447495951940706e+00  2.036270591527515439e+00
212 4241 6.537683e-01 3.512631e+01  1.376776175257184542e+00  1.529244526847803431e+00  1.656761173066538140e+00  2.117614247832484864e+00
213 4261 6.587634e-01 3.515182e+01  1.376776175257184542e+00  1.534007374278229863e+00  1.611993040780736575e+00  1.707760031275171952e+00
214 4281 6.610464e-01 3.515742e+01  1.376776175257184542e+00  1.534550908017488391e+00  1.648069055018778428e+00  1.783060361016759243e+00
215 4301 6.599195e-01 3.518026e+01  1.376776175257184542e+00  1.556534560654908583e+00  1.620227757315891859e+00  1.939814413464073350e+00
216 4321 6.585516e-01 3.518616e+01  1.376776175257184542e+00  1.560549772259118173e+00  1.654537660995695436e+00  1.792560288725359774e+00
217 4341 6.542634e-01 3.519756e+01  1.376776175257184542e+00  1.579515079942872546e+00  1.631261476946792799e+00  1.908950562411375618e+00
218 4361 6.509147e-01 3.520321e+01  1.376776175257184542e+00  1.565509888985858078e+00  1.648321197224058565e+00  1.812972457993175857e+00
219 4381 6.439555e-01 3.520329e+01  1.376776175257184542e+00  1.553208161900391238e+00  1.635586689309059150e+00  1.947180973059952303e+00
220 4401 6.408582e-01 3.521735e+01  1.376776175257184542e+00  1.582376230278484286e+00  1.635161149474626319e+00  6.773803719413889368e+00
221 4421 6.378234e-01 3.526865e+01  1.376776175257184542e+00  1.527809199608844981e+00  1.633231521508527129e+00  1.860566872794112259e+00
222 4441 6.360635e-01 3.529963e+01  1.376776175257184542e+00  1.506069467883419666e+00  1.604150186214520213e+00  2.010050268754585812e+00
223 4461 6.350087e-01 3.530736e+01  1.376776175257184542e+00  1.521402057230788252e+00  1.617003934523471020e+00  1.913074906106371875e+00
224 4481 6.316387e-01 3.528480e+01  1.376776175257184542e+00  1.546723790483287786e+00  1.629405147838822954e+00  1.801116676312354281e+00
225 4501 6.263278e-01 3.529160e+01  1.376776175257184542e+00  1.546666048751061950e+00  1.649563376964854333e+00  6.756268565095616907e+00
226 4521 6.235704e-01 3.530018e+01  1.376776175257184542e+00  1.530661845365697271e+00  1.594768111812882916e+00  1.749900496945520523e+00
227 4541 6.202006e-01 3.530553e+01  1.376776175257184542e+00  1.514670821750796703e+00  1.584504308919223448e+00  1.853687494001808655e+00
228 4561 6.184844e-01 3.531619e+01  1.376776175257184542e+00  1.521410602507218268e+00  1.599796818537787990e+00  1.747362817679309011e+00
229 4581 6.159518e-01 3.533695e+01  1.376776175257184542e+00  1.530337555292339058e+00  1.597446860512215849e+00  1.705646377378038370e+00
230 4601 6.123370e-01 3.536705e+01  1.376776175257184542e+00  1.499839974589745939e+00  1.639457661603178851e+00  1.764521632283942099e+00
231 4621 6.114238e-01 3.537269e+01  1.376776175257184542e+00  1.516942104000013058e+00  1.615304685689596065e+00  1.826430004118216877e+00
232 4641 6.108994e-01 3.536959e+01  1.376776175257184542e+00  1.514374757547734873e+00  1.591715902666252402e+00  1.776233440882995618e+00
233 4661 6.112606e-01 3.539400e+01  1.376776175257184542e+00  1.506452171602287393e+00  1.595688985013345995e+00  1.854380014351031836e+00
234 4681 6.136479e-01 3.541907e+01  1.376776175257184542e+00  1.510714252240285216e+00  1.611961385275400449e+00  1.879780731748219802e+00
235 4701 6.145415e-01 3.543175e+01  1.376776175257184542e+00  1.536888320313719136e+00  1.587059513124959853e+00  1.828186969272268536e+00
236 4721 6.153203e-01 3.545892e+01  1.376776175257184542e+00  1.470467058299554708e+00  1.579067017169441201e+00  1.820047042729406428e+00
237 4741 6.146201e-01 3.547039e+01  1.376776175257184542e+00  1.504304660066232646e+00  1.605559063200427961e+00  1.916269342137667309e+00
238 4761 6.127497e-01 3.547122e+01  1.376776175257184542e+00  1.523184739264811238e+00  1.622049126590819679e+00  2.079994406637001969e+00
239 4781 6.148182e-01 3.550184e+01  1.376776175257184542e+00  1.554654660600987670e+00  1.650523034424672186e+00  1.868999002188671099e+00
240 4801 6.136242e-01 3.549742e+01  1.376776175257184542e+00  1.501093009454568250e+00  1.637104852619405193e+00  1.788644232884642582e+00
241 4821 6.134293e-01 3.552530e+01  1.376776175257184542e+00  1.543432851432400499e+00  1.626137714150960534e+00  6.893626566540087097e+00
242 4841 6.131384e-01 3.555582e+01  1.376776175257184542e+00  1.502537008981644329e+00  1.604634516089471497e+00  6.816093971009244079e+00
243 4861 6.150776e-01 3.559278e+01  1.376776175257184542e+00  1.521182084897872100e+00  1.602968037062774131e+00  2.131512068495354573e+00
244 4881 6.172522e-01 3.564189e+01  1.376776175257184542e+00  1.542184112615101466e+00  1.596213275402591059e+00  1.937282328124343422e+00
245 4901 6.207702e-01 3.567353e+01  1.376776175257184542e+00  1.508464839941558333e+00  1.619965600087708957e+00  1.747004612153683745e+00
246 4921 6.232418e-01 3.572962e+01  1.376776175257184542e+00  1.510401065033142753e+00  1.608224951072753095e+00  1.829730947176797740e+00
247 4941 6.229622e-01 3.580448e+01  1.376776175257184542e+00  1.509478656984674538e+00  1.601170135463863442e+00  6.884636297878517830e+00
248 4961 6.213127e-01 3.583558e+01  1.376776175257184542e+00  1.476360685425098351e+00  1.594888013850501940e+00  1.822435892427699100e+00
249 4981 6.227947e-01 3.587924e+01  1.376776175257184542e+00  1.543214167331319109e+00  1.611473821579880727e+00  1.953598138604195622e+00
250 5001 6.226596e-01 3.592641e+01  1.376776175257184542e+00  1.510746743405017245e+00  1.599881120505902921e+00  6.685293664848548367e+00
251 5021 6.209575e-01 3.598625e+01  1.376776175257184542e+00  1.492965614006130926e+00  1.592070685303820454e+00  1.840807826784162771e+00
252 5041 6.156568e-01 3.597929e+01  1.376776175257184542e+00  1.508431767354320607e+00  1.652591366680182805e+00  1.875502241175194262e+00
253 5061 6.116011e-01 3.601286e+01  1.376776175257184542e+00  1.501527873731405949e+00  1.591761012585530821e+00  2.090158833294504692e+00
254 5081 6.083547e-01 3.603646e+01  1.376776175257184542e+00  1.503170758215810254e+00  1.598393131533726530e+00  1.768330414283084906e+00
255 5101 6.062270e-01 3.608309e+01  1.376776175257184542e+00  1.529552277499369728e+00  1.603124376686888786e+00  1.706240541537785482e+00
256 5121 6.038098e-01 3.611014e+01  1.376776175257184542e+00  1.549376199480756222e+00  1.629779504833003712e+00  5.135436323364948485e+00
257 5141 6.028026e-01 3.613709e+01  1.376776175257184542e+00  1.522816961549237069e+00  1.581840122758562561e+00  1.871839645800739138e+00
258 5161 6.000680e-01 3.615895e+01  1.376776175257184542e+00  1.506232955476281221e+00  1.613202600778931295e+00  1.793377841043320986e+00
259 5181 5.978071e-01 3.621379e+01  1.376776175257184542e+00  1.524471712691381153e+00  1.589583613644936388e+00  6.960888674996229319e+00
260 5201 5.966692e-01 3.627615e+01  1.376776175257184542e+00  1.494659574222513942e+00  1.604636488772727576e+00  1.791040012148455762e+00
261 5221 5.940673e-01 3.632130e+01  1.376776175257184542e+00  1.515288912913592467e+00  1.612821717658074583e+00  1.816387256339200507e+00
262 5241 5.928860e-01 3.633786e+01  1.376776175257184542e+00  1.517009381540045831e+00  1.583867075675263303e+00  1.899868382193652394e+00
263 5261 5.905822e-01 3.635293e+01  1.376776175257184542e+00  1.503453638574141493e+00  1.630963216224973422e+00  3.112842806258373951e+00
264 5281 5.873913e-01 3.638047e+01  1.376776175257184542e+00  1.505301271838243027e+00  1.603934242130519383e+00  1.836050119862235652e+00
265 5301 5.845559e-01 3.639824e+01  1.376776175257184542e+00  1.512869092882698663e+00  1.595595079102850145e+00  1.827819134386331257e+00
266 5321 5.819433e-01 3.642329e+01  1.376776175257184542e+00  1.506069205875663952e+00  1.628263535987922506e+00  1.886400549284626083e+00
267 5341 5.813946e-01 3.643174e+01  1.376776175257184542e+00  1.499794156621280461e+00  1.631346443326069817e+00  6.840549530513357013e+00
268 5361 5.777809e-01 3.644376e+01  1.376776175257184542e+00  1.516699209489901667e+00  1.616753065155765778e+00  1.805680646555447799e+00
269 5381 5.752204e-01 3.644589e+01  1.376776175257184542e+00  1.510040255874494530e+00  1.632795204458049820e+00  2.011168037402268016e+00
270 5401 5.734527e-01 3.642982e+01  1.376776175257184542e+00  1.509262854142200849e+00  1.585744337911631163e+00  1.980301847956372763e+00
271 5421 5.706537e-01 3.641059e+01  1.376776175257184542e+00  1.493451973399897215e+00  1.611861728650058723e+00  6.854500338543562776e+00
272 5441 5.681878e-01 3.640393e+01  1.376776175257184542e+00  1.503927305885309984e+00  1.586021295903200290e+00  6.973378991412056749e+00
273 5461 5.646171e-01 3.641154e+01  1.376776175257184542e+00  1.472351440630156771e+00  1.560973326377998127e+00  1.836611118874021953e+00
274 5481 5.582416e-01 3.641878e+01  1.376776175257184542e+00  1.491671502775872682e+00  1.572376498613237139e+00  7.100906170690454822e+00
275 5501 5.481246e-01 3.645377e+01  1.376776175257184542e+00  1.526003459250582894e+00  1.569854287665107151e+00  1.769636046672665053e+00
276 5521 5.399062e-01 3.645920e+01  1.376776175257184542e+00  1.501961821541655473e+00  1.599346261949804449e+00  1.726953296490188583e+00
277 5541 5.337695e-01 3.645405e+01  1.376776175257184542e+00  1.505178063419912782e+00  1.562125283638831519e+00  1.760755216155994951e+00
278 5561 5.283549e-01 3.646604e+01  1.376776175257184542e+00  1.510420916368355293e+00  1.614283396092607736e+00  1.727168511085525049e+00
279 5581 5.226168e-01 3.647720e+01  1.376776175257184542e+00  1.503300429416038586e+00  1.641432294746503207e+00  1.786283455130794673e+00
280 5601 5.154106e-01 3.647108e+01  1.376776175257184542e+00  1.507884256235812348e+00  1.601458815059543905e+00  1.776498957239081022e+00
281 5621 5.086315e-01 3.646162e+01  1.376776175257184542e+00  1.513675639142695983e+00  1.615599598357328581e+00  6.994029797191349651e+00
282 5641 5.027338e-01 3.645216e+01  1.376776175257184542e+00  1.529073177988259369e+00  1.598713212505942671e+00  3.784360768487577520e+00
283 5661 4.948787e-01 3.646392e+01  1.376776175257184542e+00  1.496864252546588947e+00  1.615253357379205834e+00  1.791824648576353818e+00
284 5681 4.886703e-01 3.645886e+01  1.376776175257184542e+00  1.503159595471322607e+00  1.555433643176986402e+00  6.902218753378567939e+00
285 5701 4.838181e-01 3.646903e+01  1.376776175257184542e+00  1.488593167155201957e+00  1.598237649766560020e+00  1.914131584090550620e+00
286 5721 4.798358e-01 3.646539e+01  1.376776175257184542e+00  1.486577196607077767e+00  1.554864202701693010e+00  1.929569896590015654e+00
287 5741 4.737385e-01 3.645565e+01  1.376776175257184542e+00  1.477269359171012209e+00  1.539098758817203372e+00  1.612184553341243110e+00
288 5761 4.689850e-01 3.646649e+01  1.376776175257184542e+00  1.498604182986512434e+00  1.548668180215376333e+00  1.809850041667822262e+00
289 5781 4.642974e-01 3.648040e+01  1.376776175257184542e+00  1.501611657718901149e+00  1.557104173034318695e+00  1.622356237026385317e+00
290 5801 4.603665e-01 3.645902e+01  1.376776175257184542e+00  1.495777442453272377e+00  1.546915301150757482e+00  1.785302129409455318e+00
291 5821 4.578519e-01 3.645769e+01  1.376776175257184542e+00  1.497634402733906134e+00  1.572284676026808992e+00  1.713528670366385009e+00
292 5841 4.542488e-01 3.646422e+01  1.376776175257184542e+00  1.482727127548477908e+00  1.552590023942514108e+00  6.886184263753219348e+00
293 5861 4.501386e-01 3.646465e+01  1.376776175257184542e+00  1.489069097586881663e+00  1.534270682707469691e+00  1.681822920299038682e+00
294 5881 4.465487e-01 3.643563e+01  1.376776175257184542e+00  1.489033713309612761e+00  1.573704131747248880e+00  1.650536881286713387e+00
295 5901 4.438270e-01 3.645071e+01  1.376776175257184542e+00  1.491063317413204192e+00  1.567371599642518820e+00  1.707602940115287238e+00
296 5921 4.429520e-01 3.646817e+01  1.376776175257184542e+00  1.495295875185136181e+00  1.582710818480359993e+00  6.871056909080878405e+00
297 5941 4.434403e-01 3.649026e+01  1.376776175257184542e+00  1.485517793382120866e+00  1.555402187861069319e+00  1.716063598206624796e+00
298 5961 4.428826e-01 3.649951e+01  1.376776175257184542e+00  1.484569564637660877e+00  1.533106219144781956e+00  1.681816967449340172e+00
299 5981 4.443750e-01 3.651369e+01  1.376776175257184542e+00  1.474260636625994270e+00  1.549118813163055330e+00  1.909700966082070961e+00
300 6001 4.470978e-01 3.654238e+01  1.376776175257184542e+00  1.476800773534568068e+00  1.530194213930816005e+00  1.621105250484759841e+00
301 6021 4.495281e-01 3.655929e+01  1.376776175257184542e+00  1.502392167609122531e+00  1.597283998647209380e+00  6.857122963592543918e+00
302 6041 4.505825e-01 3.656826e+01  1.376776175257184542e+00  1.488798197311469229e+00  1.531659107814542953e+00  1.599060007253666482e+00
303 6061 4.498660e-01 3.661785e+01  1.376776175257184542e+00  1.485572310808704888e+00  1.543939721078016358e+00  7.011418981663247507e+00
304 6081 4.491762e-01 3.663912e+01  1.376776175257184542e+00  1.468040984490791123e+00  1.533383428397745218e+00  1.815958949684323143e+00
305 6101 4.470348e-01 3.665898e+01  1.376776175257184542e+00  1.474697939661737456e+00  1.559301002967689254e+00  1.753996653927844207e+00
306 6121 4.447809e-01 3.667029e+01  1.376776175257184542e+00  1.466431857549592932e+00  1.530112830229603205e+00  1.649832509197213248e+00
307 6141 4.425499e-01 3.666641e+01  1.376776175257184542e+00  1.471486358190098320e+00  1.515603393024749224e+00  1.602985474288511458e+00
308 6161 4.395816e-01 3.667415e+01  1.376776175257184542e+00  1.488797866032679940e+00  1.562087200573052836e+00  1.646070004463348280e+00
309 6181 4.383133e-01 3.668773e+01  1.376776175257184542e+00  1.473281642700192906e+00  1.521234274778084927e+00  1.639072109719549974e+00
310 6201 4.372233e-01 3.668982e+01  1.376776175257184542e+00  1.467763558676347779e+00  1.520995735930073423e+00  1.631607120195762706e+00
311 6221 4.346326e-01 3.669854e+01  1.376776175257184542e+00  1.486808303207555637e+00  1.555912555877266845e+00  6.797734384571853639e+00
312 6241 4.300082e-01 3.671269e+01  1.376776175257184542e+00  1.472836465918337279e+00  1.535702219410915781e+00  3.014021329264076066e+00
313 6261 4.260206e-01 3.671864e+01  1.376776175257184542e+00  1.485799049614044076e+00  1.554798667090357966e+00  1.856375972270668306e+00
314 6281 4.225625e-01 3.674283e+01  1.376776175257184542e+00  1.477690942120577722e+00  1.530850421049136934e+00  1.642615481258328236e+00
315 6301 4.177177e-01 3.673196e+01  1.376776175257184542e+00  1.478742802040250215e+00  1.533972915628067035e+00  1.623252973393511267e+00
316 6321 4.144761e-01 3.675557e+01  1.376776175257184542e+00  1.469778245528750915e+00  1.521710535646593421e+00  1.616213660301269561e+00
317 6341 4.125186e-01 3.674092e+01  1.376776175257184542e+00  1.476636464117577319e+00  1.514021303008944219e+00  1.614135605538724372e+00
318 6361 4.106936e-01 3.673995e+01  1.376776175257184542e+00  1.460357800620109670e+00  1.517712475947788242e+00  1.664542228296221449e+00
319 6381 4.102039e-01 3.673939e+01  1.376776175257184542e+00  1.462520322163130659e+00  1.525062499241907066e+00  1.682128358161270265e+00
320 6401 4.081252e-01 3.674818e+01  1.376776175257184542e+00  1.458857797176344118e+00  1.530883887348143624e+00  1.648067636028366145e+00
321 6421 4.050858e-01 3.673758e+01  1.376776175257184542e+00  1.454571213812509090e+00  1.517251377988505068e+00  1.593474725876781850e+00
322 6441 4.015612e-01 3.676263e+01  1.376776175257184542e+00  1.461850796508271877e+00  1.525994423026949764e+00  6.857093544928147821e+00
323 6461 3.979821e-01 3.677815e+01  1.376776175257184542e+00  1.461158256689810697e+00  1.501387539959176509e+00  1.780757986388344705e+00
324 6481 3.944116e-01 3.678805e+01  1.376776175257184542e+00  1.467641783560783120e+00  1.519724842978582569e+00  1.636284632756598079e+00
325 6501 3.906016e-01 3.677813e+01  1.376776175257184542e+00  1.464262715476389864e+00  1.513581486964201472e+00  1.591113946098298149e+00
326 6521 3.860057e-01 3.681704e+01  1.376776175257184542e+00  1.471622657267712020e+00  1.517113325557970960e+00  1.717312698327313036e+00
327 6541 3.818434e-01 3.684162e+01  1.376776175257184542e+00  1.482675960904248580e+00  1.514525060849914340e+00  1.642058739548769131e+00
328 6561 3.795973e-01 3.688294e+01  1.376776175257184542e+00  1.468050778906577758e+00  1.509957422940635174e+00  1.845001222649054418e+00
329 6581 3.776683e-01 3.688785e+01  1.376776175257184542e+00  1.439687139571007357e+00  1.507437562319960289e+00  6.831453946536605315e+00
330 6601 3.758277e-01 3.689724e+01  1.376776175257184542e+00  1.446630487856838565e+00  1.538353359267666143e+00  1.668678152695125316e+00
331 6621 3.736066e-01 3.688237e+01  1.376776175257184542e+00  1.447264744420583282e+00  1.508510011296587905e+00  4.034272515499448986e+00
332 6641 3.722901e-01 3.687679e+01  1.376776175257184542e+00  1.458377911518610404e+00  1.511349050108080849e+00  1.644995267307465703e+00
333 6661 3.702691e-01 3.687435e+01  1.376776175257184542e+00  1.465260273420966097e+00  1.512570509135055641e+00  1.596355355963614997e+00
334 6681 3.696416e-01 3.690487e+01  1.376776175257184542e+00  1.465330908035837210e+00  1.497361816892447628e+00  1.633999359701310716e+00
335 6701 3.678954e-01 3.691749e+01  1.376776175257184542e+00  1.460261755069395484e+00  1.491574836570093598e+00  1.570402222376395152e+00
336 6721 3.658925e-01 3.690934e+01  1.376776175257184542e+00  1.466514620044103046e+00  1.497062877620050525e+00  1.642787626389367484e+00
337 6741 3.632698e-01 3.692800e+01  1.376776175257184542e+00  1.468019247459120491e+00  1.511776963904246651e+00  6.881138355349211366e+00
338 6761 3.592538e-01 3.694948e+01  1.376776175257184542e+00  1.455434845081997386e+00  1.506002338122164996e+00  1.632061219306109701e+00
339 6781 3.561515e-01 3.694779e+01  1.376776175257184542e+00  1.481918281358655554e+00  1.506547714956955275e+00  1.639361238571707569e+00
340 6801 3.536072e-01 3.694113e+01  1.376776175257184542e+00  1.465115417055757430e+00  1.502921685065241597e+00  1.679745889593697639e+00
341 6821 3.525000e-01 3.694337e+01  1.376776175257184542e+00  1.465336553800975272e+00  1.489282168541747886e+00  1.631800015375343360e+00
342 6841 3.508514e-01 3.694598e+01  1.376776175257184542e+00  1.471340043558918120e+00  1.510549136067083964e+00  1.672262201384397740e+00
343 6861 3.506698e-01 3.697106e+01  1.376776175257184542e+00  1.463412957030713502e+00  1.497836788326666113e+00  1.637620124039266267e+00
344 6881 3.515594e-01 3.696028e+01  1.376776175257184542e+00  1.451158530498777299e+00  1.484482183516388165e+00  1.616745827798673707e+00
345 6901 3.534278e-01 3.698047e+01  1.376776175257184542e+00  1.465776232312770766e+00  1.491595199600472377e+00  1.537806426141350213e+00
346 6921 3.548147e-01 3.696295e+01  1.376776175257184542e+00  1.459771624073254781e+00  1.485360353139983047e+00  1.550486495972791978e+00
347 6941 3.569234e-01 3.695727e+01  1.376776175257184542e+00  1.480952825949016116e+00  1.514382765120251717e+00  6.777584927801392212e+00
348 6961 3.578957e-01 3.697431e+01  1.376776175257184542e+00  1.468820880362717851e+00  1.498584353668748870e+00  3.999854004649609163e+00
349 6981 3.596556e-01 3.697609e+01  1.376776175257184542e+00  1.463150849227152328e+00  1.524245038619930881e+00  1.687085273986984824e+00
350 7001 3.623324e-01 3.698799e+01  1.376776175257184542e+00  1.459282459247398078e+00  1.542820045656435601e+00  1.597385165589779277e+00
351 7021 3.637866e-01 3.698496e+01  1.376776175257184542e+00  1.468035122597913578e+00  1.509804677058184996e+00  6.746366706494560717e+00
352 7041 3.649581e-01 3.700586e+01  1.376776175257184542e+00  1.475649051008462553e+00  1.513950466215814306e+00  1.597799699614961488e+00
353 7061 3.659751e-01 3.701101e+01  1.376776175257184542e+00  1.454213395369518214e+00  1.493820783294047549e+00  1.602291120869489660e+00
354 7081 3.673696e-01 3.702062e+01  1.376776175257184542e+00  1.466597490288673367e+00  1.498913183364692703e+00  1.614417445869360535e+00
355 7101 3.686846e-01 3.703785e+01  1.376776175257184542e+00  1.465563498232590023e+00  1.490388643699445570e+00  2.195595760272460062e+00
356 7121 3.700610e-01 3.705404e+01  1.376776175257184542e+00  1.449511343011219866e+00  1.491915711371172515e+00  1.607155990197517648e+00
357 7141 3.709788e-01 3.706634e+01  1.376776175257184542e+00  1.473223849887737247e+00  1.523691061685242598e+00  1.773673787122341361e+00
358 7161 3.714483e-01 3.706608e+01  1.376776175257184542e+00  1.460753258892300455e+00  1.505565617638600084e+00  1.575383516256946503e+00
359 7181 3.734477e-01 3.707070e+01  1.376776175257184542e+00  1.460690736345635399e+00  1.506068912269339588e+00  1.621536747380299293e+00
360 7201 3.771595e-01 3.709355e+01  1.376776175257184542e+00  1.452878540031769194e+00  1.509849514905575951e+00  1.553593289383532916e+00
361 7221 3.828325e-01 3.710079e+01  1.376776175257184542e+00  1.451625374353106235e+00  1.501330585001001694e+00  1.668978988361701443e+00
362 7241 3.875658e-01 3.712796e+01  1.376776175257184542e+00  1.465148230419718756e+00  1.492038972590767898e+00  1.640540483681959705e+00
363 7261 3.897781e-01 3.713931e+01  1.376776175257184542e+00  1.452995468253420075e+00  1.496368905732429422e+00  1.761782740179827611e+00
364 7281 3.917992e-01 3.713480e+01  1.376776175257184542e+00  1.472462311041454086e+00  1.500096285096945925e+00  1.932523140984641064e+00
365 7301 3.949480e-01 3.715536e+01  1.376776175257184542e+00  1.461615655857083196e+00  1.528683456090433435e+00  1.623039204056408336e+00
366 7321 3.995728e-01 3.717366e+01  1.376776175257184542e+00  1.472535594494409628e+00  1.498115693191627962e+00  2.488235952097425319e+00
367 7341 4.036860e-01 3.718677e+01  1.376776175257184542e+00  1.467583308526803521e+00  1.518042364086127805e+00  1.648142433348752212e+00
368 7361 4.060227e-01 3.719682e+01  1.376776175257184542e+00  1.469008654284841731e+00  1.519744662333333274e+00  1.744613253385504104e+00
369 7381 4.060974e-01 3.724826e+01  1.376776175257184542e+00  1.478194346175129903e+00  1.521440311009579327e+00  1.604522221017464334e+00
370 7401 4.056799e-01 3.726806e+01  1.376776175257184542e+00  1.467022284834221812e+00  1.506553675123915692e+00  1.660368420046285376e+00
371 7421 4.053422e-01 3.727549e+01  1.376776175257184542e+00  1.467689463023396979e+00  1.522668502294628468e+00  6.829796995803753212e+00
372 7441 4.046767e-01 3.727309e+01  1.376776175257184542e+00  1.458981797221096999e+00  1.524321483031962021e+00  1.725142805527420053e+00
373 7461 4.048918e-01 3.727473e+01  1.376776175257184542e+00  1.468246525430909388e+00  1.523069053062080291e+00  1.658687517553483870e+00
374 7481 4.045973e-01 3.727466e+01  1.376776175257184542e+00  1.486009526008398529e+00  1.530981303020114037e+00  1.798928903291648451e+00
375 7501 4.029381e-01 3.726515e+01  1.376776175257184542e+00  1.472572412135397357e+00  1.520632964812680843e+00  1.802855774581009873e+00
376 7521 3.998023e-01 3.727448e+01  1.376776175257184542e+00  1.467062189715456322e+00  1.519053883256912041e+00  1.610368478532449021e+00
377 7541 3.976449e-01 3.727788e+01  1.376776175257184542e+00  1.468510535075640222e+00  1.503322312861933963e+00  6.738293055672971654e+00
378 7561 3.960692e-01 3.727658e+01  1.376776175257184542e+00  1.486654333271888007e+00  1.530024182825893142e+00  1.589905779804312802e+00
379 7581 3.941755e-01 3.727052e+01  1.376776175257184542e+00  1.476506589394113611e+00  1.546606710088763492e+00  1.775112851512904655e+00
380 7601 3.935799e-01 3.725857e+01  1.376776175257184542e+00  1.478791685820623369e+00  1.520377740198000982e+00  1.690860062189569968e+00
381 7621 3.917952e-01 3.727378e+01  1.376776175257184542e+00  1.467841672826493804e+00  1.524735732464459925e+00  1.684581963970908980e+00
382 7641 3.899105e-01 3.728160e+01  1.376776175257184542e+00  1.482380943037835852e+00  1.511120782763820003e+00  1.685749128994817436e+00
383 7661 3.882055e-01 3.729007e+01  1.376776175257184542e+00  1.459049954002164196e+00  1.503377165428641860e+00  1.694664068645924893e+00
384 7681 3.860980e-01 3.727211e+01  1.376776175257184542e+00  1.455180113646563633e+00  1.542055976516958360e+00  1.736256643686511891e+00
385 7701 3.821741e-01 3.726714e+01  1.376776175257184542e+00  1.445286998855776162e+00  1.497872485531831721e+00  1.619847901732188733e+00
386 7721 3.780962e-01 3.725912e+01  1.376776175257184542e+00  1.465230594799053820e+00  1.516737964442035347e+00  1.619532544143805097e+00
387 7741 3.747586e-01 3.725586e+01  1.376776175257184542e+00  1.460020881326188791e+00  1.499644093763732755e+00  1.721251128577390377e+00
388 7761 3.727130e-01 3.725880e+01  1.376776175257184542e+00  1.452102072857005766e+00  1.502657975563820525e+00  1.664407634500357780e+00
389 7781 3.683501e-01 3.725482e+01  1.376776175257184542e+00  1.450806918195758577e+00  1.509081182766202067e+00  1.639565063490260322e+00
390 7801 3.635321e-01 3.723336e+01  1.376776175257184542e+00  1.453987088168626318e+00  1.490087610789562422e+00  1.640453965898178046e+00
391 7821 3.613261e-01 3.725240e+01  1.376776175257184542e+00  1.453362233584712282e+00  1.507359626609345415e+00  1.764216288425862533e+00
392 7841 3.612151e-01 3.725622e+01  1.376776175257184542e+00  1.446898261130327823e+00  1.498654060855422188e+00  1.666073563661942591e+00
393 7861 3.595998e-01 3.727236e+01  1.376776175257184542e+00  1.461841318758920316e+00  1.529277559879648418e+00  6.791544264510450901e+00
394 7881 3.581814e-01 3.728307e+01  1.376776175257184542e+00  1.459701450743176920e+00  1.485542442488978043e+00  1.696435625789455504e+00
395 7901 3.573579e-01 3.725557e+01  1.376776175257184542e+00  1.463758983305604389e+00  1.510094515384170499e+00  1.613688683169542948e+00
396 7921 3.578422e-01 3.726619e+01  1.376776175257184542e+00  1.445796926191891485e+00  1.503674708845778696e+00  1.603372431671307385e+00
397 7941 3.563119e-01 3.727618e+01  1.376776175257184542e+00  1.428432832454668011e+00  1.483774582268538200e+00  1.658080384763115811e+00
398 7961 3.543731e-01 3.728779e+01  1.376776175257184542e+00  1.440803764537393672e+00  1.490836527497372055e+00  1.627830150406523124e+00
399 7981 3.515161e-01 3.727239e+01  1.376776175257184542e+00  1.454712876603481586e+00  1.491734388778098941e+00  6.855282509405024705e+00
400 8001 3.482315e-01 3.727481e+01  1.376776175257184542e+00  1.460359944059639314e+00  1.484286496335903482e+00  6.783960369965853054e+00
