%  columns="iteration, evaluation, sigma, axis ratio, bestever, best, median, worst fitness function value, further objective values of best" (startseed=205812, 2017/08/2 4:12:15.13)
1 21 1.605595e+00 3.360856e+01  1.704898338770439059e+00  2.167393374962023778e+00  2.863977159094431180e+00  3.544845071742392495e+00
2 41 1.552803e+00 3.360639e+01  1.704898338770439059e+00  2.278728028283524942e+00  2.858903531608308235e+00  3.636343505828139921e+00
3 61 1.508514e+00 3.363282e+01  1.704898338770439059e+00  2.214696372992306372e+00  2.669504104790853205e+00  3.682915241270220186e+00
4 81 1.472282e+00 3.365960e+01  1.704898338770439059e+00  2.021124044901942085e+00  2.790683431069064913e+00  3.169873345556495359e+00
5 101 1.444505e+00 3.367522e+01  1.704898338770439059e+00  2.235900290594396544e+00  2.509995254632468864e+00  3.242777791006701271e+00
6 121 1.421144e+00 3.368627e+01  1.704898338770439059e+00  2.206226510649952566e+00  2.592057502328701357e+00  3.551167285514530647e+00
7 141 1.396507e+00 3.369596e+01  1.704898338770439059e+00  2.155391918300005205e+00  2.403145755772384540e+00  3.066500276185126328e+00
8 161 1.384905e+00 3.367202e+01  1.704898338770439059e+00  2.037803574817888208e+00  2.659126256506238128e+00  3.574716688458289937e+00
9 181 1.375261e+00 3.368460e+01  1.704898338770439059e+00  2.208042264003728938e+00  2.527630047747384978e+00  2.937378560409601214e+00
10 201 1.362118e+00 3.369996e+01  1.704898338770439059e+00  2.106321956870484957e+00  2.616356028192017735e+00  3.272094157164016082e+00
11 221 1.353707e+00 3.368933e+01  1.704898338770439059e+00  2.229689162527913382e+00  2.658889909416319863e+00  3.249645720063132792e+00
12 241 1.338981e+00 3.368955e+01  1.704898338770439059e+00  2.151263644126228947e+00  2.493369047391162052e+00  3.466225306815719165e+00
13 261 1.322626e+00 3.369314e+01  1.704898338770439059e+00  2.098929537925223521e+00  2.553230892553306042e+00  3.151093573004221771e+00
14 281 1.308666e+00 3.369038e+01  1.704898338770439059e+00  2.035607918212432477e+00  2.423240350605486260e+00  3.322402873323945016e+00
15 301 1.293273e+00 3.369882e+01  1.704898338770439059e+00  2.070572771127998646e+00  2.642996281081242405e+00  3.180712650261745544e+00
16 321 1.283060e+00 3.369225e+01  1.704898338770439059e+00  2.018529827465165294e+00  2.334017444756066872e+00  3.092695041126722888e+00
17 341 1.275530e+00 3.372482e+01  1.704898338770439059e+00  2.099024521411810618e+00  2.435292273304631827e+00  3.379756053530256654e+00
18 361 1.261664e+00 3.372321e+01  1.704898338770439059e+00  2.144919101423149232e+00  2.543669188399610093e+00  3.019156432016322000e+00
19 381 1.252107e+00 3.371670e+01  1.704898338770439059e+00  2.020347678205975051e+00  2.359705960758095689e+00  3.043017754263389829e+00
20 401 1.244584e+00 3.371704e+01  1.704898338770439059e+00  2.114683656473584694e+00  2.489747400562188684e+00  4.088304066344266019e+00
21 421 1.237089e+00 3.372715e+01  1.704898338770439059e+00  2.066109773791118709e+00  2.555666216354813614e+00  3.049867157608950219e+00
22 441 1.236163e+00 3.371708e+01  1.704898338770439059e+00  2.231705769642641890e+00  2.507574498970559063e+00  3.070926124285479286e+00
23 461 1.228110e+00 3.372614e+01  1.704898338770439059e+00  2.182635572168555083e+00  2.540955287910728444e+00  2.940973710019337162e+00
24 481 1.216957e+00 3.370496e+01  1.704898338770439059e+00  2.154523126182216863e+00  2.437192770445139267e+00  3.005732793854946738e+00
25 501 1.208294e+00 3.370652e+01  1.704898338770439059e+00  2.179522807252706862e+00  2.448972533435825660e+00  3.012770989842065816e+00
26 521 1.210331e+00 3.369524e+01  1.704898338770439059e+00  2.098035888807766813e+00  2.496732655666888512e+00  2.998191684925257228e+00
27 541 1.217970e+00 3.370040e+01  1.704898338770439059e+00  2.102608533180370554e+00  2.511781321942329281e+00  2.924634103521495998e+00
28 561 1.214787e+00 3.370465e+01  1.704898338770439059e+00  2.227067650370492480e+00  2.517623928551588897e+00  3.181563888672307439e+00
29 581 1.210720e+00 3.372892e+01  1.704898338770439059e+00  2.090844066613681385e+00  2.414759481078823988e+00  2.987228889195882253e+00
30 601 1.201186e+00 3.373165e+01  1.704898338770439059e+00  2.179232949396735286e+00  2.395687715847260701e+00  2.922608540077553219e+00
31 621 1.187266e+00 3.373584e+01  1.704898338770439059e+00  2.083384352964582131e+00  2.499595201667074384e+00  3.159342323468921077e+00
32 641 1.185623e+00 3.374116e+01  1.704898338770439059e+00  2.112257896012504688e+00  2.368978181843516051e+00  2.675695094931523688e+00
33 661 1.183695e+00 3.376023e+01  1.704898338770439059e+00  2.128411084225370509e+00  2.690714485506845222e+00  3.160068966025974646e+00
34 681 1.174399e+00 3.374581e+01  1.704898338770439059e+00  2.104557761709579644e+00  2.514615732695019368e+00  3.292786510109778408e+00
35 701 1.167293e+00 3.375295e+01  1.704898338770439059e+00  2.143824198657171110e+00  2.482204413985057645e+00  2.981967377971991517e+00
36 721 1.161004e+00 3.375456e+01  1.704898338770439059e+00  2.058658731616138660e+00  2.511509494034732448e+00  2.963405608587658335e+00
37 741 1.156301e+00 3.374578e+01  1.704898338770439059e+00  2.207837699202476411e+00  2.467211863968286956e+00  2.905727360217063904e+00
38 761 1.152380e+00 3.373878e+01  1.704898338770439059e+00  2.131584477448601245e+00  2.426785718816536708e+00  3.533710571571473835e+00
39 781 1.147915e+00 3.378138e+01  1.704898338770439059e+00  2.100790885671509400e+00  2.406654076393416553e+00  3.078666483066844872e+00
40 801 1.142627e+00 3.379087e+01  1.704898338770439059e+00  2.103170455686828699e+00  2.402309699334144177e+00  3.158650282299538592e+00
41 821 1.135781e+00 3.379211e+01  1.704898338770439059e+00  2.066195900396680329e+00  2.417518574725331604e+00  3.038575397510222320e+00
42 841 1.126475e+00 3.378851e+01  1.704898338770439059e+00  2.221718444191478792e+00  2.356009016744105011e+00  3.053482223649835792e+00
43 861 1.119877e+00 3.378808e+01  1.704898338770439059e+00  2.155391393580859738e+00  2.312004745277285611e+00  2.806282854068431032e+00
44 881 1.110127e+00 3.379105e+01  1.704898338770439059e+00  2.107672229213460646e+00  2.410785851538629121e+00  3.088071420559915126e+00
45 901 1.100870e+00 3.378713e+01  1.704898338770439059e+00  2.120601990439407558e+00  2.359042026259001279e+00  3.099424672536974956e+00
46 921 1.095964e+00 3.380184e+01  1.704898338770439059e+00  1.999849522613060149e+00  2.290701571840968676e+00  3.052812405219545333e+00
47 941 1.090615e+00 3.380580e+01  1.704898338770439059e+00  2.056843703385860422e+00  2.450110718419157951e+00  2.898325648971733060e+00
48 961 1.085864e+00 3.379616e+01  1.704898338770439059e+00  2.090314013695339757e+00  2.281790680406855287e+00  2.669892154704367471e+00
49 981 1.082733e+00 3.380607e+01  1.704898338770439059e+00  2.012688325710469961e+00  2.331285960829577952e+00  2.768059195619623214e+00
50 1001 1.075984e+00 3.380711e+01  1.704898338770439059e+00  2.047409629960139643e+00  2.296147504924463512e+00  2.591861576190797933e+00
51 1021 1.068051e+00 3.380846e+01  1.704898338770439059e+00  2.045462665013330295e+00  2.359828766068399197e+00  2.911872155459528155e+00
52 1041 1.058188e+00 3.380865e+01  1.704898338770439059e+00  2.027250979802473374e+00  2.261095357093736880e+00  3.055041940606882722e+00
53 1061 1.050507e+00 3.382344e+01  1.704898338770439059e+00  2.060246386145950570e+00  2.408534414969304649e+00  2.917090724613320862e+00
54 1081 1.044104e+00 3.383065e+01  1.704898338770439059e+00  2.056576999844041076e+00  2.479393525400020337e+00  3.220930993069375248e+00
55 1101 1.033777e+00 3.383951e+01  1.704898338770439059e+00  1.970183381276559231e+00  2.281239905119264666e+00  2.791167803771217759e+00
56 1121 1.026243e+00 3.383813e+01  1.704898338770439059e+00  2.081743627886923687e+00  2.303067473103475038e+00  2.601359829283652836e+00
57 1141 1.024183e+00 3.384977e+01  1.704898338770439059e+00  2.096194759907381577e+00  2.348604002108582556e+00  2.940490355369159481e+00
58 1161 1.021390e+00 3.386349e+01  1.704898338770439059e+00  2.128201131737191165e+00  2.400432446435247336e+00  2.844078610936894069e+00
59 1181 1.017942e+00 3.386256e+01  1.704898338770439059e+00  2.030526567667630289e+00  2.398832308599034846e+00  2.858337428842443906e+00
60 1201 1.015838e+00 3.388320e+01  1.704898338770439059e+00  1.965976986430172824e+00  2.294226478285962045e+00  2.866517834363926820e+00
61 1221 1.010768e+00 3.384740e+01  1.704898338770439059e+00  2.058853865577276565e+00  2.303841991286272428e+00  2.636537645796689588e+00
62 1241 1.005222e+00 3.384910e+01  1.704898338770439059e+00  2.083229428300647612e+00  2.246127496393066636e+00  2.837270518417115639e+00
63 1261 9.989075e-01 3.384526e+01  1.704898338770439059e+00  2.013029701205355071e+00  2.328673661467286493e+00  2.579763513716675227e+00
64 1281 9.931652e-01 3.384254e+01  1.704898338770439059e+00  1.996478244769627208e+00  2.338090178818190701e+00  2.771080995981794803e+00
65 1301 9.861113e-01 3.384315e+01  1.704898338770439059e+00  1.982451033625440839e+00  2.245572115648079681e+00  2.619425186206753242e+00
66 1321 9.774886e-01 3.383940e+01  1.704898338770439059e+00  2.021369677425953526e+00  2.253077959889653759e+00  2.589374046303910770e+00
67 1341 9.666454e-01 3.383500e+01  1.704898338770439059e+00  2.049911692412675013e+00  2.243373161872272981e+00  2.752363112397777201e+00
68 1361 9.543644e-01 3.381999e+01  1.704898338770439059e+00  1.970603529978414592e+00  2.239986380429854762e+00  2.681753082691603396e+00
69 1381 9.406452e-01 3.381682e+01  1.704898338770439059e+00  1.946343801339997848e+00  2.284033898073373869e+00  2.682849016684865529e+00
70 1401 9.287073e-01 3.380892e+01  1.704898338770439059e+00  2.038435265692624121e+00  2.295274867395862728e+00  3.081962749249981925e+00
71 1421 9.168950e-01 3.380463e+01  1.704898338770439059e+00  2.018946905970121719e+00  2.295860460043285034e+00  2.694466102827302034e+00
72 1441 9.028512e-01 3.377350e+01  1.704898338770439059e+00  2.007298220649538223e+00  2.187490180361884917e+00  6.749846096982991206e+00
73 1461 8.890941e-01 3.378422e+01  1.704898338770439059e+00  1.952783289816421020e+00  2.221256441250748281e+00  2.708619066489502014e+00
74 1481 8.758829e-01 3.379072e+01  1.704898338770439059e+00  1.953221400821369080e+00  2.234991948194790634e+00  2.458155518939559414e+00
75 1501 8.649764e-01 3.378023e+01  1.704898338770439059e+00  2.016023057491826531e+00  2.212743793709398332e+00  2.568695744313466367e+00
76 1521 8.485191e-01 3.376965e+01  1.704898338770439059e+00  1.959010554851041697e+00  2.146433468876595363e+00  2.785605686101571887e+00
77 1541 8.364656e-01 3.377705e+01  1.704898338770439059e+00  2.038535027715453030e+00  2.206418771898345010e+00  2.752937142294313411e+00
78 1561 8.293218e-01 3.379403e+01  1.704898338770439059e+00  1.939374001327990538e+00  2.204030260883691472e+00  2.643306242088856450e+00
79 1581 8.259998e-01 3.379202e+01  1.704898338770439059e+00  1.980140958909911042e+00  2.233953923409679909e+00  3.214018934117266024e+00
80 1601 8.234054e-01 3.379577e+01  1.704898338770439059e+00  1.941892707597527190e+00  2.181529807866298576e+00  2.528057470408675123e+00
81 1621 8.217877e-01 3.379893e+01  1.704898338770439059e+00  1.931967611425365661e+00  2.205825564707032171e+00  2.418587065892013221e+00
82 1641 8.174392e-01 3.381671e+01  1.704898338770439059e+00  1.940312077982200512e+00  2.166154736075311504e+00  2.727938049276283472e+00
83 1661 8.124266e-01 3.381839e+01  1.704898338770439059e+00  1.929905574849813732e+00  2.141080406915037759e+00  2.614523301208573791e+00
84 1681 8.123175e-01 3.381884e+01  1.704898338770439059e+00  1.943345124691608472e+00  2.152853847903391404e+00  2.558154871653085749e+00
85 1701 8.084401e-01 3.383700e+01  1.704898338770439059e+00  1.922073077142816278e+00  2.120742292568763787e+00  2.765813989611411561e+00
86 1721 8.099060e-01 3.382850e+01  1.704898338770439059e+00  1.919040709983108828e+00  2.135165476813584817e+00  2.351923667937135143e+00
87 1741 8.080107e-01 3.383176e+01  1.704898338770439059e+00  2.032766310443860469e+00  2.126643408832813442e+00  2.487707552885587869e+00
88 1761 8.044517e-01 3.380740e+01  1.704898338770439059e+00  1.885503117228728653e+00  2.127626355545269909e+00  2.414825995927679880e+00
89 1781 7.997624e-01 3.383138e+01  1.704898338770439059e+00  1.923331483783695894e+00  2.094953753143780961e+00  2.513137414445978379e+00
90 1801 7.995661e-01 3.384333e+01  1.704898338770439059e+00  1.932408508825480542e+00  2.103427123600737580e+00  2.417888478238902739e+00
91 1821 7.977089e-01 3.384887e+01  1.704898338770439059e+00  1.890189146263156372e+00  2.146164160384438802e+00  2.551627147105104410e+00
92 1841 7.928498e-01 3.386363e+01  1.704898338770439059e+00  1.882674144587481280e+00  2.091054529999136768e+00  3.004916814411289216e+00
93 1861 7.872806e-01 3.386710e+01  1.704898338770439059e+00  1.870674708350771098e+00  2.152921777108231183e+00  2.669820645190794650e+00
94 1881 7.790006e-01 3.387841e+01  1.704898338770439059e+00  1.918550779537988360e+00  2.099724142542261252e+00  2.474561052565293462e+00
95 1901 7.681362e-01 3.388710e+01  1.704898338770439059e+00  1.945640068948728985e+00  2.093792457922055483e+00  2.474225427086184315e+00
96 1921 7.558866e-01 3.390010e+01  1.704898338770439059e+00  1.892875290517116005e+00  2.079903466679374091e+00  2.571533586034919328e+00
97 1941 7.463199e-01 3.391694e+01  1.704898338770439059e+00  1.932979968969753770e+00  2.109363880006594805e+00  2.488546177708216955e+00
98 1961 7.402235e-01 3.394903e+01  1.704898338770439059e+00  1.906265902807123824e+00  2.045703757001489986e+00  2.425832229052750311e+00
99 1981 7.390193e-01 3.395802e+01  1.704898338770439059e+00  1.958273528229089955e+00  2.066528389321428349e+00  2.407005916919688016e+00
100 2001 7.347980e-01 3.394692e+01  1.704898338770439059e+00  1.893206870303705491e+00  2.169444290649849449e+00  2.831934113156089783e+00
101 2021 7.291248e-01 3.395846e+01  1.704898338770439059e+00  1.912065035054162365e+00  2.016535097512824670e+00  2.338238119646288471e+00
102 2041 7.242000e-01 3.397732e+01  1.704898338770439059e+00  1.881705322239326739e+00  2.059579887798212106e+00  2.326020846614704318e+00
103 2061 7.179956e-01 3.399491e+01  1.704898338770439059e+00  1.855271890625754150e+00  2.047018430248301879e+00  2.270200777584971519e+00
104 2081 7.100111e-01 3.400216e+01  1.704898338770439059e+00  1.881312524401994812e+00  1.988327027804395852e+00  2.310019287317553793e+00
105 2101 7.032357e-01 3.402419e+01  1.704898338770439059e+00  1.860494829942026751e+00  1.997826631329415292e+00  2.504548129429725378e+00
106 2121 6.967799e-01 3.402716e+01  1.704898338770439059e+00  1.863002185942890465e+00  1.982897463542454553e+00  2.318492097377018446e+00
107 2141 6.917708e-01 3.405454e+01  1.704898338770439059e+00  1.924685591230657078e+00  2.041147949953385332e+00  2.467142295320988943e+00
108 2161 6.862049e-01 3.409904e+01  1.704898338770439059e+00  1.887918594144466278e+00  2.023442888132519712e+00  2.449024006774318529e+00
109 2181 6.806519e-01 3.411236e+01  1.704898338770439059e+00  1.918595047672800424e+00  2.020622344745802046e+00  2.353497418401364616e+00
110 2201 6.733029e-01 3.411333e+01  1.704898338770439059e+00  1.845650963034232817e+00  1.982782011404240929e+00  2.297599456758680603e+00
111 2221 6.619714e-01 3.412564e+01  1.704898338770439059e+00  1.863446373830990765e+00  2.012640472794426039e+00  2.453105586609593214e+00
112 2241 6.503942e-01 3.413116e+01  1.704898338770439059e+00  1.861280040098256094e+00  1.992142227135957455e+00  2.157298854257279519e+00
113 2261 6.403955e-01 3.413184e+01  1.704898338770439059e+00  1.884177758853339268e+00  1.999345694731523793e+00  2.337988827028040451e+00
114 2281 6.292422e-01 3.412919e+01  1.704898338770439059e+00  1.907300522290267697e+00  2.000970389488053947e+00  2.176445882254053110e+00
115 2301 6.205218e-01 3.412594e+01  1.704898338770439059e+00  1.904424380077075707e+00  2.007825824614095200e+00  2.347976121511031966e+00
116 2321 6.129550e-01 3.413385e+01  1.704898338770439059e+00  1.877753129220469219e+00  2.047462227185119943e+00  2.357713824420897719e+00
117 2341 6.094661e-01 3.412651e+01  1.704898338770439059e+00  1.837943785349660075e+00  2.011501903923108792e+00  2.494182985517986229e+00
118 2361 6.073812e-01 3.412141e+01  1.704898338770439059e+00  1.844083230271793106e+00  1.994149164013311326e+00  2.200816966617303638e+00
119 2381 6.020830e-01 3.410158e+01  1.704898338770439059e+00  1.903503848636767026e+00  2.016893045830166820e+00  2.313710212253330845e+00
120 2401 5.978250e-01 3.411306e+01  1.704898338770439059e+00  1.854046870787591894e+00  2.022451376898331432e+00  2.259952934179517925e+00
121 2421 5.934854e-01 3.409263e+01  1.704898338770439059e+00  1.882019036844673865e+00  2.002717943353458985e+00  2.192295955708563060e+00
122 2441 5.869917e-01 3.408723e+01  1.704898338770439059e+00  1.898158757270253849e+00  2.010676066483164881e+00  2.308832691587460850e+00
123 2461 5.842338e-01 3.409922e+01  1.704898338770439059e+00  1.865233178145327964e+00  2.004032051562468109e+00  2.364569459340727597e+00
124 2481 5.803073e-01 3.410123e+01  1.704898338770439059e+00  1.885453041002709496e+00  1.981257499117552667e+00  6.700007733717354697e+00
125 2501 5.757208e-01 3.410268e+01  1.704898338770439059e+00  1.864389778289268440e+00  1.985825218598953334e+00  2.236566949682806005e+00
126 2521 5.677434e-01 3.411562e+01  1.704898338770439059e+00  1.837682623114522240e+00  1.999122193342750542e+00  2.254129458720126156e+00
127 2541 5.575414e-01 3.411673e+01  1.704898338770439059e+00  1.873847766326375508e+00  1.986386603117463068e+00  2.192784401943677963e+00
128 2561 5.509235e-01 3.414166e+01  1.704898338770439059e+00  1.849650930566697493e+00  1.991334822537988103e+00  2.137240071548079712e+00
129 2581 5.440419e-01 3.414907e+01  1.704898338770439059e+00  1.853982112573699270e+00  1.954903269945969191e+00  3.266384636744371406e+00
130 2601 5.428823e-01 3.414999e+01  1.704898338770439059e+00  1.834825114739558227e+00  1.984040821595924431e+00  2.182571724730604235e+00
131 2621 5.421594e-01 3.417401e+01  1.704898338770439059e+00  1.842463562320791004e+00  1.967074418525323942e+00  2.139683477929089417e+00
132 2641 5.433634e-01 3.417481e+01  1.704898338770439059e+00  1.838773831139790094e+00  1.967629434901811969e+00  2.183773414153439507e+00
133 2661 5.438307e-01 3.420216e+01  1.704898338770439059e+00  1.832917797873465204e+00  1.970695061856053698e+00  2.287462114575371075e+00
134 2681 5.442637e-01 3.423391e+01  1.704898338770439059e+00  1.819628955765429934e+00  1.957861423855266292e+00  2.282878914931379732e+00
135 2701 5.460023e-01 3.422824e+01  1.704898338770439059e+00  1.840468311960420600e+00  1.983751072310938834e+00  2.187121089255756878e+00
136 2721 5.465015e-01 3.423558e+01  1.704898338770439059e+00  1.810028582288680354e+00  1.970175545257729421e+00  2.048301431429699004e+00
137 2741 5.449719e-01 3.424780e+01  1.704898338770439059e+00  1.827859173301332518e+00  1.968369314139388315e+00  2.142371358138294823e+00
138 2761 5.421029e-01 3.426455e+01  1.704898338770439059e+00  1.799766815064276049e+00  1.911708334419228272e+00  2.293029765337143200e+00
139 2781 5.421392e-01 3.427570e+01  1.704898338770439059e+00  1.824314373301920034e+00  1.929624697270814204e+00  2.219282178412278927e+00
140 2801 5.422941e-01 3.427730e+01  1.704898338770439059e+00  1.773820175206377803e+00  1.933503782011643413e+00  2.154113537257731359e+00
141 2821 5.406588e-01 3.427331e+01  1.704898338770439059e+00  1.746308961457587516e+00  1.902459758208086438e+00  6.412608751138250796e+00
142 2841 5.383602e-01 3.427782e+01  1.704898338770439059e+00  1.814242673289912844e+00  2.002707650708893894e+00  2.195075441240958547e+00
143 2861 5.369615e-01 3.429089e+01  1.704898338770439059e+00  1.819591421315187585e+00  2.014162757690256988e+00  2.340070465554346946e+00
144 2881 5.347368e-01 3.428706e+01  1.704898338770439059e+00  1.795769948003777650e+00  1.906255807906166000e+00  2.212894080752396686e+00
145 2901 5.344419e-01 3.430676e+01  1.704898338770439059e+00  1.782442065337628279e+00  1.956905425228956608e+00  2.229640910490243932e+00
146 2921 5.342433e-01 3.430465e+01  1.704898338770439059e+00  1.783403477913558577e+00  1.984417581166165956e+00  2.109167034222976689e+00
147 2941 5.348611e-01 3.431927e+01  1.704898338770439059e+00  1.763872550451966781e+00  1.898499982414544984e+00  2.098312033073449712e+00
148 2961 5.353002e-01 3.430811e+01  1.704898338770439059e+00  1.825594794271718779e+00  1.886181401685100401e+00  2.027243084490272906e+00
149 2981 5.351207e-01 3.431080e+01  1.704898338770439059e+00  1.806110184340846025e+00  1.907024273689527538e+00  2.109685600463103494e+00
150 3001 5.344039e-01 3.432035e+01  1.704898338770439059e+00  1.763030763493572017e+00  1.939159195320613982e+00  2.135082105068149438e+00
151 3021 5.323792e-01 3.432384e+01  1.704898338770439059e+00  1.795799790052956091e+00  1.908329110145286833e+00  2.127638070234785239e+00
152 3041 5.321726e-01 3.433405e+01  1.704898338770439059e+00  1.777737271195282576e+00  1.916594335210533906e+00  2.852202694711287734e+00
153 3061 5.340275e-01 3.433223e+01  1.704898338770439059e+00  1.807713884414608119e+00  1.945778320355189717e+00  2.130213997543947801e+00
154 3081 5.336085e-01 3.435616e+01  1.704898338770439059e+00  1.781598708786551688e+00  1.971254784363821955e+00  2.296332312251965213e+00
155 3101 5.321562e-01 3.436744e+01  1.704898338770439059e+00  1.780312460308121070e+00  1.935865508896133180e+00  2.091873241862095778e+00
156 3121 5.298359e-01 3.435644e+01  1.704898338770439059e+00  1.822060682707391521e+00  1.898537155580501512e+00  2.021954811770414917e+00
157 3141 5.271604e-01 3.439052e+01  1.704898338770439059e+00  1.814259638779764483e+00  1.954054027795024684e+00  2.112507545477481319e+00
158 3161 5.223852e-01 3.438559e+01  1.704898338770439059e+00  1.800734831597009311e+00  1.945885820281459289e+00  2.164730605850603951e+00
159 3181 5.184907e-01 3.439635e+01  1.704898338770439059e+00  1.783739934885957279e+00  1.924720426916832983e+00  3.287674808958813255e+00
160 3201 5.149885e-01 3.438866e+01  1.704898338770439059e+00  1.818046898357843277e+00  1.916688385382540716e+00  2.134880030590200484e+00
161 3221 5.110505e-01 3.437045e+01  1.704898338770439059e+00  1.784830705175222354e+00  1.868738652849004644e+00  2.030168610124194473e+00
162 3241 5.056451e-01 3.436843e+01  1.704898338770439059e+00  1.788050228605960967e+00  1.904074840390477696e+00  2.136262247073373199e+00
163 3261 5.013489e-01 3.438325e+01  1.704898338770439059e+00  1.814224655795706687e+00  1.911925161302455489e+00  2.086015839363628110e+00
164 3281 4.943873e-01 3.436680e+01  1.704898338770439059e+00  1.790685167686950852e+00  1.860917544073333207e+00  2.061786442927049823e+00
165 3301 4.889784e-01 3.435737e+01  1.704898338770439059e+00  1.790525834739629341e+00  1.866530925413642850e+00  2.046354139236109759e+00
166 3321 4.847693e-01 3.436848e+01  1.704898338770439059e+00  1.812006667258734716e+00  1.926510253110320203e+00  1.996039325313025303e+00
167 3341 4.815038e-01 3.435784e+01  1.704898338770439059e+00  1.788456397707493650e+00  1.866591091345975784e+00  2.089612941441241212e+00
168 3361 4.782047e-01 3.434557e+01  1.704898338770439059e+00  1.800164044795635965e+00  1.889235027460919980e+00  2.082027714414775410e+00
169 3381 4.756288e-01 3.430537e+01  1.704898338770439059e+00  1.777315883573490796e+00  1.883172563008526534e+00  2.163381875656579911e+00
170 3401 4.729407e-01 3.430645e+01  1.704898338770439059e+00  1.794641649735970290e+00  1.869074468346080486e+00  2.041668118710281643e+00
171 3421 4.696933e-01 3.429525e+01  1.704898338770439059e+00  1.793680600989172591e+00  1.882679769090850330e+00  2.018773951968414249e+00
172 3441 4.676719e-01 3.428311e+01  1.704898338770439059e+00  1.825733769785648164e+00  1.865038973355002794e+00  2.075452603764158521e+00
173 3461 4.660686e-01 3.429261e+01  1.704898338770439059e+00  1.781040790530099782e+00  1.871079936544966626e+00  2.012331746289997891e+00
174 3481 4.666147e-01 3.429603e+01  1.704898338770439059e+00  1.771498130590959841e+00  1.872147144673065977e+00  1.959921509663533179e+00
175 3501 4.663622e-01 3.430893e+01  1.704898338770439059e+00  1.777568212779893297e+00  1.915727568229574462e+00  2.110468335398138606e+00
176 3521 4.689881e-01 3.432558e+01  1.704898338770439059e+00  1.767675606169047509e+00  1.834862856569690948e+00  2.031940616528421728e+00
177 3541 4.709896e-01 3.434667e+01  1.704898338770439059e+00  1.772029328976593598e+00  1.895320860174848132e+00  1.994599183764802719e+00
178 3561 4.730538e-01 3.438933e+01  1.704898338770439059e+00  1.807082601074307959e+00  1.892257648244932033e+00  2.117163167598989038e+00
179 3581 4.733321e-01 3.441291e+01  1.704898338770439059e+00  1.814052001061527086e+00  1.877052875279551225e+00  2.154645133178242133e+00
180 3601 4.716350e-01 3.444281e+01  1.704898338770439059e+00  1.763343117869781151e+00  1.875224719007010599e+00  2.117026012199363816e+00
181 3621 4.686196e-01 3.447807e+01  1.704898338770439059e+00  1.792416392508735301e+00  1.889553584214770154e+00  6.487927563455711422e+00
182 3641 4.655520e-01 3.449857e+01  1.704898338770439059e+00  1.791777586663111821e+00  1.883677140721105037e+00  2.089113096558799842e+00
183 3661 4.624237e-01 3.450401e+01  1.704898338770439059e+00  1.767195897430417828e+00  1.870270558512402648e+00  3.223456985888916826e+00
184 3681 4.595464e-01 3.450403e+01  1.704898338770439059e+00  1.814123322191812271e+00  1.895556122674859179e+00  6.111534015850336843e+00
185 3701 4.576800e-01 3.449655e+01  1.704898338770439059e+00  1.743788368010820822e+00  1.869995455589307909e+00  2.005233064052479364e+00
186 3721 4.540493e-01 3.450507e+01  1.704898338770439059e+00  1.750106665858087052e+00  1.873916841737704342e+00  2.079727188934340276e+00
187 3741 4.530250e-01 3.451903e+01  1.704898338770439059e+00  1.735958967540467857e+00  1.877023896581202944e+00  2.059691750238290986e+00
188 3761 4.512133e-01 3.452755e+01  1.704898338770439059e+00  1.770505720113410897e+00  1.912986215765151377e+00  2.134998123432415795e+00
189 3781 4.489946e-01 3.453938e+01  1.704898338770439059e+00  1.784568035240934103e+00  1.868938169203087529e+00  2.116733694460875448e+00
190 3801 4.464687e-01 3.453949e+01  1.704898338770439059e+00  1.765758718644322212e+00  1.851573845515124717e+00  2.156947275266174024e+00
191 3821 4.447815e-01 3.456550e+01  1.704898338770439059e+00  1.756300477582002362e+00  1.839540174593031985e+00  3.159088918218383668e+00
192 3841 4.423101e-01 3.459591e+01  1.704898338770439059e+00  1.753499761337456553e+00  1.844852478873707291e+00  2.012128634723767906e+00
193 3861 4.404886e-01 3.460349e+01  1.704898338770439059e+00  1.767597430117390012e+00  1.865371009272620562e+00  1.994616482650727107e+00
194 3881 4.355391e-01 3.461225e+01  1.704898338770439059e+00  1.744521488998473036e+00  1.896417204056642936e+00  1.977049533428906214e+00
195 3901 4.299610e-01 3.461006e+01  1.704898338770439059e+00  1.746829422022145861e+00  1.855238581754752758e+00  1.935522471784483001e+00
196 3921 4.258834e-01 3.459717e+01  1.704898338770439059e+00  1.769936116436094498e+00  1.836258545412788656e+00  2.056559970026205608e+00
197 3941 4.211460e-01 3.460408e+01  1.704898338770439059e+00  1.773447301447864888e+00  1.851303236811054020e+00  2.057620910703668038e+00
198 3961 4.150850e-01 3.459913e+01  1.704898338770439059e+00  1.756632988812558027e+00  1.838398970772877838e+00  1.923125549128385625e+00
199 3981 4.091614e-01 3.460034e+01  1.704898338770439059e+00  1.755139075251905378e+00  1.846681682234531774e+00  2.054731730029098813e+00
200 4001 4.023218e-01 3.461125e+01  1.704898338770439059e+00  1.728152400344241002e+00  1.816708557232817878e+00  2.046134258059786326e+00
201 4021 3.972520e-01 3.461748e+01  1.704898338770439059e+00  1.770731459250809214e+00  1.858023430998470671e+00  1.939222460118311453e+00
202 4041 3.927824e-01 3.461993e+01  1.704898338770439059e+00  1.750591690977622239e+00  1.824282490161631021e+00  1.996557697635186868e+00
203 4061 3.896686e-01 3.461722e+01  1.704898338770439059e+00  1.757926537956031376e+00  1.830152639795279645e+00  1.961043281227855095e+00
204 4081 3.866075e-01 3.462991e+01  1.704898338770439059e+00  1.742652270652674362e+00  1.826189531661803755e+00  2.054075761706677383e+00
205 4101 3.850146e-01 3.465358e+01  1.704898338770439059e+00  1.745295769609632508e+00  1.837573491752798382e+00  1.956072808565594290e+00
206 4121 3.854059e-01 3.465040e+01  1.704898338770439059e+00  1.718529116773036547e+00  1.815435379871193078e+00  3.304420574978546465e+00
207 4141 3.855320e-01 3.466090e+01  1.704898338770439059e+00  1.750917695160286502e+00  1.811132432395153202e+00  1.997462785457130297e+00
208 4161 3.835785e-01 3.467123e+01  1.704898338770439059e+00  1.741094691242999204e+00  1.823127150327239709e+00  2.128169138138620298e+00
209 4181 3.840694e-01 3.469339e+01  1.704898338770439059e+00  1.780258498235653741e+00  1.833611713442246938e+00  1.991879817683413378e+00
210 4201 3.844123e-01 3.470152e+01  1.704898338770439059e+00  1.750628799747949049e+00  1.810148111719414032e+00  2.033969478299467060e+00
211 4221 3.819117e-01 3.470050e+01  1.704898338770439059e+00  1.752854908584320359e+00  1.807986256806757730e+00  1.980234397608648056e+00
212 4241 3.786504e-01 3.469897e+01  1.704898338770439059e+00  1.738418458445091463e+00  1.828716239795776133e+00  2.039407912505684983e+00
213 4261 3.755757e-01 3.470485e+01  1.704898338770439059e+00  1.741426423101654075e+00  1.803780463843082105e+00  2.110292822984919603e+00
214 4281 3.739343e-01 3.470608e+01  1.704898338770439059e+00  1.778036321090449956e+00  1.827799919690398678e+00  1.932758038645900234e+00
215 4301 3.728319e-01 3.471224e+01  1.704898338770439059e+00  1.770686547255615029e+00  1.864905553260784554e+00  1.939699144177556622e+00
216 4321 3.719009e-01 3.474091e+01  1.704898338770439059e+00  1.759590303728871374e+00  1.831792927164444640e+00  2.025772854162012138e+00
217 4341 3.713453e-01 3.476203e+01  1.704898338770439059e+00  1.763106370152436098e+00  1.832286307523796953e+00  1.909690841772276437e+00
218 4361 3.706081e-01 3.477780e+01  1.704898338770439059e+00  1.763961249686228916e+00  1.829816716279491384e+00  1.994375720027896870e+00
219 4381 3.696653e-01 3.477427e+01  1.704898338770439059e+00  1.766313574100735861e+00  1.828213468525215823e+00  1.944685164435226543e+00
220 4401 3.676272e-01 3.478657e+01  1.704898338770439059e+00  1.762911625946081973e+00  1.827172756456813207e+00  2.074675947174914992e+00
221 4421 3.657112e-01 3.477651e+01  1.704898338770439059e+00  1.764905380668952972e+00  1.847524969752860624e+00  2.029818330326382370e+00
222 4441 3.608680e-01 3.478348e+01  1.704898338770439059e+00  1.759595955661583666e+00  1.832031578313209952e+00  1.915807785633948157e+00
223 4461 3.552120e-01 3.478125e+01  1.704898338770439059e+00  1.761866714303246484e+00  1.819978815649279102e+00  1.944474174689924562e+00
224 4481 3.499444e-01 3.479288e+01  1.704898338770439059e+00  1.752914323694250376e+00  1.824385647430506463e+00  1.925957825443048499e+00
225 4501 3.449484e-01 3.478585e+01  1.704898338770439059e+00  1.740610941789093369e+00  1.801917574559765756e+00  1.948420345034106438e+00
226 4521 3.419197e-01 3.478119e+01  1.704898338770439059e+00  1.727993280684372523e+00  1.792812784603195819e+00  1.883658504374803089e+00
227 4541 3.389015e-01 3.476825e+01  1.704898338770439059e+00  1.723531326655587836e+00  1.785601804489216793e+00  1.909825655272358480e+00
228 4561 3.347371e-01 3.477658e+01  1.704898338770439059e+00  1.735405044474198633e+00  1.804347875404230139e+00  1.903656191866003544e+00
229 4581 3.324610e-01 3.479061e+01  1.704898338770439059e+00  1.741546076709037161e+00  1.802174404262214980e+00  1.865206300832527475e+00
230 4601 3.302710e-01 3.479963e+01  1.704898338770439059e+00  1.739932411770237497e+00  1.789009380094783275e+00  1.921346060986223625e+00
231 4621 3.278457e-01 3.479729e+01  1.704898338770439059e+00  1.753037953583725495e+00  1.795527055191466603e+00  2.008592926372253284e+00
232 4641 3.256682e-01 3.479239e+01  1.704898338770439059e+00  1.762474008962364502e+00  1.788865285588910670e+00  1.874056150447239277e+00
233 4661 3.236348e-01 3.478615e+01  1.704898338770439059e+00  1.741262085226503054e+00  1.783559897556968643e+00  1.941268191093143525e+00
234 4681 3.211898e-01 3.478496e+01  1.704898338770439059e+00  1.734346494329307431e+00  1.810333011094190869e+00  2.744457238323752879e+00
235 4701 3.202051e-01 3.478804e+01  1.704898338770439059e+00  1.751212389490227173e+00  1.790027120547474260e+00  1.894301374787962455e+00
236 4721 3.197693e-01 3.479539e+01  1.704898338770439059e+00  1.728526568594510371e+00  1.791178981223505939e+00  1.922200735552363149e+00
237 4741 3.196212e-01 3.479309e+01  1.704898338770439059e+00  1.738921434679703726e+00  1.784224450325971656e+00  1.953029009680558037e+00
238 4761 3.195183e-01 3.481773e+01  1.704898338770439059e+00  1.741505050289802847e+00  1.782003890096586218e+00  1.909910776714727421e+00
239 4781 3.190596e-01 3.480774e+01  1.704898338770439059e+00  1.752915571392305250e+00  1.794019006723568399e+00  1.883036550384502350e+00
240 4801 3.187391e-01 3.479735e+01  1.704898338770439059e+00  1.732878017555188555e+00  1.796118835722744222e+00  1.913458774043515387e+00
241 4821 3.175515e-01 3.479257e+01  1.704898338770439059e+00  1.728362731267356400e+00  1.788097010093834704e+00  1.890150626132708123e+00
242 4841 3.163932e-01 3.480471e+01  1.704898338770439059e+00  1.749346863351979531e+00  1.779369310398980719e+00  1.898742631153647276e+00
243 4861 3.144790e-01 3.480841e+01  1.704898338770439059e+00  1.739483454566300047e+00  1.813516536760960918e+00  3.151222423598863287e+00
244 4881 3.131346e-01 3.483066e+01  1.704898338770439059e+00  1.734575057597478764e+00  1.804449798371267288e+00  1.937621573255545515e+00
245 4901 3.106100e-01 3.484407e+01  1.704898338770439059e+00  1.741910593948916341e+00  1.808276623090797397e+00  1.906721327774281827e+00
246 4921 3.095629e-01 3.487595e+01  1.704898338770439059e+00  1.746224747892256346e+00  1.792343051164466461e+00  1.976243430356164676e+00
247 4941 3.086584e-01 3.488224e+01  1.704898338770439059e+00  1.736937426338803991e+00  1.790877585220083557e+00  1.886712068716439372e+00
248 4961 3.072030e-01 3.489312e+01  1.704898338770439059e+00  1.733506272852938679e+00  1.792478552030013272e+00  1.879413943703849066e+00
249 4981 3.056421e-01 3.490127e+01  1.704898338770439059e+00  1.734667850174908654e+00  1.770161964069377092e+00  3.152076949451161347e+00
250 5001 3.049186e-01 3.493069e+01  1.704898338770439059e+00  1.742038648680480861e+00  1.789478415509267339e+00  1.878127462854245922e+00
251 5021 3.039021e-01 3.496336e+01  1.704898338770439059e+00  1.719425219318551079e+00  1.767224542817962707e+00  3.135312163093843196e+00
252 5041 3.013467e-01 3.495112e+01  1.704898338770439059e+00  1.732089014138046501e+00  1.765274909486423294e+00  1.855567101548294628e+00
253 5061 2.998229e-01 3.498098e+01  1.704898338770439059e+00  1.742530882241368984e+00  1.775922744140440823e+00  2.016900626074203728e+00
254 5081 2.982102e-01 3.497989e+01  1.704898338770439059e+00  1.737404588882893286e+00  1.784992564203838228e+00  1.855104350031557603e+00
255 5101 2.953288e-01 3.498859e+01  1.704898338770439059e+00  1.748620871928580067e+00  1.784638011134541014e+00  1.891656645998645914e+00
256 5121 2.933354e-01 3.501061e+01  1.704898338770439059e+00  1.726782919176201414e+00  1.793659094641948837e+00  1.825900882970616701e+00
257 5141 2.916625e-01 3.502714e+01  1.704898338770439059e+00  1.716554107821881558e+00  1.767015965217166862e+00  1.853500794563812004e+00
258 5161 2.888322e-01 3.506033e+01  1.704898338770439059e+00  1.733591247563383453e+00  1.767322436305383215e+00  1.876405964193220477e+00
259 5181 2.855667e-01 3.507229e+01  1.704898338770439059e+00  1.732394653219612168e+00  1.782724289287394903e+00  1.907725723097086101e+00
260 5201 2.823071e-01 3.507373e+01  1.704898338770439059e+00  1.722999238946419265e+00  1.775992334392032079e+00  1.860817095565587387e+00
261 5221 2.781730e-01 3.509261e+01  1.704898338770439059e+00  1.735132156463085940e+00  1.779898821719928526e+00  1.908022028418994598e+00
262 5241 2.747027e-01 3.508882e+01  1.704898338770439059e+00  1.728761165587274551e+00  1.773077204361383163e+00  1.826012756198049702e+00
263 5261 2.723534e-01 3.506743e+01  1.704898338770439059e+00  1.746956565280775253e+00  1.769245479806710541e+00  1.867476277737215362e+00
264 5281 2.691709e-01 3.506820e+01  1.704898338770439059e+00  1.709258618635750127e+00  1.763013826265317441e+00  1.871126342020157596e+00
265 5301 2.664231e-01 3.507176e+01  1.704898338770439059e+00  1.721218663088746714e+00  1.760851502620778497e+00  1.818392371784738115e+00
266 5321 2.640356e-01 3.508519e+01  1.704898338770439059e+00  1.718185140892659613e+00  1.772839883137936168e+00  1.849581834279365733e+00
267 5341 2.618211e-01 3.509771e+01  1.704898338770439059e+00  1.719497042753946880e+00  1.771197175355775588e+00  1.856704630853659443e+00
268 5361 2.602658e-01 3.509640e+01  1.704898338770439059e+00  1.719927835613106248e+00  1.754624734296791111e+00  1.801624159563674832e+00
269 5381 2.596695e-01 3.509934e+01  1.704898338770439059e+00  1.722864100697312884e+00  1.774129326997393896e+00  1.816733011950673937e+00
270 5401 2.583883e-01 3.509255e+01  1.704898338770439059e+00  1.716244258488185626e+00  1.776695917442581596e+00  1.853087348070964202e+00
271 5421 2.558015e-01 3.508824e+01  1.704898338770439059e+00  1.705538233781914936e+00  1.766017841961819990e+00  6.484178008089997114e+00
272 5441 2.536385e-01 3.509129e+01  1.704898338770439059e+00  1.717026388130195258e+00  1.764110031849166260e+00  1.814920087992315301e+00
273 5461 2.522246e-01 3.508586e+01  1.704898338770439059e+00  1.716010697405124574e+00  1.765409031534595385e+00  1.844028982457270427e+00
274 5481 2.502664e-01 3.508972e+01  1.704898338770439059e+00  1.714506116994402918e+00  1.762262897186428479e+00  1.870989390312092437e+00
275 5501 2.492846e-01 3.509423e+01  1.704898338770439059e+00  1.722416515146168337e+00  1.755134167313344928e+00  1.835521988608269650e+00
276 5521 2.482818e-01 3.509575e+01  1.704898338770439059e+00  1.718943066889823124e+00  1.763983199019552028e+00  1.939142063396643412e+00
277 5541 2.471860e-01 3.510117e+01  1.700588141879648019e+00  1.700588141879648019e+00  1.759854345649300988e+00  1.808606426697351610e+00
278 5561 2.460524e-01 3.511140e+01  1.700588141879648019e+00  1.716498494642468398e+00  1.755137811771333656e+00  1.809031072459902134e+00
279 5581 2.450267e-01 3.511668e+01  1.700588141879648019e+00  1.713224844414941384e+00  1.772529893117573696e+00  6.497117550663563890e+00
280 5601 2.430714e-01 3.510883e+01  1.700588141879648019e+00  1.720519371304052525e+00  1.749829399477805136e+00  1.812925335032400831e+00
281 5621 2.420312e-01 3.512399e+01  1.700588141879648019e+00  1.712871239832252979e+00  1.736639535590404959e+00  1.842650116420368134e+00
282 5641 2.421767e-01 3.511465e+01  1.700588141879648019e+00  1.713311566882799841e+00  1.747966314172423763e+00  1.834898539304668175e+00
283 5661 2.426796e-01 3.511572e+01  1.700588141879648019e+00  1.709426223396561362e+00  1.747304858052882715e+00  1.853888700848071114e+00
284 5681 2.444395e-01 3.511893e+01  1.700588141879648019e+00  1.713591429646899700e+00  1.750098922637015608e+00  6.427280768577102066e+00
285 5701 2.457904e-01 3.513204e+01  1.700588141879648019e+00  1.715407317910224938e+00  1.745938982435378595e+00  1.822216407542065486e+00
286 5721 2.467680e-01 3.514845e+01  1.700588141879648019e+00  1.706088364822782255e+00  1.748110542000383294e+00  1.782231768059553412e+00
287 5741 2.479398e-01 3.515681e+01  1.700588141879648019e+00  1.707986961732838038e+00  1.746344078167890057e+00  1.797199103409408805e+00
288 5761 2.491850e-01 3.516172e+01  1.700588141879648019e+00  1.707455495540588952e+00  1.731827270404311836e+00  1.894686706350032779e+00
289 5781 2.497783e-01 3.518804e+01  1.700588141879648019e+00  1.714145065995144046e+00  1.742360411841880286e+00  1.805410266577314848e+00
290 5801 2.500805e-01 3.520035e+01  1.700588141879648019e+00  1.704798839135873045e+00  1.759981106781970173e+00  1.843677947760056002e+00
291 5821 2.500780e-01 3.523112e+01  1.700588141879648019e+00  1.716348833433911869e+00  1.745229735132848958e+00  1.807691673631196094e+00
292 5841 2.499890e-01 3.524804e+01  1.700588141879648019e+00  1.713711552429734386e+00  1.750079864266616436e+00  1.835125241571534449e+00
293 5861 2.496644e-01 3.526403e+01  1.700588141879648019e+00  1.707823706148083653e+00  1.750407723828856899e+00  1.830994981430361879e+00
294 5881 2.489196e-01 3.527100e+01  1.700588141879648019e+00  1.704703504816133641e+00  1.751000864838553550e+00  1.856140501478646510e+00
295 5901 2.478354e-01 3.529364e+01  1.700588141879648019e+00  1.700707517006280867e+00  1.739172510465812227e+00  1.853987000099251548e+00
296 5921 2.478090e-01 3.531639e+01  1.700588141879648019e+00  1.706260390958868500e+00  1.737669472826317563e+00  1.812984894505616618e+00
297 5941 2.484350e-01 3.534953e+01  1.700588141879648019e+00  1.708819743880338748e+00  1.751686449705729176e+00  1.829172804679583209e+00
298 5961 2.490626e-01 3.535819e+01  1.700588141879648019e+00  1.706397908119984486e+00  1.755456422632691638e+00  1.800306891044072710e+00
299 5981 2.499978e-01 3.537451e+01  1.700588141879648019e+00  1.718838496184860398e+00  1.752479098375003375e+00  1.860918292023843623e+00
300 6001 2.495460e-01 3.538999e+01  1.700588141879648019e+00  1.702450740210832647e+00  1.751726748034013514e+00  1.789904854247111210e+00
