%  columns="iteration, evaluation, sigma, axis ratio, bestever, best, median, worst fitness function value, further objective values of best" (startseed=212410, 2017/09/22 9:27:40.11)
1 21 1.070336e+00 2.241970e+01  4.014957732898584254e+03  4.014957732898584254e+03  3.998457419653005491e+04  3.999868631857534638e+04
2 41 1.036881e+00 2.243167e+01  4.013899752302037996e+03  4.013899752302037996e+03  3.995863880740239983e+04  3.999489756449294509e+04
3 61 1.013034e+00 2.244404e+01  1.345104286545086048e+01  1.345104286545086048e+01  3.990430122973192192e+04  3.999426564327227970e+04
4 81 9.921089e-01 2.245327e+01  1.345104286545086048e+01  1.922193248978612701e+01  2.648174142448510611e+04  3.999381828464606224e+04
5 101 9.734504e-01 2.246780e+01  1.345104286545086048e+01  1.658140259027181429e+01  3.094725557941274019e+04  3.999436431217557401e+04
6 121 9.611284e-01 2.248535e+01  1.345104286545086048e+01  4.017503988831668721e+03  3.995237491651988967e+04  3.999893879845712945e+04
7 141 9.508039e-01 2.250062e+01  1.345104286545086048e+01  4.015893803476141784e+03  3.998265662421638262e+04  3.999874203269652935e+04
8 161 9.442741e-01 2.250547e+01  1.345104286545086048e+01  4.038945506167292024e+03  3.542200579560754704e+04  3.999859283498422155e+04
9 181 9.424543e-01 2.251204e+01  1.345104286545086048e+01  1.990105868455934868e+01  3.989767999984252674e+04  3.999448606706551072e+04
10 201 9.412289e-01 2.252129e+01  1.345104286545086048e+01  1.715846057148308290e+01  3.992364103105907270e+04  3.999852263190125814e+04
11 221 9.423125e-01 2.254074e+01  1.345104286545086048e+01  1.890526581644682125e+01  1.749168952067616192e+04  3.999873433463829861e+04
12 241 9.449224e-01 2.255286e+01  1.345104286545086048e+01  4.018184419240840725e+03  3.997042493658500462e+04  3.999855944924428331e+04
13 261 9.427742e-01 2.256959e+01  1.345104286545086048e+01  2.007539396570989609e+01  3.995375966945220716e+04  3.999869363064778008e+04
14 281 9.365134e-01 2.258078e+01  1.345104286545086048e+01  2.042745816474661424e+01  1.648551092805028748e+04  3.999653767623048043e+04
15 301 9.323205e-01 2.259519e+01  1.345104286545086048e+01  4.022071021231847681e+03  3.042154500400532197e+04  3.999599360812939995e+04
16 321 9.261552e-01 2.260987e+01  1.345104286545086048e+01  4.014158396376240944e+03  1.750058549364481951e+04  3.999840889993681049e+04
17 341 9.226452e-01 2.261195e+01  1.345104286545086048e+01  4.015304829336268995e+03  2.645982704797885526e+04  3.999463445411651628e+04
18 361 9.176880e-01 2.260869e+01  1.345104286545086048e+01  4.019342538616507227e+03  8.531995329117871734e+03  3.999391033016627625e+04
19 381 9.085663e-01 2.260886e+01  1.345104286545086048e+01  1.819339573227686913e+01  4.057027012550875043e+03  3.999458149622502970e+04
20 401 9.011000e-01 2.261204e+01  1.345104286545086048e+01  1.450656255536988049e+01  8.516811146939959144e+03  3.999381971018863260e+04
21 421 9.006946e-01 2.261943e+01  1.345104286545086048e+01  1.587471591341869015e+01  1.301021417004590876e+04  3.999293034304353205e+04
22 441 9.002619e-01 2.263240e+01  1.345104286545086048e+01  4.013074663165327820e+03  4.038415626150407661e+03  3.999199091184074496e+04
23 461 9.006405e-01 2.264063e+01  1.345104286545086048e+01  1.529799894918429004e+01  4.032633888904360902e+03  3.999272410972417129e+04
24 481 9.002142e-01 2.263954e+01  1.345104286545086048e+01  1.446957304774946351e+01  1.299762703134901312e+04  3.999420240992100298e+04
25 501 9.011594e-01 2.263855e+01  1.234969577175532152e+01  1.234969577175532152e+01  4.030207709176469962e+03  3.999382285729554133e+04
26 521 8.990510e-01 2.263934e+01  1.234969577175532152e+01  1.393341227831276186e+01  1.301248580019063957e+04  3.999771151402982650e+04
27 541 8.914125e-01 2.264318e+01  1.234969577175532152e+01  1.247210645126298090e+01  8.549374034017979284e+03  3.999415199960718746e+04
28 561 8.853905e-01 2.264950e+01  1.234969577175532152e+01  1.249981588835264112e+01  3.093711789687141572e+04  3.999862540041501052e+04
29 581 8.806996e-01 2.265006e+01  1.234969577175532152e+01  1.464127229794924645e+01  3.492809869796874409e+04  3.999410387839085888e+04
30 601 8.787615e-01 2.265364e+01  1.234969577175532152e+01  1.512085378929602442e+01  4.061550060380649484e+03  3.999271747695817612e+04
31 621 8.732936e-01 2.266374e+01  1.234969577175532152e+01  1.311285540503932090e+01  1.298875001698489723e+04  3.999314806544272142e+04
32 641 8.678640e-01 2.267301e+01  1.234969577175532152e+01  1.498512361746544741e+01  3.997769843868704629e+04  3.999428106970827503e+04
33 661 8.614346e-01 2.268554e+01  1.234969577175532152e+01  1.257049410070757389e+01  8.569501270584460144e+03  3.999408731164174242e+04
34 681 8.564742e-01 2.269323e+01  1.234969577175532152e+01  1.378265840567733491e+01  2.095770030506170588e+04  3.999692682571632031e+04
35 701 8.516430e-01 2.269535e+01  1.234969577175532152e+01  1.306018959820472247e+01  2.648206873258503038e+04  3.999692776129430422e+04
36 721 8.468066e-01 2.269884e+01  1.234969577175532152e+01  1.484670927117966421e+01  2.196986663680386846e+04  3.999329825793069904e+04
37 741 8.465019e-01 2.270239e+01  1.234969577175532152e+01  1.597723646310420520e+01  3.545904765553309699e+04  3.998974254532586929e+04
38 761 8.459896e-01 2.270336e+01  1.234969577175532152e+01  1.430641410792224733e+01  3.990699397799394501e+04  3.999828481937164179e+04
39 781 8.457207e-01 2.270683e+01  1.234969577175532152e+01  4.014661473542932072e+03  3.492658556133296952e+04  3.999852171142030420e+04
40 801 8.436378e-01 2.270885e+01  1.234969577175532152e+01  1.330634260345550501e+01  3.542676902589084784e+04  3.999302430388486391e+04
41 821 8.420863e-01 2.272141e+01  1.234969577175532152e+01  1.455527673652252041e+01  1.748333398889659293e+04  3.999394859346879093e+04
42 841 8.418248e-01 2.272720e+01  1.234969577175532152e+01  1.406071023343984905e+01  1.298973861255037627e+04  3.999376266624503478e+04
43 861 8.380628e-01 2.272141e+01  1.234969577175532152e+01  1.283282820560360094e+01  9.985827973945537451e+03  3.999469679817802535e+04
44 881 8.348126e-01 2.272452e+01  1.139067187963730809e+01  1.139067187963730809e+01  4.028353169122107829e+03  3.999027269514298678e+04
45 901 8.273973e-01 2.272415e+01  1.139067187963730809e+01  1.312385491964923467e+01  1.299528822383185252e+04  3.998824470024000766e+04
46 921 8.193535e-01 2.273315e+01  1.139067187963730809e+01  1.212557137329773305e+01  2.096613288836381980e+04  3.999484733770236926e+04
47 941 8.120017e-01 2.273825e+01  1.139067187963730809e+01  1.197101171648621332e+01  3.544165597233684093e+04  3.999367963109711854e+04
48 961 8.045666e-01 2.274790e+01  1.139067187963730809e+01  1.361964023068788521e+01  1.299029933595579860e+04  3.999056406216026517e+04
49 981 7.995571e-01 2.275178e+01  1.139067187963730809e+01  1.170194071061128227e+01  1.996681101955314080e+04  3.999379673164834094e+04
50 1001 7.967486e-01 2.275610e+01  1.139067187963730809e+01  1.373833759090516082e+01  1.598135324217132620e+04  3.999336809011492005e+04
51 1021 7.911875e-01 2.275687e+01  1.139067187963730809e+01  1.203120042145259205e+01  4.022844213559851596e+03  3.999367292804191675e+04
52 1041 7.894629e-01 2.275708e+01  1.139067187963730809e+01  1.222777198617349903e+01  4.019047835448182923e+03  3.999403164011778426e+04
53 1061 7.879375e-01 2.276299e+01  1.139067187963730809e+01  1.218477153123430412e+01  1.747572879026745795e+04  3.999383636937051779e+04
54 1081 7.831533e-01 2.277895e+01  1.139067187963730809e+01  1.345406054048844524e+01  1.299497650329128010e+04  3.999352448507012741e+04
55 1101 7.762002e-01 2.278364e+01  1.139067187963730809e+01  1.172559224396003508e+01  4.017427178226113483e+03  3.999490874897057074e+04
56 1121 7.728866e-01 2.278736e+01  1.139067187963730809e+01  1.211962563100456336e+01  7.005970256316164523e+03  3.998314395108065219e+04
57 1141 7.682915e-01 2.279407e+01  1.139067187963730809e+01  1.192042745137528037e+01  4.020775874219182242e+03  3.998875870886426856e+04
58 1161 7.638554e-01 2.280241e+01  1.139067187963730809e+01  1.180219357635762734e+01  2.015259670730896914e+03  3.998465403257932485e+04
59 1181 7.598674e-01 2.281421e+01  1.139067187963730809e+01  1.290798349312469462e+01  4.014687254770320578e+03  3.998501531773081661e+04
60 1201 7.573560e-01 2.280435e+01  1.139067187963730809e+01  1.243082154967999742e+01  4.030943461039470094e+03  3.999360309454565140e+04
61 1221 7.583768e-01 2.280594e+01  1.139067187963730809e+01  1.240881728822994212e+01  4.013866514629820813e+03  3.997681671868152625e+04
62 1241 7.559975e-01 2.280950e+01  1.035771974694938180e+01  1.035771974694938180e+01  1.698651095234666997e+01  3.998332235311105615e+04
63 1261 7.529261e-01 2.282953e+01  1.035771974694938180e+01  1.196346701506322319e+01  1.598302760507686493e+01  3.998744794093548990e+04
64 1281 7.470227e-01 2.282536e+01  1.035771974694938180e+01  1.095530552204992958e+01  1.583097999059719463e+01  3.998230555452448607e+04
65 1301 7.426984e-01 2.282631e+01  1.035771974694938180e+01  1.180907405730751414e+01  4.012568658956146919e+03  3.999364791947198682e+04
66 1321 7.418351e-01 2.282637e+01  1.035771974694938180e+01  1.118150934494364890e+01  4.020594205476068055e+03  3.999402882149205834e+04
67 1341 7.439823e-01 2.282398e+01  1.035771974694938180e+01  1.275724785670690054e+01  4.057242977035512013e+03  3.998942847056875326e+04
68 1361 7.465563e-01 2.282810e+01  1.035771974694938180e+01  1.116320444078582952e+01  4.022339893434457736e+03  3.996155757283627463e+04
69 1381 7.485010e-01 2.282104e+01  1.035771974694938180e+01  1.157066821434718307e+01  2.197792969284355786e+04  4.000032655898834491e+04
70 1401 7.502553e-01 2.282579e+01  1.035771974694938180e+01  1.163598264422377682e+01  4.025681574310731776e+03  3.999369508498666983e+04
71 1421 7.504636e-01 2.283380e+01  1.035771974694938180e+01  1.134003186647708361e+01  7.016123626309890824e+03  3.998796356098628894e+04
72 1441 7.484737e-01 2.283918e+01  1.035771974694938180e+01  1.119311151490839329e+01  2.197341536590733449e+04  3.999010849142474035e+04
73 1461 7.423179e-01 2.283772e+01  1.035771974694938180e+01  1.112028868102432178e+01  1.299906905523804926e+04  3.999003675101800036e+04
74 1481 7.380708e-01 2.285276e+01  1.035771974694938180e+01  1.130022324118196586e+01  7.002099647743547393e+03  3.998607155455042084e+04
75 1501 7.370418e-01 2.285784e+01  1.035771974694938180e+01  1.095851270641474784e+01  4.045898791431021891e+03  3.997388122699302039e+04
76 1521 7.322676e-01 2.285924e+01  1.035771974694938180e+01  1.181739082057415580e+01  2.096273882348227562e+04  3.998983820362360711e+04
77 1541 7.295259e-01 2.286782e+01  1.035771974694938180e+01  1.036434154023967480e+01  4.020850336825486920e+03  3.999337522005844949e+04
78 1561 7.256136e-01 2.286530e+01  1.011206054417126943e+01  1.011206054417126943e+01  7.016246688249495492e+03  3.999045026826710091e+04
79 1581 7.225724e-01 2.286629e+01  1.011206054417126943e+01  1.125083378936672673e+01  4.024465157406337312e+03  3.999403073675977066e+04
80 1601 7.211576e-01 2.287475e+01  1.011206054417126943e+01  1.029236658488843759e+01  2.015027521340915882e+03  3.999333720961770450e+04
81 1621 7.176460e-01 2.287575e+01  1.011206054417126943e+01  1.299753956131827337e+01  4.022050129453897171e+03  3.999169280804745358e+04
82 1641 7.143363e-01 2.287949e+01  1.011206054417126943e+01  1.298602016423000194e+01  4.019369891658321649e+03  3.999379235995420458e+04
83 1661 7.133973e-01 2.288986e+01  1.011206054417126943e+01  1.039285162156554065e+01  2.014607989388312717e+03  1.301927727916871117e+04
84 1681 7.122911e-01 2.289395e+01  1.011206054417126943e+01  1.079869181706826531e+01  4.018831906749936024e+03  3.998458406899550755e+04
85 1701 7.074703e-01 2.289375e+01  1.011206054417126943e+01  1.088949392447106845e+01  4.037415264835103699e+03  3.095756901993237989e+04
86 1721 7.034866e-01 2.290354e+01  1.011206054417126943e+01  1.063702371388449741e+01  4.014537992246791873e+03  3.999391821716813865e+04
87 1741 6.985589e-01 2.291154e+01  1.011206054417126943e+01  1.144802119705194698e+01  4.022950459647844127e+03  3.999352470167061983e+04
88 1761 6.968656e-01 2.290726e+01  1.011206054417126943e+01  1.168042042395525826e+01  4.028724555973612041e+03  2.198731455344273854e+04
89 1781 6.943520e-01 2.290468e+01  1.011206054417126943e+01  1.094959662193072880e+01  4.019262755913304318e+03  3.999376856369977759e+04
90 1801 6.944925e-01 2.291190e+01  1.011206054417126943e+01  1.040231901741666221e+01  4.020597537928806105e+03  3.999269856171261927e+04
91 1821 6.940435e-01 2.291212e+01  1.011206054417126943e+01  1.085294719072076930e+01  4.018684095534927110e+03  3.999373825288617081e+04
92 1841 6.956271e-01 2.292617e+01  1.011206054417126943e+01  1.218466280952259595e+01  4.022222683415143365e+03  3.998287087730528583e+04
93 1861 6.934514e-01 2.292584e+01  1.011206054417126943e+01  1.266824579864632483e+01  4.016085861523161839e+03  3.999405200395481370e+04
94 1881 6.904738e-01 2.292367e+01  1.011206054417126943e+01  1.133146801475006882e+01  4.015778443013327887e+03  3.998285333548476046e+04
95 1901 6.875853e-01 2.292591e+01  1.011206054417126943e+01  1.206679292782241220e+01  4.026256795046269872e+03  3.999188802035422123e+04
96 1921 6.813217e-01 2.292112e+01  1.011206054417126943e+01  1.033606815549496005e+01  4.012576318756925957e+03  3.999400801126860460e+04
97 1941 6.739680e-01 2.295141e+01  1.011206054417126943e+01  1.128658739319683590e+01  4.029859318699609503e+03  3.997079547917823948e+04
98 1961 6.664174e-01 2.296884e+01  1.011206054417126943e+01  1.128370048390063118e+01  4.015367156336942571e+03  3.998624893255598727e+04
99 1981 6.567284e-01 2.297012e+01  1.011206054417126943e+01  1.090189977485735362e+01  2.015666935396904819e+03  3.996241892022318643e+04
100 2001 6.470566e-01 2.298255e+01  1.011206054417126943e+01  1.121317473291166422e+01  4.016773246976561495e+03  3.997722846410181228e+04
101 2021 6.404725e-01 2.298420e+01  1.011206054417126943e+01  1.088234001318762623e+01  1.634396330712172229e+01  3.999337157703434787e+04
102 2041 6.387397e-01 2.298391e+01  1.011206054417126943e+01  1.064436456238593998e+01  1.524592083468362880e+01  3.993388881537409907e+04
103 2061 6.344845e-01 2.298173e+01  1.011206054417126943e+01  1.166912284050732396e+01  4.013656407922162089e+03  3.998152161115308991e+04
104 2081 6.269864e-01 2.297978e+01  1.011206054417126943e+01  1.081819672246381536e+01  4.016895725252431475e+03  3.994927438913478545e+04
105 2101 6.192000e-01 2.298799e+01  1.011206054417126943e+01  1.191804131494060215e+01  4.017234735631826879e+03  3.999216256258022622e+04
106 2121 6.131262e-01 2.298682e+01  1.011206054417126943e+01  1.063373842421972171e+01  1.695604706114695759e+01  3.990795814074799273e+04
107 2141 6.074571e-01 2.299806e+01  1.011206054417126943e+01  1.107237412789807429e+01  1.456229039545482884e+01  2.197202929167154798e+04
108 2161 5.981435e-01 2.300971e+01  1.011206054417126943e+01  1.142587158743834053e+01  4.013873482411187069e+03  3.998639012144748995e+04
109 2181 5.909996e-01 2.300801e+01  1.011206054417126943e+01  1.045359718935822890e+01  1.382101129838597942e+01  3.993703334580641240e+04
110 2201 5.840963e-01 2.301572e+01  1.011206054417126943e+01  1.047055651186760628e+01  4.013489335551271324e+03  3.994014861120310525e+04
111 2221 5.812130e-01 2.301314e+01  1.011206054417126943e+01  1.117283405701695109e+01  4.014762061619298038e+03  3.999384852319660422e+04
112 2241 5.809951e-01 2.301926e+01  1.011206054417126943e+01  1.043055760870467097e+01  1.392627242206229887e+01  3.998257948762528395e+04
113 2261 5.792358e-01 2.302503e+01  1.011206054417126943e+01  1.014734336797171643e+01  1.393508884501088829e+01  3.998757055528667115e+04
114 2281 5.764091e-01 2.304437e+01  1.011206054417126943e+01  1.050827205895991767e+01  1.461891250535625986e+01  3.999374302920361515e+04
115 2301 5.744439e-01 2.304578e+01  1.011206054417126943e+01  1.029300400055977072e+01  1.419296171156447706e+01  3.998988172737073910e+04
116 2321 5.706070e-01 2.305426e+01  9.890522772960235187e+00  9.890522772960235187e+00  1.263885886232697153e+01  3.998385899272467941e+04
117 2341 5.678096e-01 2.305725e+01  9.890522772960235187e+00  1.017648923938225636e+01  1.450396330843492620e+01  3.998978173895124928e+04
118 2361 5.672928e-01 2.306340e+01  9.890522772960235187e+00  1.017081608211011101e+01  2.012230516957594773e+03  3.998306729578324303e+04
119 2381 5.680704e-01 2.307118e+01  9.888667528911128102e+00  9.888667528911128102e+00  1.394323688380415760e+01  3.095844892557987623e+04
120 2401 5.668320e-01 2.308911e+01  9.874966718365445928e+00  9.874966718365445928e+00  2.015200621696088092e+03  3.998949687664060912e+04
121 2421 5.661165e-01 2.311249e+01  9.874966718365445928e+00  1.077355614948553608e+01  4.014605250948038702e+03  3.998961692209031753e+04
122 2441 5.644558e-01 2.314428e+01  9.874966718365445928e+00  1.066348350296311231e+01  1.422116510173676751e+01  3.997880555247577286e+04
123 2461 5.648048e-01 2.315362e+01  9.874966718365445928e+00  1.026245446711594766e+01  1.417773689408605264e+01  3.998311182832645136e+04
124 2481 5.638153e-01 2.317248e+01  9.752000217465962351e+00  9.752000217465962351e+00  1.239080466585322782e+01  3.998015231607158057e+04
125 2501 5.610953e-01 2.318680e+01  9.752000217465962351e+00  1.047937246523318322e+01  4.014450400205919777e+03  3.997785698870034685e+04
126 2521 5.598766e-01 2.318808e+01  9.752000217465962351e+00  1.032068782175539923e+01  1.302368494124657516e+01  4.021723524657134931e+03
127 2541 5.578298e-01 2.319212e+01  9.752000217465962351e+00  9.995821755932814412e+00  1.279517532487506415e+01  3.997790826669392118e+04
128 2561 5.573257e-01 2.320267e+01  9.752000217465962351e+00  1.014543363486218119e+01  2.012885163785897930e+03  2.197558711603744450e+04
129 2581 5.569737e-01 2.320949e+01  9.610340025888403304e+00  9.610340025888403304e+00  2.013943551962275251e+03  3.999275713688269025e+04
130 2601 5.585928e-01 2.322014e+01  9.610340025888403304e+00  9.908068042388528340e+00  1.254751219024116082e+01  3.997753179024767451e+04
131 2621 5.601451e-01 2.322387e+01  9.394021460675567425e+00  9.394021460675567425e+00  1.214489394146866985e+01  3.999043302173428674e+04
132 2641 5.617694e-01 2.323158e+01  9.394021460675567425e+00  9.501973867086391579e+00  1.226822791329871976e+01  3.998652240494339640e+04
133 2661 5.661271e-01 2.325632e+01  9.394021460675567425e+00  9.412078901147800991e+00  2.012548118849272669e+03  3.997803596709006524e+04
134 2681 5.741487e-01 2.328136e+01  9.394021460675567425e+00  9.542741463797312917e+00  4.014768584402744182e+03  3.998756692316597037e+04
135 2701 5.821257e-01 2.328842e+01  9.198930010992256712e+00  9.198930010992256712e+00  1.089645107268281166e+01  3.999021013438700902e+04
136 2721 5.897304e-01 2.330761e+01  9.198930010992256712e+00  9.756100220994984085e+00  1.275322574257637953e+01  3.998545338635700318e+04
137 2741 5.960705e-01 2.332369e+01  9.198930010992256712e+00  9.448936330084469759e+00  4.014158928247727999e+03  3.998213823310665612e+04
138 2761 6.010775e-01 2.334062e+01  9.198930010992256712e+00  9.515572770814211268e+00  4.014913676071220834e+03  3.997819884092390566e+04
139 2781 6.064973e-01 2.335562e+01  9.084249954812829486e+00  9.084249954812829486e+00  7.005286609639802919e+03  3.999467900829501741e+04
140 2801 6.118189e-01 2.338838e+01  9.084249954812829486e+00  9.124845673326017703e+00  4.027947219725111609e+03  3.997767490605567582e+04
141 2821 6.156626e-01 2.341420e+01  9.084249954812829486e+00  9.562489200982769333e+00  4.023709009730780508e+03  3.999323582534943125e+04
142 2841 6.160730e-01 2.343707e+01  9.084249954812829486e+00  9.800962364020808337e+00  1.267641386456532615e+01  3.999192137337524036e+04
143 2861 6.147676e-01 2.345372e+01  9.084249954812829486e+00  1.013167943474567956e+01  4.016015040763297748e+03  3.998486757174225204e+04
144 2881 6.157457e-01 2.348048e+01  9.084249954812829486e+00  9.812504162074846548e+00  1.372318881708660854e+01  3.999399875511162827e+04
145 2901 6.151840e-01 2.347824e+01  9.084249954812829486e+00  9.849322220301965913e+00  2.016259539921994246e+03  3.998456505351643136e+04
146 2921 6.140207e-01 2.347830e+01  9.084249954812829486e+00  9.744036527661176450e+00  2.011849190604701334e+03  3.998414560947098653e+04
147 2941 6.140362e-01 2.347934e+01  9.084249954812829486e+00  9.884632805606717199e+00  1.198649064795199229e+04  3.999394114784710109e+04
148 2961 6.158800e-01 2.351341e+01  9.084249954812829486e+00  9.973948528442605266e+00  1.179839551250014829e+01  3.997603242590015725e+04
149 2981 6.189131e-01 2.352760e+01  9.084249954812829486e+00  1.034457292759083380e+01  2.014220666639400406e+03  3.998428568375718896e+04
150 3001 6.195949e-01 2.354150e+01  9.084249954812829486e+00  9.969629373706549558e+00  1.303479032821141814e+01  4.000027888950404304e+04
151 3021 6.165708e-01 2.354964e+01  9.084249954812829486e+00  9.900226196348516083e+00  1.255689487210678124e+01  3.997332190687201364e+04
152 3041 6.143743e-01 2.355562e+01  9.084249954812829486e+00  1.003129338098421108e+01  1.157731335572309206e+01  3.999408721669353690e+04
153 3061 6.103669e-01 2.356266e+01  9.084249954812829486e+00  1.010778359005219329e+01  4.026168208737670284e+03  3.998369856664073450e+04
154 3081 6.066800e-01 2.357497e+01  9.084249954812829486e+00  9.991420202434364128e+00  4.020340104484646417e+03  3.998178019028896233e+04
155 3101 6.032878e-01 2.357706e+01  9.084249954812829486e+00  9.973511842614644962e+00  4.012047133956997641e+03  3.998455035985069844e+04
156 3121 6.015659e-01 2.359273e+01  9.084249954812829486e+00  9.953151465118427410e+00  1.279840534278287656e+01  3.998035485069103015e+04
157 3141 6.019803e-01 2.360064e+01  9.084249954812829486e+00  9.782598037895073873e+00  1.182453263438063829e+01  3.997327318023810221e+04
158 3161 6.031970e-01 2.361378e+01  9.084249954812829486e+00  9.526212177112213908e+00  1.240653250899803695e+01  3.997676889372195001e+04
159 3181 6.056654e-01 2.363196e+01  9.084249954812829486e+00  9.631320657565098031e+00  1.103110400022735149e+01  3.997039972377101367e+04
160 3201 6.098005e-01 2.364134e+01  9.084249954812829486e+00  9.842564941952854696e+00  2.013591573310857711e+03  3.998414059047764749e+04
161 3221 6.140166e-01 2.366969e+01  9.084249954812829486e+00  9.981326672244897225e+00  4.026244481072369126e+03  3.996695498623084131e+04
162 3241 6.177297e-01 2.368569e+01  9.084249954812829486e+00  1.041825719390321225e+01  1.507751105575267658e+01  3.998412704755353479e+04
163 3261 6.210108e-01 2.369321e+01  9.084249954812829486e+00  1.042201611104116665e+01  2.013981978207340489e+03  2.198477542054645528e+04
164 3281 6.236063e-01 2.369665e+01  9.084249954812829486e+00  1.013502514633427509e+01  1.356935082000378401e+01  3.998434989921066153e+04
165 3301 6.257770e-01 2.371095e+01  9.084249954812829486e+00  1.027787421277737323e+01  4.015955674483990606e+03  3.999096690334260347e+04
166 3321 6.268558e-01 2.371565e+01  9.084249954812829486e+00  1.019079310937428851e+01  4.013220124689974000e+03  3.998138957213730464e+04
167 3341 6.259269e-01 2.372571e+01  9.084249954812829486e+00  9.839683875359149567e+00  1.328169618232746174e+01  3.999259087973687565e+04
168 3361 6.237667e-01 2.372646e+01  9.084249954812829486e+00  9.935780565919845486e+00  1.138381170859883440e+01  3.999390867633771268e+04
169 3381 6.204316e-01 2.374184e+01  9.084249954812829486e+00  1.022501835841330831e+01  4.014898882676937774e+03  3.999367270931520034e+04
170 3401 6.180201e-01 2.374839e+01  9.084249954812829486e+00  9.548698899065263035e+00  1.259358624128188708e+01  3.998876999415236787e+04
171 3421 6.173842e-01 2.375794e+01  9.084249954812829486e+00  9.429508770816820373e+00  4.014622979995338028e+03  3.998034745409842435e+04
172 3441 6.170887e-01 2.377634e+01  9.084249954812829486e+00  1.013213766308251351e+01  4.016399884768013635e+03  3.999376069503113831e+04
173 3461 6.192141e-01 2.378698e+01  9.084249954812829486e+00  9.467575763296984803e+00  1.101934188645354240e+01  3.999199252753021574e+04
174 3481 6.192866e-01 2.378993e+01  9.084249954812829486e+00  9.695933671743365068e+00  8.508783763946739782e+03  3.999393230442242930e+04
175 3501 6.210386e-01 2.381088e+01  9.084249954812829486e+00  9.820774935999629918e+00  4.016476295596611180e+03  3.998637564486875635e+04
176 3521 6.233595e-01 2.382919e+01  9.084249954812829486e+00  9.974732996813834518e+00  4.014856743993890632e+03  3.997874670302247250e+04
177 3541 6.237992e-01 2.382712e+01  9.084249954812829486e+00  1.011869948103276684e+01  1.299133348686025420e+04  3.999000740295337164e+04
178 3561 6.244446e-01 2.382747e+01  9.084249954812829486e+00  9.863630222744259157e+00  2.014327348334339376e+03  3.998703151287494984e+04
179 3581 6.272463e-01 2.383161e+01  9.084249954812829486e+00  9.754044088853925487e+00  2.013334059513235161e+03  3.998867614506178506e+04
180 3601 6.323532e-01 2.382987e+01  9.084249954812829486e+00  1.040120830869241608e+01  2.013881364492053990e+03  3.994058139842079254e+04
181 3621 6.377374e-01 2.384039e+01  9.084249954812829486e+00  1.002731172434200957e+01  7.009860521834242718e+03  3.999149807072996919e+04
182 3641 6.454722e-01 2.383729e+01  9.084249954812829486e+00  1.016285973965695533e+01  4.016297742450999522e+03  3.999332361811011651e+04
183 3661 6.553444e-01 2.384008e+01  9.084249954812829486e+00  1.030569704205844417e+01  4.015279528360719269e+03  3.998855842172317352e+04
184 3681 6.622458e-01 2.384446e+01  9.084249954812829486e+00  9.820031384760728344e+00  4.018425649623879508e+03  3.997926079118937923e+04
185 3701 6.648198e-01 2.384049e+01  9.084249954812829486e+00  1.049816148025981377e+01  4.017463601586423465e+03  3.998958148289881501e+04
186 3721 6.666513e-01 2.385258e+01  9.084249954812829486e+00  1.052284272198077808e+01  1.195195542499267738e+01  3.998861299656258780e+04
187 3741 6.718134e-01 2.385100e+01  9.084249954812829486e+00  1.074863054979401866e+01  7.002300953734782524e+03  3.997873506289611396e+04
188 3761 6.750215e-01 2.385248e+01  9.084249954812829486e+00  1.013042267727306722e+01  4.014188613622580306e+03  3.997999256749949564e+04
189 3781 6.745055e-01 2.386334e+01  9.084249954812829486e+00  1.017473895823102303e+01  1.309822867445151928e+01  1.300411640456992973e+04
190 3801 6.720079e-01 2.386577e+01  9.084249954812829486e+00  1.014537107540433780e+01  4.012688835494101568e+03  3.999198587537936692e+04
191 3821 6.678258e-01 2.387208e+01  9.084249954812829486e+00  1.033562805078715385e+01  4.013460732828294113e+03  3.096868710854558594e+04
192 3841 6.640932e-01 2.387726e+01  9.084249954812829486e+00  1.078136372769355056e+01  4.023553834052421735e+03  3.998850233834199753e+04
193 3861 6.567764e-01 2.388503e+01  9.084249954812829486e+00  1.036177883556057466e+01  4.025864526431220838e+03  3.999121488588373904e+04
194 3881 6.487250e-01 2.389216e+01  9.084249954812829486e+00  1.038802026213272356e+01  1.285653877162549996e+01  3.999068992953289853e+04
195 3901 6.380569e-01 2.388536e+01  9.084249954812829486e+00  1.143862153515655855e+01  4.033641202000246722e+03  3.998978449697169708e+04
196 3921 6.284441e-01 2.388330e+01  9.084249954812829486e+00  1.047368832159288843e+01  4.013234169080601532e+03  3.998704841210766608e+04
197 3941 6.202555e-01 2.389144e+01  9.084249954812829486e+00  1.038983326318291667e+01  2.015406643216228531e+03  3.998764846336471965e+04
198 3961 6.099744e-01 2.391363e+01  9.084249954812829486e+00  1.037412477336267003e+01  1.439107089393636230e+01  3.998856874005176360e+04
199 3981 6.025915e-01 2.392248e+01  9.084249954812829486e+00  9.977346844645968105e+00  1.403566685007273840e+01  3.999335696913860011e+04
200 4001 5.966040e-01 2.392754e+01  9.084249954812829486e+00  1.010791507400009515e+01  1.148937801401735487e+04  3.999348663567124458e+04
201 4021 5.910209e-01 2.392994e+01  9.084249954812829486e+00  1.080791087378314863e+01  1.299187013543062858e+04  3.998825030238081672e+04
202 4041 5.840399e-01 2.392841e+01  9.084249954812829486e+00  1.009051676518433993e+01  4.017811792620671440e+03  3.998206021948363195e+04
203 4061 5.785891e-01 2.392725e+01  9.084249954812829486e+00  1.050698452102269087e+01  4.016341547387169612e+03  3.998682414090159000e+04
204 4081 5.767899e-01 2.393659e+01  9.084249954812829486e+00  1.021263318729174330e+01  1.252344505020496968e+01  3.094957583797988264e+04
205 4101 5.785132e-01 2.394370e+01  9.084249954812829486e+00  1.005199625050360268e+01  4.016659184169879154e+03  3.997895502476265392e+04
206 4121 5.794364e-01 2.394377e+01  9.084249954812829486e+00  1.011330154487022881e+01  2.012080979367640793e+03  3.096208431341081450e+04
207 4141 5.790682e-01 2.396493e+01  9.084249954812829486e+00  1.049613864203139535e+01  1.264846660358934116e+01  1.300178507418392292e+04
208 4161 5.768439e-01 2.396291e+01  9.084249954812829486e+00  9.872457619129669126e+00  1.268437708363895844e+01  9.990646623008902679e+03
209 4181 5.727660e-01 2.397931e+01  9.084249954812829486e+00  1.023366065972156136e+01  1.286278177285402791e+01  3.997815395393178915e+04
210 4201 5.701157e-01 2.398965e+01  9.084249954812829486e+00  1.004572069494549424e+01  1.197535091316062150e+01  1.299080154516699258e+04
211 4221 5.684722e-01 2.399393e+01  9.084249954812829486e+00  1.004936778045312096e+01  1.250003599952572664e+01  3.096740435011693990e+04
212 4241 5.673499e-01 2.398835e+01  9.084249954812829486e+00  1.034345463800617537e+01  1.306417732019667710e+01  3.998474868183111539e+04
213 4261 5.679261e-01 2.400129e+01  9.084249954812829486e+00  1.023851511678626025e+01  1.161645137573552233e+01  3.998661073509474954e+04
214 4281 5.682464e-01 2.400033e+01  9.084249954812829486e+00  9.739110296815452372e+00  1.223913344247077362e+01  1.301716550493286559e+04
215 4301 5.706560e-01 2.400304e+01  9.084249954812829486e+00  9.929984553226130828e+00  1.222000118860535167e+01  3.995050184087428352e+04
216 4321 5.718304e-01 2.400294e+01  9.084249954812829486e+00  1.030046687171747166e+01  1.184517840636063468e+01  2.197743975553995915e+04
217 4341 5.740066e-01 2.401355e+01  9.084249954812829486e+00  1.056201683301004124e+01  4.014784997603437660e+03  3.998682565612626786e+04
218 4361 5.732546e-01 2.401938e+01  9.084249954812829486e+00  1.003079563711031241e+01  1.171491482098552339e+01  3.998684518429380842e+04
219 4381 5.727157e-01 2.402876e+01  9.084249954812829486e+00  9.844345221137682955e+00  2.017090057194951214e+03  3.999369363814240205e+04
220 4401 5.731442e-01 2.403945e+01  9.084249954812829486e+00  9.636950385966777333e+00  1.187822813355081664e+01  3.999351435562793631e+04
221 4421 5.723855e-01 2.402858e+01  9.084249954812829486e+00  9.432072335306548538e+00  2.013861519126645362e+03  3.998291855563376157e+04
222 4441 5.679175e-01 2.402837e+01  9.084249954812829486e+00  9.704156368194389870e+00  4.014056555270668468e+03  3.998524952790416864e+04
223 4461 5.624549e-01 2.402410e+01  9.084249954812829486e+00  1.037789855742751577e+01  4.018744006577633627e+03  3.998938720548809943e+04
224 4481 5.578472e-01 2.402999e+01  9.084249954812829486e+00  1.063555662895302945e+01  4.015379374497762910e+03  3.998800101599976915e+04
225 4501 5.522256e-01 2.404068e+01  9.084249954812829486e+00  9.642391058825285910e+00  1.255874902419819250e+01  3.999224807439160213e+04
226 4521 5.479421e-01 2.404940e+01  9.084249954812829486e+00  9.970377780870551376e+00  1.278046571083214999e+01  3.999201718374081247e+04
227 4541 5.449506e-01 2.404735e+01  9.084249954812829486e+00  1.015945685099276830e+01  4.017330758403519212e+03  3.999007293193476653e+04
228 4561 5.392310e-01 2.404762e+01  9.084249954812829486e+00  9.782855237811409310e+00  1.136684638201525033e+01  3.999043162173336168e+04
229 4581 5.334620e-01 2.406391e+01  9.084249954812829486e+00  9.585011488536117952e+00  1.120844380983839983e+01  3.999396330944822694e+04
230 4601 5.284395e-01 2.406257e+01  9.084249954812829486e+00  9.854149260433469948e+00  1.297456954177766164e+01  3.997812697651298367e+04
231 4621 5.259405e-01 2.406165e+01  9.084249954812829486e+00  9.489139125139011810e+00  1.237382467310684930e+01  3.998877484162700421e+04
232 4641 5.225059e-01 2.406267e+01  9.084249954812829486e+00  9.522402634036797764e+00  4.017923959067851229e+03  3.999347104926031898e+04
233 4661 5.197503e-01 2.407409e+01  9.084249954812829486e+00  9.709092090149628262e+00  1.317309270587017700e+01  2.994737420930776716e+04
234 4681 5.180822e-01 2.408503e+01  9.084249954812829486e+00  9.649665536611955474e+00  1.248805512084107505e+01  3.998324092612390814e+04
235 4701 5.147545e-01 2.408853e+01  9.084249954812829486e+00  1.027441630016031837e+01  1.291301199869011462e+01  2.993048791844358493e+04
236 4721 5.125290e-01 2.408317e+01  9.084249954812829486e+00  9.646191983538539461e+00  1.201667666475545104e+01  1.299307535968323100e+04
237 4741 5.118180e-01 2.409134e+01  9.084249954812829486e+00  9.853155839944061967e+00  1.302102895507273672e+01  3.999022445339886326e+04
238 4761 5.101609e-01 2.411892e+01  9.084249954812829486e+00  9.571378424431205900e+00  1.165179345912092934e+01  3.998058967627281527e+04
239 4781 5.082600e-01 2.411307e+01  9.084249954812829486e+00  9.590002632104241087e+00  2.013742627765551106e+03  3.998746773052326898e+04
240 4801 5.060899e-01 2.411270e+01  9.084249954812829486e+00  9.538839884208364595e+00  2.015879898099597085e+03  3.998996182398183009e+04
241 4821 5.042612e-01 2.411376e+01  9.084249954812829486e+00  9.148942498413035196e+00  4.030623468045859227e+03  3.996952943777466862e+04
242 4841 5.014387e-01 2.411327e+01  9.084249954812829486e+00  9.514506280034421337e+00  1.124995263365291542e+01  3.097774181290176784e+04
243 4861 4.971768e-01 2.411225e+01  9.084249954812829486e+00  9.584150871683709383e+00  4.012958668697349367e+03  3.994908654135584220e+04
244 4881 4.936111e-01 2.412297e+01  9.084249954812829486e+00  9.425037928569029333e+00  1.258669143697433412e+01  3.998795819484497770e+04
245 4901 4.897499e-01 2.412224e+01  9.084249954812829486e+00  9.362125696021969645e+00  1.050453558810445287e+01  2.198032651910643472e+04
246 4921 4.853144e-01 2.412029e+01  9.084249954812829486e+00  9.938740990585371193e+00  2.012171107578643159e+03  3.999248752857124782e+04
247 4941 4.796700e-01 2.412423e+01  9.084249954812829486e+00  9.772434138123932357e+00  1.265460833200159740e+01  3.095239431453799625e+04
248 4961 4.746208e-01 2.412192e+01  9.084249954812829486e+00  9.728917581785436752e+00  1.055355942570586159e+01  4.024306075155011058e+03
249 4981 4.719950e-01 2.414006e+01  9.084249954812829486e+00  9.559601042780176527e+00  1.136544840453421301e+01  3.994957439880389575e+04
250 5001 4.698113e-01 2.414367e+01  9.084249954812829486e+00  9.443579634688408220e+00  2.013592161951288745e+03  3.998013443372616894e+04
251 5021 4.668559e-01 2.416179e+01  9.084249954812829486e+00  9.338708519834060695e+00  1.125709133871697709e+01  3.998913380123757088e+04
252 5041 4.621103e-01 2.416248e+01  9.084249954812829486e+00  9.510640915906499515e+00  2.012485094386760920e+03  3.098488831055746778e+04
253 5061 4.584717e-01 2.416925e+01  9.084249954812829486e+00  9.404658848117055214e+00  1.054969059041341239e+01  3.997538762204938394e+04
254 5081 4.556174e-01 2.417775e+01  9.084249954812829486e+00  9.541754825184463940e+00  1.125313488675917384e+01  3.991800939172564540e+04
255 5101 4.541740e-01 2.418095e+01  9.084249954812829486e+00  9.314358507714741719e+00  1.070645322692835322e+01  3.996032079348704428e+04
256 5121 4.529212e-01 2.416761e+01  9.084249954812829486e+00  9.389177868434739338e+00  1.167429753212984878e+01  3.095300789990054545e+04
257 5141 4.529114e-01 2.417630e+01  9.084249954812829486e+00  9.430214151438537584e+00  1.067724782829762198e+01  2.197338299950584769e+04
258 5161 4.531501e-01 2.418505e+01  9.084249954812829486e+00  9.548476487148320757e+00  1.096154071847873013e+01  3.996794974921578250e+04
259 5181 4.539487e-01 2.418093e+01  9.084249954812829486e+00  9.320282140665336001e+00  1.091261552537523372e+01  2.197095723638350682e+04
260 5201 4.530780e-01 2.417975e+01  9.084249954812829486e+00  9.190557055590062419e+00  1.040680520812804133e+01  3.096528756178923504e+04
261 5221 4.518658e-01 2.419596e+01  9.084249954812829486e+00  9.445871543166559192e+00  1.142932135690472784e+01  1.299272558505304551e+04
262 5241 4.509477e-01 2.419682e+01  9.084249954812829486e+00  9.401066404416827282e+00  1.027264538926894133e+01  2.197031868533487796e+04
263 5261 4.512300e-01 2.421830e+01  9.084249954812829486e+00  9.581182688430310179e+00  1.069235443784947748e+01  3.094674755166685645e+04
264 5281 4.536458e-01 2.421835e+01  9.084249954812829486e+00  9.361249664361796619e+00  1.079251597104994786e+01  3.999267126222090155e+04
265 5301 4.548367e-01 2.421800e+01  9.084249954812829486e+00  9.171353416608187814e+00  1.194040545812568865e+01  3.999268519721229677e+04
266 5321 4.583342e-01 2.422126e+01  9.084249954812829486e+00  9.218762906192116802e+00  1.221002685658773856e+01  3.999252383135348646e+04
267 5341 4.607991e-01 2.422785e+01  9.084249954812829486e+00  9.303645458310267458e+00  1.009350752578323096e+01  3.996223272427766642e+04
268 5361 4.634454e-01 2.423375e+01  9.084249954812829486e+00  9.207987412659489834e+00  1.120217095874080648e+01  3.999246956041083467e+04
269 5381 4.677675e-01 2.424100e+01  9.084249954812829486e+00  9.305713656861946959e+00  1.030967158373636750e+01  1.298839173163055602e+04
270 5401 4.704912e-01 2.424427e+01  9.084249954812829486e+00  9.548597954236594632e+00  1.083919033385345898e+01  3.999275387421094638e+04
271 5421 4.716204e-01 2.424003e+01  9.084249954812829486e+00  9.161688473169935065e+00  1.039157858351496699e+01  3.095597837963108759e+04
272 5441 4.710609e-01 2.424369e+01  9.084249954812829486e+00  9.271685464328385251e+00  1.085450820921292348e+01  3.999320105129165313e+04
273 5461 4.695494e-01 2.423823e+01  9.084249954812829486e+00  9.208836628330107743e+00  1.173521620747098382e+01  3.994917100149222824e+04
274 5481 4.708758e-01 2.423528e+01  9.084249954812829486e+00  9.195871453465233714e+00  1.265926400844196564e+01  2.196973884563925822e+04
275 5501 4.727506e-01 2.424027e+01  9.074566193662324309e+00  9.074566193662324309e+00  6.998721120794427407e+03  3.999188623791694408e+04
276 5521 4.765493e-01 2.424497e+01  9.074566193662324309e+00  9.141691549922292381e+00  1.246895428435481179e+01  3.998780195380301302e+04
277 5541 4.798872e-01 2.425633e+01  9.074566193662324309e+00  9.333215044709167074e+00  1.154785027169657852e+01  3.998046765002353641e+04
278 5561 4.803116e-01 2.425442e+01  9.074566193662324309e+00  9.666126280798575721e+00  1.162995773637186048e+01  3.998198635449598805e+04
279 5581 4.810615e-01 2.425263e+01  9.074566193662324309e+00  9.251434465518675765e+00  1.231208829642904945e+01  3.999266490813373093e+04
280 5601 4.832756e-01 2.425343e+01  9.074566193662324309e+00  9.285751555216787523e+00  1.165891266787836322e+01  3.994575338856791495e+04
281 5621 4.852471e-01 2.425318e+01  9.067991652046286433e+00  9.067991652046286433e+00  1.182891414045289835e+01  3.999192361279172474e+04
282 5641 4.853710e-01 2.425238e+01  9.067991652046286433e+00  9.490054672069732078e+00  1.143458675865654328e+01  3.998287270481236919e+04
283 5661 4.860199e-01 2.426104e+01  9.067991652046286433e+00  9.292428497766572093e+00  4.013642950245201973e+03  3.999180476891562284e+04
284 5681 4.869233e-01 2.427980e+01  9.067991652046286433e+00  9.395364698828899463e+00  2.012873259313202425e+03  3.997336311919273430e+04
285 5701 4.860843e-01 2.428290e+01  9.067991652046286433e+00  9.260100747529188325e+00  1.072772314239806057e+01  3.999265003096066357e+04
286 5721 4.839019e-01 2.427884e+01  9.067991652046286433e+00  9.358817138459025742e+00  1.062418735669141157e+01  3.999071086047071003e+04
287 5741 4.808115e-01 2.427780e+01  9.067991652046286433e+00  9.530756779317647087e+00  1.094810460212582370e+01  2.197032620390164448e+04
288 5761 4.768915e-01 2.427625e+01  9.067991652046286433e+00  9.157219413673015396e+00  1.048509052695293775e+01  3.994670019727182080e+04
289 5781 4.749420e-01 2.427445e+01  9.043791958215564364e+00  9.043791958215564364e+00  1.072581663123355966e+01  3.999245731016853097e+04
290 5801 4.715093e-01 2.427408e+01  9.043791958215564364e+00  9.507483030834732673e+00  7.000057244321506005e+03  3.999247632607914420e+04
291 5821 4.688020e-01 2.427717e+01  9.043791958215564364e+00  9.281875825219266574e+00  2.013942704823685972e+03  3.999274919545491866e+04
292 5841 4.676222e-01 2.427181e+01  9.043791958215564364e+00  9.166092315940248980e+00  1.075927837319584945e+01  4.020062197154642945e+03
293 5861 4.657967e-01 2.425878e+01  9.043791958215564364e+00  9.246014458857988672e+00  1.061049972344896730e+01  3.998014980161908170e+04
294 5881 4.638650e-01 2.426177e+01  9.043791958215564364e+00  9.459485122932198564e+00  1.077121255926381416e+01  3.990756159214860236e+04
295 5901 4.655697e-01 2.426049e+01  9.043791958215564364e+00  9.257495244680532309e+00  1.195038236974459700e+01  1.299301185225643894e+04
296 5921 4.663513e-01 2.425782e+01  9.043791958215564364e+00  9.270450281947001159e+00  1.120810801842768711e+01  3.999215414035609865e+04
297 5941 4.641900e-01 2.425125e+01  9.043791958215564364e+00  9.097658489774728352e+00  1.280362308543038452e+01  3.095445670276385863e+04
298 5961 4.622829e-01 2.427788e+01  9.043791958215564364e+00  9.077917921309859750e+00  1.032492283613738948e+01  1.299352562240846601e+04
299 5981 4.593213e-01 2.427985e+01  9.043791958215564364e+00  9.095389016055015929e+00  1.034951495715917069e+01  3.998226772683529998e+04
300 6001 4.572873e-01 2.427940e+01  9.043791958215564364e+00  9.449676371589063706e+00  1.184331378908658294e+01  3.998093455007920420e+04
301 6021 4.570249e-01 2.428068e+01  9.030945519182209225e+00  9.030945519182209225e+00  1.113814007242210380e+01  3.996058480548883381e+04
302 6041 4.581933e-01 2.428192e+01  9.030945519182209225e+00  9.085460938209156012e+00  4.013184585542899185e+03  3.998054050299026858e+04
303 6061 4.600821e-01 2.428570e+01  9.030945519182209225e+00  9.462030742571680975e+00  4.012689999738292499e+03  3.997848820830940531e+04
304 6081 4.597913e-01 2.429232e+01  8.994426000271420918e+00  8.994426000271420918e+00  1.019220585569014581e+01  3.999302041871620895e+04
305 6101 4.572217e-01 2.430508e+01  8.994426000271420918e+00  9.325519363857500466e+00  1.170007346088367939e+01  3.999328060435028601e+04
306 6121 4.549828e-01 2.429401e+01  8.994426000271420918e+00  9.208357014024239007e+00  2.013459493358780719e+03  3.998255531283834716e+04
307 6141 4.525924e-01 2.429829e+01  8.994426000271420918e+00  9.123424892295606270e+00  2.012049732298187337e+03  3.999120872175983095e+04
308 6161 4.500550e-01 2.430294e+01  8.994426000271420918e+00  9.486394728823469791e+00  4.013268609137779549e+03  3.998223822264027694e+04
309 6181 4.504918e-01 2.430713e+01  8.994426000271420918e+00  9.046666973183482341e+00  1.056632580654504139e+01  3.997611576637397957e+04
310 6201 4.511698e-01 2.431173e+01  8.994426000271420918e+00  9.070798923250412926e+00  1.057189862653359214e+01  1.299164843613917583e+04
311 6221 4.532263e-01 2.431880e+01  8.994426000271420918e+00  9.167068956517264056e+00  1.016991341805993443e+01  3.998857249875999696e+04
312 6241 4.549851e-01 2.432969e+01  8.994426000271420918e+00  9.494749009607190260e+00  1.023619517725824224e+01  3.997264996654309653e+04
313 6261 4.540683e-01 2.434128e+01  8.994426000271420918e+00  9.199768147656552486e+00  1.064245728977516592e+01  1.299905254334645542e+04
314 6281 4.523240e-01 2.434297e+01  8.994426000271420918e+00  9.420457377565158552e+00  1.066083431616170785e+01  3.998190975013240677e+04
315 6301 4.498717e-01 2.434257e+01  8.994426000271420918e+00  9.099050766667527768e+00  1.024543043957715049e+01  3.999376093391112954e+04
316 6321 4.462156e-01 2.434007e+01  8.994426000271420918e+00  9.338526288559185318e+00  1.073705422603526749e+01  3.999366467467794428e+04
317 6341 4.436597e-01 2.435224e+01  8.994426000271420918e+00  9.591579182420693073e+00  1.041569296650555110e+01  3.998075838281847246e+04
318 6361 4.413017e-01 2.435404e+01  8.994426000271420918e+00  9.615553318472164435e+00  1.111994182215720173e+01  3.999322557231192332e+04
319 6381 4.377412e-01 2.435599e+01  8.994426000271420918e+00  9.684770876624677172e+00  1.123144969283402439e+01  3.999336159271065844e+04
320 6401 4.343179e-01 2.436801e+01  8.994426000271420918e+00  9.884314002674065236e+00  1.077888112066071002e+01  3.999336900304391747e+04
321 6421 4.305339e-01 2.437176e+01  8.994426000271420918e+00  9.209392553686042149e+00  1.079590571562015455e+01  3.999342566060796526e+04
322 6441 4.268373e-01 2.437663e+01  8.994426000271420918e+00  9.373713359436493420e+00  1.056991501626917085e+01  9.986057730228691071e+03
323 6461 4.244835e-01 2.439493e+01  8.994426000271420918e+00  9.649416888494915412e+00  1.123601888261506510e+01  3.998188972642390581e+04
324 6481 4.210758e-01 2.440299e+01  8.994426000271420918e+00  9.194738660881986547e+00  1.099110003522997658e+01  3.999333753526931832e+04
325 6501 4.181756e-01 2.439627e+01  8.994426000271420918e+00  9.245038642096343295e+00  1.064138184609573656e+01  3.999172781350163132e+04
326 6521 4.164046e-01 2.440330e+01  8.994426000271420918e+00  9.205516670355864406e+00  1.030216437929017381e+01  3.997350442269845371e+04
327 6541 4.131443e-01 2.440566e+01  8.947844839752377766e+00  8.947844839752377766e+00  1.030881561249363898e+01  3.994006153071229346e+04
328 6561 4.106985e-01 2.440608e+01  8.947844839752377766e+00  9.074621424850056073e+00  1.200107196829261724e+01  3.994822471239788138e+04
329 6581 4.071951e-01 2.439350e+01  8.947844839752377766e+00  9.326823193526445621e+00  1.177262553163615877e+01  3.998058423991895688e+04
330 6601 4.056614e-01 2.439830e+01  8.947844839752377766e+00  9.098937583736844914e+00  1.026834275365714610e+01  3.996022086433672666e+04
331 6621 4.031473e-01 2.440596e+01  8.947844839752377766e+00  9.200529657526960392e+00  1.032314335421378004e+01  3.998894249672273145e+04
332 6641 4.006103e-01 2.440429e+01  8.947844839752377766e+00  9.046315887600471228e+00  1.143499322602388624e+01  3.999135000134793518e+04
333 6661 3.971640e-01 2.441066e+01  8.947844839752377766e+00  9.416944921317544015e+00  1.020278915571512712e+01  1.300477786683104932e+04
334 6681 3.943831e-01 2.441060e+01  8.947844839752377766e+00  9.230711208557167424e+00  1.061398325993970815e+01  3.999155691489072342e+04
335 6701 3.920915e-01 2.442290e+01  8.947844839752377766e+00  9.349132615166322324e+00  1.075336934899202035e+01  3.992605766184557433e+04
336 6721 3.897677e-01 2.441985e+01  8.947844839752377766e+00  9.469071674653790183e+00  9.956286829686192164e+00  2.197313225010203314e+04
337 6741 3.892742e-01 2.443021e+01  8.947844839752377766e+00  9.256721431167518332e+00  1.027176071155658477e+01  3.997855759679965558e+04
338 6761 3.899469e-01 2.445040e+01  8.947844839752377766e+00  9.301033844865973066e+00  1.006612847806144728e+01  3.998199104705644277e+04
339 6781 3.913707e-01 2.445068e+01  8.947844839752377766e+00  9.201210003345622113e+00  1.030684127647894321e+01  3.998959438439543010e+04
340 6801 3.901356e-01 2.445679e+01  8.947844839752377766e+00  8.986231282867423786e+00  1.063166999074929819e+01  3.997761603851085238e+04
341 6821 3.895129e-01 2.445640e+01  8.947844839752377766e+00  9.077599535925486407e+00  1.019408473430848261e+01  1.298625127529847850e+04
342 6841 3.889951e-01 2.446079e+01  8.947844839752377766e+00  9.189361517109702504e+00  1.112293236917079753e+01  3.997060056297122355e+04
343 6861 3.892936e-01 2.446747e+01  8.947844839752377766e+00  9.230834837292743345e+00  1.062744835366347829e+01  1.298995578422693870e+04
344 6881 3.879799e-01 2.448099e+01  8.947844839752377766e+00  9.293108154883462646e+00  1.033392987547872544e+01  4.021635050545160993e+03
345 6901 3.880943e-01 2.448627e+01  8.947844839752377766e+00  9.425532153785884049e+00  1.028658660267800151e+01  9.983307557930291296e+03
346 6921 3.879151e-01 2.449297e+01  8.947844839752377766e+00  9.109680882633853116e+00  2.011615645474629446e+03  3.999343051740888768e+04
347 6941 3.854062e-01 2.449773e+01  8.947844839752377766e+00  9.211552506087899772e+00  1.119895740003378393e+01  1.302699092025595382e+04
348 6961 3.823754e-01 2.450346e+01  8.947844839752377766e+00  9.436369232320576117e+00  1.095407874378359203e+01  3.999339424509240780e+04
349 6981 3.815182e-01 2.450563e+01  8.947844839752377766e+00  9.469237728152657851e+00  1.077322616124270560e+01  3.994494162078879162e+04
350 7001 3.822002e-01 2.450421e+01  8.947844839752377766e+00  9.767979230404504776e+00  1.156740965037067959e+01  3.999358818046852684e+04
351 7021 3.847681e-01 2.450536e+01  8.947844839752377766e+00  9.436124865909851778e+00  1.029903945144095445e+01  3.994811565776690986e+04
352 7041 3.860864e-01 2.451260e+01  8.947844839752377766e+00  9.527764053857632476e+00  1.086619442321206819e+01  3.995061533813958522e+04
353 7061 3.856891e-01 2.452378e+01  8.947844839752377766e+00  9.489446023775080619e+00  1.183259589406030265e+01  3.996287223522671411e+04
354 7081 3.856918e-01 2.454674e+01  8.947844839752377766e+00  9.615879849344036501e+00  1.043750223347389472e+01  3.998445923755790136e+04
355 7101 3.847844e-01 2.455773e+01  8.947844839752377766e+00  9.630149005969670384e+00  1.098863277594232990e+01  2.199355704712538136e+04
356 7121 3.834618e-01 2.460138e+01  8.947844839752377766e+00  9.397361991314523877e+00  1.080855902738833407e+01  3.998264685189419106e+04
357 7141 3.827785e-01 2.462124e+01  8.947844839752377766e+00  9.329661873227401259e+00  1.021574745146021002e+01  3.997805233223651157e+04
358 7161 3.804965e-01 2.464379e+01  8.947844839752377766e+00  9.199758407777778757e+00  4.019982709711473035e+03  3.999369465185719309e+04
359 7181 3.780326e-01 2.466160e+01  8.947844839752377766e+00  9.567705441226813434e+00  2.013483680003866311e+03  3.999330367717792251e+04
360 7201 3.776202e-01 2.466861e+01  8.947844839752377766e+00  9.535263934031680932e+00  1.058894934701789303e+01  3.998180105794560950e+04
361 7221 3.763671e-01 2.467513e+01  8.947844839752377766e+00  9.441877326231178813e+00  8.515265462243001821e+03  3.997826227579069382e+04
362 7241 3.757430e-01 2.469173e+01  8.947844839752377766e+00  9.006197001539717917e+00  4.021195778209102173e+03  3.999395677055988926e+04
363 7261 3.747493e-01 2.470682e+01  8.947844839752377766e+00  9.646770812263264716e+00  1.063069706331401676e+01  3.997526319716998842e+04
364 7281 3.745995e-01 2.471394e+01  8.947844839752377766e+00  9.355102970284272956e+00  1.075415148555711475e+01  3.998440855767202447e+04
365 7301 3.736677e-01 2.473418e+01  8.947844839752377766e+00  9.106785405631271146e+00  2.011427360876284411e+03  3.999379460268290131e+04
366 7321 3.726645e-01 2.473590e+01  8.947844839752377766e+00  9.292154167346792448e+00  1.046013566662346506e+01  3.095659480294965761e+04
367 7341 3.728895e-01 2.474620e+01  8.947844839752377766e+00  9.173937215809347734e+00  1.048744554865831091e+01  3.999331284321586281e+04
368 7361 3.721417e-01 2.474697e+01  8.947844839752377766e+00  9.357665090099457572e+00  1.011413031267577978e+01  3.999325334931110410e+04
369 7381 3.720053e-01 2.476233e+01  8.947844839752377766e+00  9.305984944821519278e+00  1.050858388385065290e+01  3.999336624736862723e+04
370 7401 3.708183e-01 2.477255e+01  8.947844839752377766e+00  9.284896324180257565e+00  2.011815804522317649e+03  3.998443692524350627e+04
371 7421 3.705811e-01 2.476369e+01  8.947844839752377766e+00  9.391894420923872389e+00  4.998139809731239438e+03  3.998047045061346580e+04
372 7441 3.690195e-01 2.476638e+01  8.947844839752377766e+00  9.296777582556035924e+00  1.033827455231438108e+01  3.998550557277248299e+04
373 7461 3.677214e-01 2.477399e+01  8.947844839752377766e+00  8.953967479659976192e+00  1.057060082450480820e+01  3.997882532216849359e+04
374 7481 3.679422e-01 2.479048e+01  8.947844839752377766e+00  9.250449161974355405e+00  9.828545320540001740e+00  3.997599956536677928e+04
375 7501 3.675179e-01 2.479687e+01  8.947844839752377766e+00  9.329425202502296344e+00  1.157390434946539415e+01  3.997066744851879048e+04
376 7521 3.687991e-01 2.480893e+01  8.947844839752377766e+00  9.190926276469632228e+00  9.920171792066280858e+00  3.997898125421613076e+04
377 7541 3.721585e-01 2.480417e+01  8.947844839752377766e+00  9.146822900964991732e+00  4.014908474696118901e+03  3.998069977432409360e+04
378 7561 3.742358e-01 2.481209e+01  8.947844839752377766e+00  9.065482975260202636e+00  7.006894050784268984e+03  3.997671212459845265e+04
379 7581 3.773511e-01 2.480502e+01  8.947844839752377766e+00  9.216499993281349390e+00  2.011723220984285263e+03  3.997512677806238935e+04
380 7601 3.801396e-01 2.480407e+01  8.947844839752377766e+00  8.984109906855820782e+00  1.030085572208107614e+01  3.996938688104707398e+04
381 7621 3.828789e-01 2.481183e+01  8.947844839752377766e+00  8.990461607514351527e+00  1.028522403498419280e+01  3.996824711465119617e+04
382 7641 3.840722e-01 2.481991e+01  8.930876473206602384e+00  8.930876473206602384e+00  1.049886775776871239e+01  3.999192409515412874e+04
383 7661 3.834365e-01 2.482912e+01  8.930876473206602384e+00  9.111211962515328722e+00  4.997483676075066796e+03  3.999213405253949168e+04
384 7681 3.827807e-01 2.484043e+01  8.930876473206602384e+00  9.076990919850429052e+00  1.053882123937501980e+01  2.196933376561708428e+04
385 7701 3.812394e-01 2.485248e+01  8.930876473206602384e+00  9.225586449190682714e+00  1.102173946434133356e+01  3.998062913678892073e+04
386 7721 3.794900e-01 2.487273e+01  8.930876473206602384e+00  9.051691483616746581e+00  4.013942693897204663e+03  3.997799118817644921e+04
387 7741 3.758456e-01 2.488468e+01  8.930876473206602384e+00  9.257268373404716755e+00  4.016775194518155331e+03  3.997985028676796355e+04
388 7761 3.716555e-01 2.489585e+01  8.930876473206602384e+00  9.167559024989294869e+00  1.038654568391670630e+01  3.999207129990559042e+04
389 7781 3.689918e-01 2.490622e+01  8.930876473206602384e+00  9.260619271487765758e+00  2.012277353618059124e+03  3.999004155218858068e+04
390 7801 3.680588e-01 2.490762e+01  8.930876473206602384e+00  9.086822585846586975e+00  9.807519332699866865e+00  3.997096216941530292e+04
391 7821 3.676575e-01 2.493045e+01  8.930876473206602384e+00  9.562235230203620873e+00  1.028876411487961207e+01  3.999253442707784416e+04
392 7841 3.699204e-01 2.494265e+01  8.912960106507870961e+00  8.912960106507870961e+00  9.969768096802145152e+00  3.999114507365642930e+04
393 7861 3.718225e-01 2.495315e+01  8.912960106507870961e+00  9.046023153806165951e+00  1.025161213587632503e+01  3.993869947594816040e+04
394 7881 3.734657e-01 2.496061e+01  8.912960106507870961e+00  9.064969889279852922e+00  9.952798410376324512e+00  9.982522801468750913e+03
395 7901 3.740139e-01 2.496905e+01  8.912960106507870961e+00  9.299472467500226713e+00  6.998958322571394092e+03  3.997205120821115997e+04
396 7921 3.729214e-01 2.497679e+01  8.912960106507870961e+00  9.537502253847236489e+00  1.057388646094917917e+01  3.997361294015940803e+04
397 7941 3.721337e-01 2.497748e+01  8.912960106507870961e+00  9.120241063411931748e+00  1.011465687386055734e+01  3.999208137980896572e+04
398 7961 3.708164e-01 2.498399e+01  8.912960106507870961e+00  9.272255161521185229e+00  2.012433851654632690e+03  3.999340595309099444e+04
399 7981 3.676370e-01 2.498731e+01  8.912960106507870961e+00  9.134932985904246294e+00  1.021571234766309288e+01  3.996826053982629674e+04
400 8001 3.640366e-01 2.499810e+01  8.912960106507870961e+00  9.124273566254132106e+00  1.007165624550841443e+01  3.997277298269180028e+04
401 8021 3.614008e-01 2.499539e+01  8.912960106507870961e+00  9.248365191801857677e+00  1.061016231888128658e+01  4.000028643641884264e+04
402 8041 3.587490e-01 2.499845e+01  8.912960106507870961e+00  9.172972994780115741e+00  1.096049956528637992e+01  3.999180018073580140e+04
403 8061 3.553120e-01 2.500361e+01  8.912960106507870961e+00  9.040219077731432407e+00  1.080795600181149219e+01  3.999326583631749236e+04
404 8081 3.536347e-01 2.500729e+01  8.912960106507870961e+00  9.347267982406139097e+00  1.042004692057794202e+01  3.999140804448829294e+04
405 8101 3.513891e-01 2.500679e+01  8.912960106507870961e+00  9.282018723229207069e+00  1.021643587101854500e+01  9.985980662995343664e+03
406 8121 3.505679e-01 2.500752e+01  8.912960106507870961e+00  9.489431475578562925e+00  1.062844340199081117e+01  3.999199244702753640e+04
407 8142 3.498545e-01 2.501022e+01  8.912960106507870961e+00  9.226847806792797257e+00  1.041672537769461471e+01  3.997111853762107057e+04
408 8163 3.493286e-01 2.501702e+01  8.912960106507870961e+00  9.248992648891393387e+00  1.028322998969306568e+01  4.017713441944772512e+03
409 8183 3.473048e-01 2.501458e+01  8.912960106507870961e+00  9.202358156722779015e+00  1.017619959153370246e+01  3.999242546048975782e+04
410 8203 3.449823e-01 2.500985e+01  8.912960106507870961e+00  9.259526349746012741e+00  1.130061775876013286e+01  4.000029253071495623e+04
411 8223 3.440025e-01 2.503006e+01  8.912960106507870961e+00  9.297443753039068781e+00  1.061153119644512444e+01  3.999187629941273917e+04
412 8243 3.427241e-01 2.502824e+01  8.912960106507870961e+00  9.286263287524148424e+00  1.055503606746494683e+01  3.999356049966491992e+04
413 8263 3.401696e-01 2.502768e+01  8.912960106507870961e+00  9.312388927115728521e+00  1.013889704168106753e+01  3.999211846516506193e+04
414 8283 3.379537e-01 2.503684e+01  8.912960106507870961e+00  9.438181350627660393e+00  1.054731263566884891e+01  4.000027143501866522e+04
415 8303 3.345903e-01 2.504491e+01  8.912960106507870961e+00  9.141133442111655683e+00  9.857628945451455849e+00  3.999228948327343096e+04
416 8323 3.315053e-01 2.504956e+01  8.912960106507870961e+00  9.193677312782256195e+00  1.047652800850524812e+01  3.999219031878883834e+04
417 8343 3.279068e-01 2.504703e+01  8.912960106507870961e+00  9.291653538023743053e+00  1.103303704103728577e+01  9.984426379754406298e+03
418 8363 3.248466e-01 2.505577e+01  8.912960106507870961e+00  9.211233663433217700e+00  1.040850746731033993e+01  3.999213657945430896e+04
419 8383 3.237266e-01 2.506529e+01  8.912960106507870961e+00  9.146513369630566714e+00  1.020369681137645124e+01  4.018340176399186930e+03
420 8403 3.219737e-01 2.507035e+01  8.912960106507870961e+00  9.042245134876701229e+00  9.889739424951178748e+00  4.012344352718536356e+03
421 8423 3.218294e-01 2.509233e+01  8.912960106507870961e+00  9.061261769305893665e+00  1.003283165150607203e+01  1.300725027537281130e+04
422 8443 3.199604e-01 2.509956e+01  8.912960106507870961e+00  9.064473302358099005e+00  1.033008472017505142e+01  3.999213548592146981e+04
423 8463 3.184181e-01 2.511515e+01  8.912960106507870961e+00  9.068530734181440067e+00  9.410800567738055733e+00  3.095433710372805217e+04
424 8483 3.186251e-01 2.511314e+01  8.912960106507870961e+00  9.014676646206702060e+00  9.839021432268609146e+00  4.012600045844515989e+03
425 8503 3.179948e-01 2.513040e+01  8.912960106507870961e+00  8.963539372962999963e+00  1.017092113727169789e+01  3.998126654867155594e+04
426 8523 3.171023e-01 2.513124e+01  8.894388442963471419e+00  8.894388442963471419e+00  2.013159558753864530e+03  3.999123120798476157e+04
427 8543 3.154388e-01 2.513523e+01  8.894388442963471419e+00  9.011674938363388065e+00  2.012316228481969119e+03  3.997027511619118013e+04
428 8563 3.142864e-01 2.515208e+01  8.894388442963471419e+00  9.293095571485107342e+00  1.087299231916115616e+01  3.997188291740406567e+04
429 8583 3.156831e-01 2.516025e+01  8.894388442963471419e+00  9.020539386373034318e+00  1.035639243250385277e+01  9.986409537128933152e+03
430 8603 3.175175e-01 2.517633e+01  8.894388442963471419e+00  9.090097368600815742e+00  1.004878784044929141e+01  9.988156431902441909e+03
431 8623 3.193038e-01 2.517747e+01  8.894388442963471419e+00  8.995526257004542003e+00  1.047794979318223341e+01  3.995326674533212645e+04
432 8643 3.196339e-01 2.517553e+01  8.894388442963471419e+00  9.116210600869649738e+00  1.017283855301611517e+01  9.986262292960929699e+03
433 8663 3.224703e-01 2.517291e+01  8.894388442963471419e+00  9.091506573070081032e+00  9.826570960000950095e+00  3.994660823169045034e+04
434 8683 3.275650e-01 2.517207e+01  8.894388442963471419e+00  9.104142762726135985e+00  1.013129520961436647e+01  9.985159566458962217e+03
435 8703 3.323933e-01 2.517853e+01  8.894388442963471419e+00  9.079258164595415792e+00  9.696151488133184060e+00  3.993228519502764539e+04
436 8723 3.366543e-01 2.518851e+01  8.894388442963471419e+00  9.155191343671326365e+00  9.853989819926201932e+00  3.999163684439215285e+04
437 8743 3.397099e-01 2.518924e+01  8.894388442963471419e+00  9.238942709069890569e+00  1.068364018617119093e+01  9.985969941935280076e+03
438 8763 3.425514e-01 2.519737e+01  8.894388442963471419e+00  9.171984718367443890e+00  1.057037170593715913e+01  3.999214972498789575e+04
439 8783 3.453906e-01 2.521222e+01  8.894388442963471419e+00  9.185711168201486032e+00  1.035237705394996155e+01  3.999145271220397990e+04
440 8803 3.483638e-01 2.521813e+01  8.831463147529083457e+00  8.831463147529083457e+00  9.772878440122713783e+00  3.994830861055698188e+04
441 8823 3.516742e-01 2.522146e+01  8.831463147529083457e+00  8.973695845663009152e+00  1.024988652640573505e+01  1.298885903940550452e+04
442 8843 3.541808e-01 2.522622e+01  8.831463147529083457e+00  8.987730779638205547e+00  9.879997377521601010e+00  3.997543544430313341e+04
443 8863 3.558724e-01 2.522809e+01  8.831463147529083457e+00  9.352863579653625692e+00  4.026761237919193263e+03  3.999195096110767918e+04
444 8883 3.570628e-01 2.522772e+01  8.831463147529083457e+00  9.042723651546609176e+00  7.006549199929089809e+03  3.999280099367035291e+04
445 8903 3.589050e-01 2.523059e+01  8.831463147529083457e+00  9.189716893088784033e+00  1.014644084026326354e+01  1.298297636730432350e+04
446 8923 3.599183e-01 2.523754e+01  8.831463147529083457e+00  9.096111228948768002e+00  1.024156468097705286e+01  4.000028814824999426e+04
447 8943 3.620961e-01 2.526579e+01  8.831463147529083457e+00  9.290680307582958264e+00  1.019175310844333282e+01  1.994290570226100681e+04
448 8963 3.631395e-01 2.526899e+01  8.831463147529083457e+00  9.184951871429170467e+00  1.012041502959497485e+01  9.986705471684261283e+03
449 8983 3.635278e-01 2.527744e+01  8.831463147529083457e+00  9.370179280084039775e+00  9.823348959856488705e+00  3.996320970538107940e+04
450 9003 3.638549e-01 2.528449e+01  8.831463147529083457e+00  9.008658815546493059e+00  1.024910379821793782e+01  3.095130186913983198e+04
451 9023 3.641001e-01 2.528420e+01  8.831463147529083457e+00  8.925305594076924365e+00  1.018930460880542377e+01  1.995322701759258052e+04
452 9043 3.650067e-01 2.529725e+01  8.831463147529083457e+00  9.240057562407740122e+00  1.029915340892220854e+01  9.987109075223976106e+03
453 9063 3.647278e-01 2.529272e+01  8.831463147529083457e+00  9.150613572795208484e+00  1.098154595009336276e+01  3.996040907169270213e+04
454 9083 3.638605e-01 2.528943e+01  8.831463147529083457e+00  9.295764748648180031e+00  1.004384366540732465e+01  1.298705598039900542e+04
455 9103 3.628321e-01 2.530157e+01  8.831463147529083457e+00  9.043530519372087184e+00  1.006434932788206993e+01  9.987912807234575666e+03
456 9123 3.624759e-01 2.530682e+01  8.831463147529083457e+00  9.039337690718424412e+00  9.705389857880144078e+00  1.299067802155176832e+04
457 9143 3.608055e-01 2.531004e+01  8.831463147529083457e+00  9.225371700412365428e+00  1.050561422109320020e+01  2.197094853435215555e+04
458 9163 3.589359e-01 2.530212e+01  8.831463147529083457e+00  8.994799965354097537e+00  9.946174697712789836e+00  9.987632788621987856e+03
459 9183 3.579129e-01 2.531187e+01  8.831463147529083457e+00  9.041160232821752629e+00  9.853981253722933431e+00  3.993624792391157098e+04
460 9203 3.579163e-01 2.533062e+01  8.831463147529083457e+00  9.080313497316019777e+00  1.013036165821416645e+01  1.159509321101081092e+01
461 9223 3.586405e-01 2.534036e+01  8.831463147529083457e+00  9.269872730492467738e+00  1.057326035517911933e+01  1.298929411425373473e+04
462 9243 3.603301e-01 2.534780e+01  8.831463147529083457e+00  9.025391479344055057e+00  9.946176916522086131e+00  9.985496366062712696e+03
463 9263 3.616634e-01 2.535191e+01  8.831463147529083457e+00  9.178832641399690573e+00  9.861160950127811020e+00  3.991325567711127223e+04
464 9283 3.626221e-01 2.537380e+01  8.831463147529083457e+00  9.181148187067009303e+00  9.768908926692930095e+00  3.995965283886313409e+04
465 9303 3.647252e-01 2.537251e+01  8.831463147529083457e+00  9.304298920855321953e+00  9.924688059058629719e+00  1.299631622299337687e+04
466 9323 3.657717e-01 2.538990e+01  8.831463147529083457e+00  9.092232382189703088e+00  9.852524487143602627e+00  3.993922240509558469e+04
467 9343 3.668850e-01 2.539906e+01  8.831463147529083457e+00  9.365595668621597980e+00  1.026854832213698465e+01  3.996719953312548751e+04
468 9363 3.674066e-01 2.540722e+01  8.831463147529083457e+00  9.216601164243011013e+00  1.019351209332082675e+01  3.996472266020913230e+04
469 9383 3.660626e-01 2.542386e+01  8.831463147529083457e+00  9.151135671853342757e+00  1.016481831853528206e+01  3.095546669133452087e+04
470 9403 3.667024e-01 2.544889e+01  8.831463147529083457e+00  9.167673453355016377e+00  1.004774506678290891e+01  2.198413354385606362e+04
471 9423 3.669310e-01 2.546497e+01  8.831463147529083457e+00  8.961114176321945735e+00  1.001044261919778400e+01  1.299284320507730990e+04
472 9443 3.673232e-01 2.549564e+01  8.831463147529083457e+00  9.146520488811411553e+00  1.015921156179210527e+01  2.197361679874098627e+04
473 9463 3.667376e-01 2.551154e+01  8.831463147529083457e+00  9.075977083493674158e+00  1.040511531614792951e+01  2.198682892994979557e+04
474 9483 3.670625e-01 2.551844e+01  8.831463147529083457e+00  9.131349491828155251e+00  9.984455511715260911e+00  1.300018705588716148e+04
475 9503 3.677963e-01 2.552269e+01  8.831463147529083457e+00  9.270618964678432050e+00  9.965445330847115812e+00  3.998491837968907203e+04
476 9523 3.699089e-01 2.551946e+01  8.831463147529083457e+00  9.210529175475430819e+00  9.987617140851135389e+00  2.197484985737896204e+04
477 9543 3.699310e-01 2.552610e+01  8.831463147529083457e+00  9.050862839717815689e+00  9.514606441519431357e+00  3.095131215537815297e+04
478 9563 3.705463e-01 2.553565e+01  8.831463147529083457e+00  9.467448568859463620e+00  1.001134861017986744e+01  3.995615322108891269e+04
479 9583 3.708549e-01 2.554802e+01  8.831463147529083457e+00  9.028535997514410383e+00  9.903940148684979405e+00  2.196743284573315032e+04
480 9603 3.709005e-01 2.555764e+01  8.831463147529083457e+00  9.086615640375413250e+00  9.943177284869536336e+00  9.984136178166587342e+03
481 9623 3.708642e-01 2.556174e+01  8.831463147529083457e+00  9.276696735006664696e+00  1.069882877419731670e+01  3.996400755755387218e+04
482 9643 3.709598e-01 2.556300e+01  8.831463147529083457e+00  9.120098036293137866e+00  1.002524415709309835e+01  1.995935667135749100e+04
483 9663 3.692779e-01 2.555683e+01  8.831463147529083457e+00  9.131808483980552893e+00  1.017266752979902478e+01  3.995025430103757390e+04
484 9683 3.661490e-01 2.556231e+01  8.831463147529083457e+00  9.065016784856110732e+00  9.704306355948205010e+00  9.991443604737152782e+03
485 9703 3.639620e-01 2.556558e+01  8.831463147529083457e+00  9.056795628531970621e+00  1.021158843183303944e+01  3.998065666622275603e+04
486 9723 3.630623e-01 2.556338e+01  8.831463147529083457e+00  8.923865891848764775e+00  1.036051380540084565e+01  1.300577986194084951e+04
487 9743 3.609147e-01 2.556761e+01  8.831463147529083457e+00  8.966847984447490205e+00  1.015681139359694996e+01  3.996829635338040680e+04
488 9763 3.581405e-01 2.557468e+01  8.831463147529083457e+00  8.959464619412610631e+00  9.715848639079400328e+00  3.997075855026380304e+04
489 9783 3.575198e-01 2.557618e+01  8.831463147529083457e+00  8.937660502225416082e+00  1.057665247363149952e+01  3.994389125653065275e+04
490 9803 3.556397e-01 2.557551e+01  8.831463147529083457e+00  8.941088240027880829e+00  1.020984368167115086e+01  2.197328792626415088e+04
491 9823 3.549758e-01 2.557088e+01  8.831463147529083457e+00  9.004668118548153188e+00  1.002508339195958698e+01  2.197395463382658272e+04
492 9843 3.535361e-01 2.555918e+01  8.831463147529083457e+00  9.137876315944311045e+00  2.011760329194415135e+03  3.997840297169736004e+04
493 9863 3.533278e-01 2.555773e+01  8.831463147529083457e+00  9.230768981566246367e+00  9.861571798401170597e+00  2.197086232602848759e+04
494 9883 3.520096e-01 2.556615e+01  8.831463147529083457e+00  9.035978800890967833e+00  1.015708115689863078e+01  3.994068015927030501e+04
495 9903 3.502129e-01 2.557318e+01  8.831463147529083457e+00  9.093756933513589047e+00  9.974153019007218290e+00  3.996261587630359281e+04
496 9923 3.486253e-01 2.557237e+01  8.803875107113389831e+00  8.803875107113389831e+00  9.854877559672905463e+00  3.997212395584636397e+04
497 9943 3.467464e-01 2.558824e+01  8.803875107113389831e+00  9.041328683109696840e+00  9.781392955591243776e+00  3.997650445871936972e+04
498 9963 3.465247e-01 2.560323e+01  8.803875107113389831e+00  8.994397940920489276e+00  9.926417187617165183e+00  2.201540085401517354e+04
499 9983 3.468750e-01 2.560837e+01  8.803875107113389831e+00  8.857226155052419614e+00  9.977241341647619777e+00  3.999030096290831716e+04
500 10003 3.497275e-01 2.563714e+01  8.803875107113389831e+00  9.029027192930151102e+00  2.012882710830543601e+03  3.998441563882533956e+04
501 10023 3.522488e-01 2.564920e+01  8.745109159002527832e+00  8.745109159002527832e+00  9.866509204360443874e+00  1.299855815439475191e+04
502 10043 3.528828e-01 2.566495e+01  8.745109159002527832e+00  9.114284373079950541e+00  1.000921096550880307e+01  3.998136533568493178e+04
503 10063 3.545118e-01 2.568707e+01  8.745109159002527832e+00  9.066423887505907331e+00  1.038591895220410066e+01  3.095834210615114716e+04
504 10083 3.565394e-01 2.570022e+01  8.745109159002527832e+00  8.972357623327033238e+00  1.049325080179625935e+01  3.996275326554458297e+04
505 10103 3.580837e-01 2.571612e+01  8.745109159002527832e+00  9.184284484791229275e+00  4.012244411878568826e+03  3.994393880295466079e+04
506 10123 3.595457e-01 2.573823e+01  8.745109159002527832e+00  8.932619988085205520e+00  9.966755338576273715e+00  3.997589100467127719e+04
507 10143 3.611374e-01 2.576047e+01  8.745109159002527832e+00  9.180431271359131173e+00  1.076919505192972792e+01  4.031030810547616966e+03
508 10163 3.609599e-01 2.577998e+01  8.745109159002527832e+00  9.211171824702503841e+00  4.012865103021492359e+03  3.998081016166715563e+04
509 10183 3.605559e-01 2.578958e+01  8.745109159002527832e+00  9.150155843670880529e+00  1.093523588448178607e+01  2.198586657850060146e+04
510 10203 3.594863e-01 2.579735e+01  8.745109159002527832e+00  9.122894284032916801e+00  1.009424035741342607e+01  3.095371154383356770e+04
511 10223 3.590512e-01 2.581234e+01  8.745109159002527832e+00  9.107556634855765054e+00  2.012673882141078820e+03  3.998133924060445133e+04
512 10243 3.588929e-01 2.582825e+01  8.745109159002527832e+00  8.945551315990421415e+00  1.011456157802116529e+01  2.195504210423201948e+04
513 10263 3.593249e-01 2.584355e+01  8.745109159002527832e+00  8.934925045545206501e+00  2.011502797834438070e+03  3.998428616257575777e+04
514 10283 3.588919e-01 2.585296e+01  8.745109159002527832e+00  8.917130733699231371e+00  1.032838154576834810e+01  1.299424565629723293e+04
515 10303 3.583799e-01 2.586334e+01  8.745109159002527832e+00  9.101579912337879108e+00  4.012917649891878682e+03  3.997877453582532326e+04
516 10323 3.571281e-01 2.586937e+01  8.745109159002527832e+00  8.978743718802697060e+00  9.714067902840952229e+00  3.096802523327213203e+04
517 10343 3.551745e-01 2.587042e+01  8.745109159002527832e+00  9.047231648224125067e+00  1.059022370701746851e+01  2.994450651642751473e+04
518 10363 3.530194e-01 2.589823e+01  8.745109159002527832e+00  8.851317249395476594e+00  9.494172833452921623e+00  2.197356853810058237e+04
519 10383 3.515983e-01 2.590673e+01  8.745109159002527832e+00  8.994351842788901763e+00  9.895564019524027088e+00  2.198193038608314237e+04
520 10403 3.500942e-01 2.592169e+01  8.745109159002527832e+00  9.047225936659632595e+00  9.455812754787746854e+00  3.994975779390064417e+04
521 10423 3.481030e-01 2.593182e+01  8.745109159002527832e+00  8.987503712160803460e+00  9.707295983055345800e+00  3.994939382084452518e+04
522 10443 3.456218e-01 2.593036e+01  8.745109159002527832e+00  9.062866337899453839e+00  9.823772449304584597e+00  3.095190939419424467e+04
523 10463 3.456723e-01 2.592888e+01  8.745109159002527832e+00  8.993695770190573313e+00  9.881297879430501752e+00  3.992973062024776300e+04
524 10483 3.454185e-01 2.593674e+01  8.745109159002527832e+00  9.089787730816025757e+00  9.528849190602876718e+00  3.996925737072278571e+04
525 10503 3.455293e-01 2.593825e+01  8.745109159002527832e+00  8.998926461213192951e+00  1.036798682017607298e+01  2.197730899054823749e+04
526 10523 3.459791e-01 2.593775e+01  8.745109159002527832e+00  8.902855175688968004e+00  1.009376922751178896e+01  3.997758472438933677e+04
527 10543 3.455575e-01 2.593134e+01  8.745109159002527832e+00  8.918445505245047755e+00  1.026861011428350956e+01  3.998094696175039280e+04
528 10563 3.459359e-01 2.594401e+01  8.745109159002527832e+00  8.996437403400317834e+00  9.791246145893765629e+00  1.996224213730778865e+04
529 10583 3.459846e-01 2.594946e+01  8.745109159002527832e+00  9.232872933841026253e+00  1.112355065442318214e+01  3.997731205679359846e+04
530 10603 3.453477e-01 2.596250e+01  8.745109159002527832e+00  8.931073449797354513e+00  9.704735105757297475e+00  3.997798165752275963e+04
531 10623 3.435914e-01 2.597243e+01  8.745109159002527832e+00  8.891559380931772338e+00  9.937627938749287182e+00  3.996849562923186750e+04
532 10643 3.427226e-01 2.599528e+01  8.745109159002527832e+00  8.912566583665086029e+00  9.697461518421164328e+00  3.996385888282702217e+04
533 10663 3.416206e-01 2.598933e+01  8.745109159002527832e+00  8.826973933516526927e+00  9.792779939721739879e+00  3.993017848704056814e+04
534 10683 3.418810e-01 2.598634e+01  8.745109159002527832e+00  8.788576082359339736e+00  9.616806606970191851e+00  2.196742411395024828e+04
535 10703 3.440141e-01 2.598014e+01  8.745109159002527832e+00  8.891623223809556720e+00  9.728276766231671147e+00  9.985348665254619846e+03
536 10723 3.456289e-01 2.600866e+01  8.745109159002527832e+00  8.747499586334654964e+00  9.988287088796887758e+00  1.996157359432387238e+04
537 10743 3.478709e-01 2.600897e+01  8.745109159002527832e+00  8.918616833852022197e+00  9.850056459141569576e+00  3.994102093601933302e+04
538 10763 3.488120e-01 2.599873e+01  8.745109159002527832e+00  9.125757705397409936e+00  9.873605496401742343e+00  2.197584541654540226e+04
539 10783 3.496977e-01 2.601768e+01  8.745109159002527832e+00  8.960974290687468979e+00  9.824009717805513020e+00  3.998063455191522371e+04
540 10803 3.505515e-01 2.601658e+01  8.745109159002527832e+00  9.043999224535031800e+00  9.955609358444078794e+00  3.997331880116341199e+04
541 10823 3.512820e-01 2.601699e+01  8.745109159002527832e+00  8.972279301456921985e+00  9.680297096491401021e+00  1.300540506146981352e+04
542 10843 3.514173e-01 2.602169e+01  8.745109159002527832e+00  8.977586659363804955e+00  9.735343694391422886e+00  2.197087089791275866e+04
543 10863 3.518239e-01 2.602183e+01  8.745109159002527832e+00  9.355787035163007914e+00  9.935873930843888147e+00  3.993944007757132931e+04
544 10883 3.509740e-01 2.602194e+01  8.745109159002527832e+00  9.006966793466089527e+00  9.669882413571313506e+00  3.094326911298694176e+04
545 10903 3.499774e-01 2.602963e+01  8.745109159002527832e+00  9.084288211170845173e+00  9.852025060414487001e+00  4.014273666415829666e+03
546 10923 3.486771e-01 2.602705e+01  8.745109159002527832e+00  8.860744301060758943e+00  9.862310566318541305e+00  4.015930861278999600e+03
547 10943 3.462627e-01 2.602609e+01  8.745109159002527832e+00  8.819304999568327474e+00  1.027334356964722062e+01  4.171710183392963700e+03
548 10963 3.437035e-01 2.604888e+01  8.745109159002527832e+00  9.022598602480773167e+00  9.590278502686089723e+00  3.997149091831545229e+04
549 10983 3.417861e-01 2.605668e+01  8.745109159002527832e+00  9.065325182031141793e+00  9.823006739146910249e+00  3.996990206657331873e+04
550 11003 3.392318e-01 2.605740e+01  8.745109159002527832e+00  9.051670861529448331e+00  9.902412765412094586e+00  9.982341796744751264e+03
551 11023 3.362295e-01 2.605263e+01  8.745109159002527832e+00  8.873627463130057791e+00  9.892655554886498948e+00  4.018469128841620659e+03
552 11043 3.351771e-01 2.606380e+01  8.745109159002527832e+00  9.009594607647301245e+00  9.833319670825176217e+00  1.299103404520976073e+04
553 11063 3.341950e-01 2.606639e+01  8.745109159002527832e+00  8.775317391740474093e+00  1.012501200175768723e+01  3.995202294124788023e+04
554 11083 3.327720e-01 2.608025e+01  8.745109159002527832e+00  8.854070171710102244e+00  9.868645749460473127e+00  4.088044343519321956e+03
555 11103 3.297187e-01 2.608634e+01  8.745109159002527832e+00  9.004701155944244917e+00  2.011691213929418382e+03  2.197959298215965828e+04
556 11123 3.255134e-01 2.609635e+01  8.745109159002527832e+00  9.003193070580195467e+00  9.800810311629604143e+00  9.985278449124392864e+03
557 11143 3.216339e-01 2.613315e+01  8.745109159002527832e+00  8.935207495264039679e+00  9.542659418326699949e+00  2.195270857319519564e+04
558 11163 3.169795e-01 2.613410e+01  8.745109159002527832e+00  9.056202859633888380e+00  9.745705218980218021e+00  4.015106111141792553e+03
559 11183 3.128118e-01 2.615201e+01  8.745109159002527832e+00  8.887583647964815370e+00  9.475650041144234592e+00  3.997026564240646985e+04
560 11203 3.093993e-01 2.615984e+01  8.745109159002527832e+00  8.831728106549741497e+00  9.621925558282331536e+00  3.998966163737142051e+04
561 11223 3.078523e-01 2.616374e+01  8.745109159002527832e+00  8.798763530843418224e+00  9.425166662997895628e+00  9.980530070931143200e+03
562 11243 3.076039e-01 2.617064e+01  8.745109159002527832e+00  8.866811012576297557e+00  9.213202262521452468e+00  3.998408153819599829e+04
563 11263 3.075079e-01 2.618833e+01  8.739186943371308303e+00  8.739186943371308303e+00  9.304228433327885739e+00  9.982910457822486933e+03
564 11283 3.096525e-01 2.619582e+01  8.739186943371308303e+00  8.866324599104368431e+00  9.334135163527388812e+00  4.017313942451177354e+03
565 11303 3.104332e-01 2.620089e+01  8.737551660961702993e+00  8.737551660961702993e+00  9.612442050531864624e+00  3.991850245001126314e+04
566 11323 3.097514e-01 2.620788e+01  8.737551660961702993e+00  8.884849636079600543e+00  9.302895554486042329e+00  3.998079567051666527e+04
567 11343 3.080863e-01 2.621405e+01  8.737551660961702993e+00  8.884699684344628423e+00  9.308970925957458675e+00  1.996726380988283563e+04
568 11363 3.059853e-01 2.622027e+01  8.737551660961702993e+00  8.885236372517265835e+00  9.989337869715368967e+00  3.997980487454173999e+04
569 11383 3.042383e-01 2.622713e+01  8.737551660961702993e+00  8.806600368877129270e+00  9.424844382353382954e+00  9.990476268894548411e+03
570 11403 3.040241e-01 2.622631e+01  8.737551660961702993e+00  8.963808103044803133e+00  9.678911743665478795e+00  9.980429013895942262e+03
571 11423 3.031041e-01 2.623589e+01  8.737551660961702993e+00  8.985542161251471427e+00  9.897746912407670905e+00  9.984941991489315114e+03
572 11443 3.021191e-01 2.624876e+01  8.737551660961702993e+00  8.841224161286422856e+00  9.807529177196435910e+00  3.997812194464090135e+04
573 11463 2.999108e-01 2.624718e+01  8.737551660961702993e+00  8.893787938706346097e+00  9.517204292287136269e+00  3.095475644684868894e+04
574 11483 2.981718e-01 2.624946e+01  8.737551660961702993e+00  8.765685604871997327e+00  9.232202260010685890e+00  1.421680159798055598e+01
575 11503 2.966714e-01 2.625211e+01  8.737551660961702993e+00  8.887523137833769127e+00  9.472593247613843914e+00  3.992723933423010749e+04
576 11523 2.957542e-01 2.625174e+01  8.737551660961702993e+00  8.923741892287399224e+00  9.651213954629337621e+00  3.998109737670359755e+04
577 11543 2.962019e-01 2.624208e+01  8.737551660961702993e+00  8.881842194287974834e+00  9.686556355427192955e+00  4.017586679063517749e+03
578 11563 2.958134e-01 2.624475e+01  8.683215317371914210e+00  8.683215317371914210e+00  9.830732843610999083e+00  3.998077029934208986e+04
579 11583 2.946766e-01 2.624533e+01  8.683215317371914210e+00  8.713028443239643650e+00  9.799139300770447036e+00  2.197271432486817139e+04
580 11603 2.930112e-01 2.624511e+01  8.683215317371914210e+00  8.852121831100969729e+00  9.398441072798290108e+00  1.300659838246661275e+04
581 11623 2.915991e-01 2.624480e+01  8.683215317371914210e+00  9.070493687094966617e+00  9.454098241422340010e+00  3.993266696676355787e+04
582 11643 2.900436e-01 2.622929e+01  8.664266776483881216e+00  8.664266776483881216e+00  9.569848212584112446e+00  3.995513791350935207e+04
583 11663 2.891650e-01 2.623304e+01  8.664266776483881216e+00  8.736805940915191471e+00  9.517768868965255535e+00  2.199817748021601437e+04
584 11683 2.881121e-01 2.623168e+01  8.664266776483881216e+00  8.734896173765182681e+00  2.011624104738071537e+03  3.998057144559820881e+04
585 11703 2.873609e-01 2.624691e+01  8.664266776483881216e+00  8.778222554589181215e+00  9.245640418943509076e+00  9.987160601301486167e+03
586 11723 2.861043e-01 2.626037e+01  8.664266776483881216e+00  8.738188121425533694e+00  9.226796844280862331e+00  3.998122604854725068e+04
587 11743 2.832551e-01 2.626342e+01  8.664266776483881216e+00  8.746448326855372102e+00  9.221181016430834987e+00  3.997205241107625625e+04
588 11763 2.805235e-01 2.627351e+01  8.664266776483881216e+00  8.762844286004385808e+00  9.674654251512016856e+00  3.095487066235257225e+04
589 11783 2.785047e-01 2.627581e+01  8.664266776483881216e+00  8.713624345963342677e+00  9.180276414892936998e+00  4.023157994318291458e+03
590 11803 2.757170e-01 2.627737e+01  8.664266776483881216e+00  8.719260514266562012e+00  9.362882492353509889e+00  3.997745705298215762e+04
591 11823 2.748091e-01 2.628279e+01  8.581720880626132697e+00  8.581720880626132697e+00  9.222354636884174894e+00  3.998306052285307669e+04
592 11843 2.740601e-01 2.630446e+01  8.581720880626132697e+00  8.860149648376360432e+00  9.866774420479112351e+00  3.998011750641412800e+04
593 11863 2.735966e-01 2.631173e+01  8.581720880626132697e+00  8.741218535770755693e+00  9.306872352573158480e+00  3.096195771050033363e+04
594 11883 2.749130e-01 2.631979e+01  8.581720880626132697e+00  8.742811661829005487e+00  9.299422060544445756e+00  9.981081647439539665e+03
595 11903 2.763370e-01 2.631941e+01  8.581720880626132697e+00  8.726148982037859270e+00  9.324822679752568177e+00  9.990959096777984087e+03
596 11923 2.768100e-01 2.630999e+01  8.581720880626132697e+00  8.660910132858283816e+00  9.278430137890309126e+00  3.994362118473582086e+04
597 11943 2.766703e-01 2.631396e+01  8.581720880626132697e+00  8.720421245752039141e+00  9.693078302329565688e+00  4.015672122240638146e+03
598 11963 2.771295e-01 2.631753e+01  8.581720880626132697e+00  8.692941113214615712e+00  9.094808038206224410e+00  2.197207033009317456e+04
599 11983 2.787423e-01 2.632289e+01  8.566219814009961908e+00  8.566219814009961908e+00  9.148959746328156228e+00  1.995021041874469302e+04
600 12003 2.817500e-01 2.634429e+01  8.566219814009961908e+00  8.776264802100705253e+00  9.373680021760865344e+00  1.298889487781793468e+04
