%  columns="iteration, evaluation, sigma, axis ratio, bestever, best, median, worst fitness function value, further objective values of best" (startseed=215207, 2017/09/28 16:28:54.08)
1 21 1.066862e+00 2.241047e+01  9.978483294805181458e+02  9.985001002514298989e+02  1.000307339563300047e+04  1.000454957048098186e+04
2 41 1.027427e+00 2.242792e+01  9.978483294805181458e+02  9.985105861410974057e+02  1.000291414756793893e+04  1.000358675962589587e+04
3 61 9.945695e-01 2.243632e+01  9.978483294805181458e+02  9.985067111545768057e+02  1.000283561005271986e+04  1.000334142183364020e+04
4 81 9.686192e-01 2.244073e+01  9.978483294805181458e+02  9.983095633835637273e+02  9.985887925191539125e+02  1.000348183464607791e+04
5 101 9.468255e-01 2.244918e+01  9.978483294805181458e+02  9.984277368987784484e+02  1.000282113557853882e+04  1.000452358277864369e+04
6 121 9.307365e-01 2.245336e+01  9.978483294805181458e+02  9.984865382186634406e+02  1.000278110182321689e+04  1.000372891258655545e+04
7 141 9.167200e-01 2.246174e+01  9.978483294805181458e+02  9.984538456508644231e+02  9.985944874974866252e+02  1.000304976336457548e+04
8 161 9.035952e-01 2.246701e+01  9.978483294805181458e+02  9.984892143884205780e+02  9.985400331707846817e+02  1.000299529498690208e+04
9 181 8.938740e-01 2.247736e+01  9.978483294805181458e+02  9.985056611254898371e+02  9.985492669025528585e+02  1.000301185905631974e+04
10 201 8.832383e-01 2.248159e+01  9.978483294805181458e+02  9.984759795536547244e+02  9.985622678687225289e+02  1.000317164371713079e+04
11 221 8.755846e-01 2.248230e+01  9.978483294805181458e+02  9.984565505768279081e+02  9.985367939775251216e+02  1.000297117930526110e+04
12 241 8.675461e-01 2.248444e+01  9.978483294805181458e+02  9.984528162669251969e+02  9.985351415550780985e+02  1.000308697733794179e+04
13 261 8.583993e-01 2.248690e+01  9.978483294805181458e+02  9.984333674905261660e+02  9.985461085416944798e+02  1.000306605096303610e+04
14 281 8.467121e-01 2.249086e+01  9.978483294805181458e+02  9.984701108947845114e+02  5.500689020862240795e+03  1.000311510302045826e+04
15 301 8.349691e-01 2.249260e+01  9.978483294805181458e+02  9.984329777573464071e+02  9.985129805399458292e+02  1.000297091724873280e+04
16 321 8.247060e-01 2.250096e+01  9.978483294805181458e+02  9.984524871137112996e+02  9.991450332811971293e+02  1.000329028149131409e+04
17 341 8.169419e-01 2.250230e+01  9.978483294805181458e+02  9.984434161661101825e+02  9.985060267133409297e+02  1.000292501871696368e+04
18 361 8.096805e-01 2.250813e+01  9.978483294805181458e+02  9.984604708063691305e+02  1.000276889712798402e+04  1.000352155976640643e+04
19 381 8.067136e-01 2.250697e+01  9.978483294805181458e+02  9.984455519104452605e+02  9.985396286451911010e+02  1.000292275398378479e+04
20 401 8.043169e-01 2.250703e+01  9.978483294805181458e+02  9.984291868353714108e+02  9.985397039970800961e+02  1.000322791117742781e+04
21 421 8.038207e-01 2.251070e+01  9.978483294805181458e+02  9.984455825994779161e+02  9.985267470736664563e+02  1.000436481354437819e+04
22 441 7.991233e-01 2.251347e+01  9.978483294805181458e+02  9.984454961961863546e+02  9.985045235847703680e+02  1.000295289546212189e+04
23 461 7.959347e-01 2.251576e+01  9.978483294805181458e+02  9.984433422633311466e+02  9.985341603614277801e+02  1.000305699133353482e+04
24 481 7.980521e-01 2.251962e+01  9.978483294805181458e+02  9.984502423405385798e+02  1.000277737390653419e+04  1.000298957499293101e+04
25 501 7.987696e-01 2.252084e+01  9.978483294805181458e+02  9.984289975058793516e+02  9.985163425649100191e+02  1.000296932361009203e+04
26 521 7.983528e-01 2.252190e+01  9.978483294805181458e+02  9.983947079553221329e+02  9.985162772805679197e+02  1.000301087131848544e+04
27 541 8.007978e-01 2.253369e+01  9.978483294805181458e+02  9.984438976112833188e+02  9.985042540398885649e+02  1.000291058202090062e+04
28 561 8.002108e-01 2.253167e+01  9.978483294805181458e+02  9.984329024679846043e+02  9.985440390836663482e+02  1.000287839472817905e+04
29 581 8.002597e-01 2.253501e+01  9.978483294805181458e+02  9.984261724692372582e+02  9.985025982624317749e+02  1.000289839313283301e+04
30 601 7.980032e-01 2.252634e+01  9.978483294805181458e+02  9.984134067453072703e+02  9.985081161120283468e+02  1.000290519641204082e+04
31 621 7.978165e-01 2.253086e+01  9.978483294805181458e+02  9.984113845153866578e+02  9.985105687718493073e+02  1.000506532485655589e+04
32 641 7.974710e-01 2.253679e+01  9.978483294805181458e+02  9.984318063772703908e+02  9.985452851592967818e+02  1.000294670660626434e+04
33 661 7.964009e-01 2.254384e+01  9.978483294805181458e+02  9.984344386118863213e+02  9.985407727584201893e+02  1.000310770006712664e+04
34 681 7.911881e-01 2.255026e+01  9.978483294805181458e+02  9.984428534166713689e+02  9.985612486048210030e+02  1.000297767382557322e+04
35 701 7.877817e-01 2.255346e+01  9.978483294805181458e+02  9.984354722755646208e+02  9.984969519128148931e+02  1.000515857006002443e+04
36 721 7.796065e-01 2.256111e+01  9.978483294805181458e+02  9.984560771771172085e+02  9.985010802524689097e+02  1.000309420303975639e+04
37 741 7.743936e-01 2.256499e+01  9.978483294805181458e+02  9.984344986541059370e+02  5.500653111747953517e+03  1.000313403641506557e+04
38 761 7.701805e-01 2.256503e+01  9.978483294805181458e+02  9.984341185041902236e+02  9.985100945082351700e+02  1.000289958856801422e+04
39 781 7.675334e-01 2.257260e+01  9.978483294805181458e+02  9.984179223147907578e+02  9.985228276633296218e+02  1.000286777118532336e+04
40 801 7.626472e-01 2.257733e+01  9.978483294805181458e+02  9.984247773602987763e+02  9.984868963450178398e+02  1.000287327528196329e+04
41 821 7.559009e-01 2.259409e+01  9.978483294805181458e+02  9.984272006257913290e+02  9.985112222091073590e+02  1.000300576937344522e+04
42 841 7.461420e-01 2.259651e+01  9.978483294805181458e+02  9.984220722976925799e+02  9.985030419467495904e+02  1.000288532502642920e+04
43 861 7.359657e-01 2.260338e+01  9.978483294805181458e+02  9.984487639785320425e+02  9.985082753776559912e+02  1.000293906521559438e+04
44 881 7.252506e-01 2.259358e+01  9.978483294805181458e+02  9.984283450676366556e+02  9.984781224965836373e+02  1.000284175957026855e+04
45 901 7.165596e-01 2.259611e+01  9.978483294805181458e+02  9.984244383240586558e+02  9.984682094557902019e+02  1.000309764980779255e+04
46 921 7.147664e-01 2.259541e+01  9.978483294805181458e+02  9.984321893514510293e+02  9.984721303795770382e+02  1.000289016857639763e+04
47 941 7.103830e-01 2.259731e+01  9.978483294805181458e+02  9.984243754245758282e+02  9.984664093990197671e+02  1.000300792213505883e+04
48 961 7.057915e-01 2.259562e+01  9.978483294805181458e+02  9.984291991681384388e+02  9.984860503905740643e+02  1.000286736792504780e+04
49 981 6.997444e-01 2.260031e+01  9.978483294805181458e+02  9.984273715837216514e+02  9.984865196848512596e+02  1.000292523083793822e+04
50 1001 6.955064e-01 2.259807e+01  9.978483294805181458e+02  9.984340125605203866e+02  9.984872175952993985e+02  1.000312247128758281e+04
51 1021 6.918759e-01 2.260624e+01  9.978483294805181458e+02  9.984276636790300472e+02  9.984646148336146325e+02  1.000294687792261720e+04
52 1041 6.877452e-01 2.260147e+01  9.978483294805181458e+02  9.984133710869402876e+02  9.984598746730960102e+02  1.000283652751795307e+04
53 1061 6.841628e-01 2.260017e+01  9.978483294805181458e+02  9.984185062274513029e+02  9.984633534174770375e+02  1.000289181300971359e+04
54 1081 6.805598e-01 2.259805e+01  9.978483294805181458e+02  9.984310771276830110e+02  9.984810709872036796e+02  1.000292521922932610e+04
55 1101 6.748322e-01 2.260745e+01  9.978483294805181458e+02  9.984325347287077648e+02  9.984734066734282578e+02  1.000286916365703291e+04
56 1121 6.689106e-01 2.260268e+01  9.978483294805181458e+02  9.984305187441352700e+02  9.984679430877855566e+02  1.000284121129172854e+04
57 1141 6.639196e-01 2.259813e+01  9.978483294805181458e+02  9.984339485444014599e+02  1.000279144812543564e+04  1.000500844981312366e+04
58 1161 6.623131e-01 2.259789e+01  9.978483294805181458e+02  9.984236465826189715e+02  9.984904014777181374e+02  1.000285838847991363e+04
59 1181 6.578546e-01 2.259469e+01  9.978483294805181458e+02  9.984367556476285017e+02  9.984773328299875175e+02  1.000279723631768138e+04
60 1201 6.511812e-01 2.259592e+01  9.978483294805181458e+02  9.984273625481358749e+02  9.984702669966291069e+02  1.000510917898682237e+04
61 1221 6.435289e-01 2.259117e+01  9.978483294805181458e+02  9.984339721825500646e+02  9.984976895519346272e+02  1.000523458633086193e+04
62 1241 6.341478e-01 2.259425e+01  9.978483294805181458e+02  9.984361468854617669e+02  9.984888335463190288e+02  1.000290022889211104e+04
63 1261 6.282696e-01 2.260399e+01  9.978483294805181458e+02  9.984326679908884898e+02  9.984687464927812925e+02  1.000302431828807130e+04
64 1281 6.241106e-01 2.259739e+01  9.978483294805181458e+02  9.984276822428887499e+02  9.984625700655748233e+02  1.000289273440062971e+04
65 1301 6.211706e-01 2.259020e+01  9.978483294805181458e+02  9.984391960180950036e+02  9.984597553768480793e+02  1.000281941355629897e+04
66 1321 6.160014e-01 2.258983e+01  9.978483294805181458e+02  9.984323088992637167e+02  9.984700121667392523e+02  1.000290019424091224e+04
67 1341 6.099679e-01 2.258465e+01  9.978483294805181458e+02  9.984221237460410521e+02  9.984638350444704429e+02  1.000289617341541089e+04
68 1361 6.046204e-01 2.257928e+01  9.978483294805181458e+02  9.984409973510543068e+02  9.984662516083415085e+02  1.000275583880829618e+04
69 1381 6.005682e-01 2.258132e+01  9.978483294805181458e+02  9.984263058524845746e+02  9.984680704631787194e+02  1.000290029921678615e+04
70 1401 5.968001e-01 2.258552e+01  9.978483294805181458e+02  9.984190355623642290e+02  9.984655408953806273e+02  1.000287242351725399e+04
71 1421 5.936877e-01 2.259008e+01  9.978483294805181458e+02  9.984177003928763270e+02  9.984627183993156905e+02  1.000281032798399428e+04
72 1441 5.925676e-01 2.259216e+01  9.978483294805181458e+02  9.984232264228634222e+02  9.984570435733103295e+02  1.000287275327358839e+04
73 1461 5.913237e-01 2.259391e+01  9.978483294805181458e+02  9.984157823584437210e+02  9.984632104097097454e+02  1.000283631979067650e+04
74 1481 5.895958e-01 2.259405e+01  9.978483294805181458e+02  9.984256014343777679e+02  9.984601048985459784e+02  1.000303999804218984e+04
75 1501 5.865851e-01 2.258975e+01  9.978483294805181458e+02  9.984146625605311556e+02  9.984500405688706905e+02  1.000293834596185479e+04
76 1521 5.824870e-01 2.259959e+01  9.978483294805181458e+02  9.984215137299892149e+02  9.984733827452579362e+02  1.000304441484602830e+04
77 1541 5.783524e-01 2.259300e+01  9.978483294805181458e+02  9.984278364118951004e+02  9.984611035590230586e+02  1.000323381255009008e+04
78 1561 5.742806e-01 2.259399e+01  9.978483294805181458e+02  9.984191619850934103e+02  5.500620688746909764e+03  1.000307321284800855e+04
79 1581 5.713319e-01 2.259243e+01  9.978483294805181458e+02  9.984207971037615152e+02  9.984582660727908205e+02  1.000310375816811393e+04
80 1601 5.679585e-01 2.259507e+01  9.978483294805181458e+02  9.984267166050624382e+02  9.984585220612868852e+02  9.984838049183807698e+02
81 1621 5.645672e-01 2.259402e+01  9.978483294805181458e+02  9.983972816855510928e+02  9.984470254232533080e+02  1.000299204149971411e+04
82 1641 5.629578e-01 2.259481e+01  9.978483294805181458e+02  9.984154180785313883e+02  9.984565871682900706e+02  1.000282417154646282e+04
83 1661 5.587266e-01 2.259692e+01  9.978483294805181458e+02  9.984193855798303048e+02  9.984392245470837679e+02  9.985928466828537466e+02
84 1681 5.536842e-01 2.259954e+01  9.978483294805181458e+02  9.984237858752725288e+02  9.984445861508593225e+02  1.000278344255265074e+04
85 1701 5.509763e-01 2.259963e+01  9.978483294805181458e+02  9.984071940134506349e+02  9.984497262247245999e+02  1.000302688554246197e+04
86 1721 5.471941e-01 2.259830e+01  9.978483294805181458e+02  9.984212677803018323e+02  1.000278401741292691e+04  1.000292291633386230e+04
87 1741 5.422047e-01 2.260162e+01  9.978483294805181458e+02  9.984125535744290119e+02  9.984478902289404232e+02  1.000281757875534640e+04
88 1761 5.377792e-01 2.260480e+01  9.978483294805181458e+02  9.984071876838863773e+02  9.984573509877908464e+02  1.000289807189159728e+04
89 1781 5.308734e-01 2.261259e+01  9.978483294805181458e+02  9.984137124848081157e+02  9.984587092068052243e+02  1.000285966207116508e+04
90 1801 5.240662e-01 2.261227e+01  9.978483294805181458e+02  9.984122387787018624e+02  9.984785640371452473e+02  1.000282175747434121e+04
91 1821 5.185200e-01 2.261026e+01  9.978483294805181458e+02  9.983993960036110593e+02  9.984528317114987885e+02  1.000300581726072232e+04
92 1841 5.137199e-01 2.261367e+01  9.978483294805181458e+02  9.984075217586316739e+02  9.984537459177847722e+02  1.000284873034954944e+04
93 1861 5.090964e-01 2.261530e+01  9.978483294805181458e+02  9.984017354421901018e+02  9.984379798602958545e+02  1.000294734054955370e+04
94 1881 5.052401e-01 2.261387e+01  9.978483294805181458e+02  9.984013229961935849e+02  9.984488058517440550e+02  1.000277544737664721e+04
95 1901 5.005901e-01 2.260826e+01  9.978483294805181458e+02  9.984060739906203708e+02  9.984485465707530238e+02  1.000311071557262767e+04
96 1921 4.952044e-01 2.261821e+01  9.978483294805181458e+02  9.984107334368929969e+02  9.984701361128018107e+02  1.000288844204307679e+04
97 1941 4.906794e-01 2.261828e+01  9.978483294805181458e+02  9.984089305949595428e+02  9.984375332811537191e+02  1.000286250257866595e+04
98 1961 4.873238e-01 2.261591e+01  9.978483294805181458e+02  9.984021547961924625e+02  9.984312897830004658e+02  9.984768131519356302e+02
99 1981 4.860404e-01 2.261553e+01  9.978483294805181458e+02  9.984169222904273511e+02  9.984381626970607613e+02  9.985027715033570530e+02
100 2001 4.858005e-01 2.261155e+01  9.978483294805181458e+02  9.984038024839594527e+02  9.984559842966914402e+02  1.000290250437766008e+04
101 2021 4.840211e-01 2.261646e+01  9.978483294805181458e+02  9.984128080061432229e+02  9.984595531174754797e+02  1.000276284591093281e+04
102 2041 4.808051e-01 2.261740e+01  9.978483294805181458e+02  9.984241537111777234e+02  9.984661892127655847e+02  1.000306125579815307e+04
103 2061 4.748300e-01 2.261809e+01  9.978483294805181458e+02  9.984114663775106919e+02  9.984493676853578563e+02  1.000284270678958092e+04
104 2081 4.694774e-01 2.262364e+01  9.978483294805181458e+02  9.984132026991502471e+02  9.984358428529809544e+02  1.000275106194031287e+04
105 2101 4.644038e-01 2.262002e+01  9.978483294805181458e+02  9.984079418573755902e+02  9.984472501328491489e+02  1.000282042053848818e+04
106 2121 4.592538e-01 2.261611e+01  9.978483294805181458e+02  9.984151227467804119e+02  9.984491249704402662e+02  1.000278068130627616e+04
107 2141 4.534206e-01 2.261685e+01  9.978483294805181458e+02  9.984021874894261828e+02  9.984402627157093093e+02  1.000275747107172901e+04
108 2161 4.493886e-01 2.261543e+01  9.978483294805181458e+02  9.983927533648997041e+02  9.984386373917903938e+02  1.000292482862329416e+04
109 2181 4.477973e-01 2.261722e+01  9.978483294805181458e+02  9.983936498627708716e+02  9.984396933437844837e+02  1.000289821165964167e+04
110 2201 4.460620e-01 2.260975e+01  9.978483294805181458e+02  9.983961742216703215e+02  9.984250093885719934e+02  1.000278654004028067e+04
111 2221 4.446901e-01 2.261181e+01  9.978483294805181458e+02  9.983963050171241775e+02  9.984248952856696633e+02  9.984678716904987823e+02
112 2241 4.438894e-01 2.261730e+01  9.978483294805181458e+02  9.983991948713751299e+02  9.984321972172597270e+02  1.000276549326378881e+04
113 2261 4.427279e-01 2.262741e+01  9.978483294805181458e+02  9.984051641722959403e+02  9.984471969143114620e+02  9.985217548323740857e+02
114 2281 4.396763e-01 2.261912e+01  9.978483294805181458e+02  9.984043828845721009e+02  9.984282916228689828e+02  1.000286900206980135e+04
115 2301 4.375307e-01 2.262291e+01  9.978483294805181458e+02  9.984085158737834718e+02  9.984353826752719669e+02  1.000278406531174187e+04
116 2321 4.374588e-01 2.262562e+01  9.978483294805181458e+02  9.983990960705195903e+02  9.984178159968757882e+02  1.000289741650591532e+04
117 2341 4.348746e-01 2.262493e+01  9.978483294805181458e+02  9.984043458632465899e+02  9.984260141963250135e+02  1.000287446367013945e+04
118 2361 4.330712e-01 2.262506e+01  9.978483294805181458e+02  9.983880711621568480e+02  9.984203637939526743e+02  1.000506745804745333e+04
119 2381 4.311889e-01 2.262530e+01  9.978483294805181458e+02  9.983997877345257166e+02  9.984264636230807355e+02  1.000284383555769273e+04
120 2401 4.296442e-01 2.263088e+01  9.978483294805181458e+02  9.983845664963637319e+02  9.984170331273978718e+02  1.000275894334531222e+04
121 2421 4.277926e-01 2.264342e+01  9.978483294805181458e+02  9.983935260708919941e+02  9.984263611651903148e+02  1.000275866547593796e+04
122 2441 4.243507e-01 2.265454e+01  9.978483294805181458e+02  9.983842371846078549e+02  9.984376605983882200e+02  1.000286228186785593e+04
123 2461 4.210295e-01 2.265621e+01  9.978483294805181458e+02  9.984006994811775257e+02  9.984434913960184304e+02  1.000279143732162629e+04
124 2481 4.151912e-01 2.265797e+01  9.978483294805181458e+02  9.984008537042994931e+02  9.984538668063411251e+02  1.000284221857521334e+04
125 2501 4.094052e-01 2.266226e+01  9.978483294805181458e+02  9.983981448974020623e+02  9.984278024765578721e+02  1.000280271552579143e+04
126 2521 4.052955e-01 2.267615e+01  9.978483294805181458e+02  9.984052145016869417e+02  9.984160014601059174e+02  1.000275345642434149e+04
127 2541 4.025500e-01 2.268785e+01  9.978483294805181458e+02  9.984011700674848271e+02  9.984159561088919190e+02  9.984879880619819232e+02
128 2561 3.976766e-01 2.270722e+01  9.978483294805181458e+02  9.983977208705496196e+02  9.984281266625253011e+02  1.000276958745026423e+04
129 2581 3.933463e-01 2.272108e+01  9.978483294805181458e+02  9.983974722857291226e+02  9.984201936048974630e+02  1.000278519132458496e+04
130 2601 3.905822e-01 2.273628e+01  9.978483294805181458e+02  9.983953176593730632e+02  9.984211163974853207e+02  1.000278311711287097e+04
131 2621 3.879810e-01 2.274404e+01  9.978483294805181458e+02  9.984007539747094597e+02  9.984403826923901306e+02  1.000289485977731965e+04
132 2641 3.852540e-01 2.274977e+01  9.978483294805181458e+02  9.983991996785807714e+02  9.984436415577210937e+02  1.000503201330571937e+04
133 2661 3.825034e-01 2.276783e+01  9.978483294805181458e+02  9.983881047419615697e+02  9.984259445081647755e+02  1.000289666199233034e+04
134 2681 3.799205e-01 2.275585e+01  9.978483294805181458e+02  9.983951611254059344e+02  9.984351041909819742e+02  1.000305882413910331e+04
135 2701 3.782909e-01 2.276343e+01  9.978483294805181458e+02  9.984091646409083296e+02  9.984405721208928526e+02  1.000275280108848347e+04
136 2721 3.762989e-01 2.276261e+01  9.978483294805181458e+02  9.984074849819381825e+02  9.984407686481704332e+02  1.000282151792620971e+04
137 2741 3.752828e-01 2.277087e+01  9.978483294805181458e+02  9.984095437547734946e+02  9.984275497183166408e+02  1.000285800561591896e+04
138 2761 3.740168e-01 2.277225e+01  9.978483294805181458e+02  9.984124725082331224e+02  9.984311288353834470e+02  1.000277753259887868e+04
139 2781 3.725931e-01 2.277350e+01  9.978483294805181458e+02  9.983906085040084690e+02  9.984247617063751932e+02  1.000276608362661864e+04
140 2801 3.700426e-01 2.277633e+01  9.978483294805181458e+02  9.983968991383724187e+02  9.984337030212593618e+02  1.000288632416988003e+04
141 2821 3.658705e-01 2.278425e+01  9.978483294805181458e+02  9.984051549222258473e+02  9.984299188394091971e+02  9.985015349986830415e+02
142 2841 3.618877e-01 2.277759e+01  9.978483294805181458e+02  9.984046297635522933e+02  9.984447012402515611e+02  1.000276880087253630e+04
143 2861 3.583622e-01 2.277078e+01  9.978483294805181458e+02  9.983948266621972607e+02  9.984385740433806404e+02  1.000275574640481136e+04
144 2881 3.562878e-01 2.277195e+01  9.978483294805181458e+02  9.984049432280162364e+02  9.984356936495317996e+02  1.000275683068805847e+04
145 2901 3.544661e-01 2.278430e+01  9.978483294805181458e+02  9.984045365631250206e+02  9.984298823100428990e+02  1.000278099423795902e+04
146 2921 3.518173e-01 2.278438e+01  9.978483294805181458e+02  9.983979788919197063e+02  9.984293930460889896e+02  9.985077844869018691e+02
147 2941 3.493083e-01 2.277354e+01  9.978483294805181458e+02  9.983979149004215969e+02  9.984319296982585001e+02  1.000499093659851314e+04
148 2961 3.475422e-01 2.277823e+01  9.978483294805181458e+02  9.983998670102326969e+02  9.984265130307447862e+02  9.984725263765624277e+02
149 2981 3.459572e-01 2.278338e+01  9.978483294805181458e+02  9.983840203100546660e+02  9.984293943534515847e+02  9.984999363835858048e+02
150 3001 3.458715e-01 2.278591e+01  9.978483294805181458e+02  9.983895268182553764e+02  9.984284390612385778e+02  9.985018281516119032e+02
151 3021 3.456262e-01 2.280355e+01  9.978483294805181458e+02  9.983963060429332472e+02  9.984398973009094789e+02  1.000284524333164882e+04
152 3041 3.457858e-01 2.281366e+01  9.978483294805181458e+02  9.984046716992369284e+02  9.984294160930605813e+02  9.984887838653713743e+02
153 3061 3.443620e-01 2.281168e+01  9.978483294805181458e+02  9.984023221368513532e+02  9.984211328848875837e+02  9.984981087800823616e+02
154 3081 3.436439e-01 2.280596e+01  9.978483294805181458e+02  9.983901816207900310e+02  9.984187792273846753e+02  1.000275006510444473e+04
155 3101 3.430680e-01 2.280753e+01  9.978483294805181458e+02  9.983968511673741659e+02  9.984300114046499175e+02  9.984995184298539925e+02
156 3121 3.429862e-01 2.280387e+01  9.978483294805181458e+02  9.983773924512272515e+02  9.984131704981239182e+02  9.984567448226183615e+02
157 3141 3.412033e-01 2.281336e+01  9.978483294805181458e+02  9.983889866549568524e+02  9.984151190567071126e+02  9.984667765869144205e+02
158 3161 3.381673e-01 2.282302e+01  9.978483294805181458e+02  9.983781871243380692e+02  9.984108722745449995e+02  1.000275611723208567e+04
159 3181 3.364564e-01 2.283446e+01  9.978483294805181458e+02  9.983962558638994551e+02  9.984235550792602680e+02  1.000281444761150306e+04
160 3201 3.346815e-01 2.283969e+01  9.978483294805181458e+02  9.983963540745897944e+02  9.984195587021786196e+02  1.000288261324457198e+04
161 3221 3.334489e-01 2.284309e+01  9.978483294805181458e+02  9.983914451552692526e+02  9.984229765009679340e+02  1.000283694229819412e+04
162 3241 3.323772e-01 2.284736e+01  9.978483294805181458e+02  9.983888680306720289e+02  9.984229123913178228e+02  1.000285117141937735e+04
163 3261 3.322215e-01 2.286214e+01  9.978483294805181458e+02  9.983849850613052013e+02  9.984069927001428368e+02  1.000284117716055334e+04
164 3281 3.333452e-01 2.286773e+01  9.978483294805181458e+02  9.983715981586146881e+02  9.984260655196776497e+02  1.000285765889009235e+04
165 3301 3.342051e-01 2.286943e+01  9.978483294805181458e+02  9.983804127323818420e+02  9.984262179732959339e+02  1.000281684763070916e+04
166 3321 3.358866e-01 2.288298e+01  9.978483294805181458e+02  9.983758716476220343e+02  9.984125328477991843e+02  1.000288179735585072e+04
167 3341 3.366775e-01 2.288702e+01  9.978483294805181458e+02  9.983828428241403117e+02  9.984303134749438868e+02  1.000490879573947859e+04
168 3361 3.372836e-01 2.288519e+01  9.978483294805181458e+02  9.983845988214279714e+02  9.984050180150275082e+02  1.000284795186353585e+04
169 3381 3.381729e-01 2.288065e+01  9.978483294805181458e+02  9.983855784253386219e+02  9.984173420835752495e+02  1.000277459314303633e+04
170 3401 3.377408e-01 2.288496e+01  9.978483294805181458e+02  9.983913066152947522e+02  9.984090145733471218e+02  1.000276458417071080e+04
171 3421 3.372813e-01 2.289718e+01  9.978483294805181458e+02  9.983927096499544405e+02  9.984202962482056591e+02  1.000279151765389724e+04
172 3441 3.358292e-01 2.288835e+01  9.978483294805181458e+02  9.983927537246501061e+02  9.984270557234036687e+02  9.984872399118814883e+02
173 3461 3.352814e-01 2.289790e+01  9.978483294805181458e+02  9.983963363446738413e+02  9.984176145613899962e+02  1.000278320803176757e+04
174 3481 3.344768e-01 2.290199e+01  9.978483294805181458e+02  9.983947684187302229e+02  9.984089396663118805e+02  9.984713420921306124e+02
175 3501 3.343411e-01 2.289643e+01  9.978483294805181458e+02  9.983936893434486137e+02  9.984183149229006631e+02  1.000284498400206030e+04
176 3521 3.327509e-01 2.289183e+01  9.978483294805181458e+02  9.983948482561438595e+02  9.984208189178907560e+02  1.000285012611715501e+04
177 3541 3.319808e-01 2.287918e+01  9.978483294805181458e+02  9.983925526768491636e+02  9.984139147414081208e+02  1.000278816129466759e+04
178 3561 3.313990e-01 2.287228e+01  9.978483294805181458e+02  9.983784842054805040e+02  9.984123754755049731e+02  1.000276173653063415e+04
179 3581 3.308886e-01 2.287071e+01  9.978483294805181458e+02  9.983812793959360761e+02  9.984095577243542721e+02  1.000275711315475746e+04
180 3601 3.303232e-01 2.287224e+01  9.978483294805181458e+02  9.983816631018172529e+02  9.984107166846295058e+02  1.000278330035132603e+04
181 3621 3.300798e-01 2.287887e+01  9.978483294805181458e+02  9.983869570379386005e+02  9.984131842362364750e+02  9.984686344116372538e+02
182 3641 3.314173e-01 2.287888e+01  9.978483294805181458e+02  9.983718650576312257e+02  9.984141341221710491e+02  9.984777259935829079e+02
183 3661 3.340811e-01 2.288857e+01  9.978483294805181458e+02  9.983825787596704231e+02  9.984165465515031883e+02  9.984802305650465541e+02
184 3681 3.354296e-01 2.289307e+01  9.978483294805181458e+02  9.983675529757293816e+02  9.984070178469432904e+02  1.000276205538500835e+04
185 3701 3.380567e-01 2.289388e+01  9.978483294805181458e+02  9.983752543232702692e+02  9.984308952270444024e+02  1.000277335286849848e+04
186 3721 3.402167e-01 2.289152e+01  9.978483294805181458e+02  9.983806092485386898e+02  9.984031529630075283e+02  1.000275943857847778e+04
187 3741 3.423967e-01 2.288502e+01  9.978483294805181458e+02  9.983905730460145378e+02  9.984257223672286727e+02  1.000277466623071450e+04
188 3761 3.432959e-01 2.287721e+01  9.978483294805181458e+02  9.983668959816390043e+02  9.984059967183961817e+02  9.985021402633875596e+02
189 3781 3.438631e-01 2.288554e+01  9.978483294805181458e+02  9.983844670202624911e+02  9.984060341772403717e+02  1.000277308216704660e+04
190 3801 3.441306e-01 2.289040e+01  9.978483294805181458e+02  9.983835804276938006e+02  9.984018108446663291e+02  1.000283881027444841e+04
191 3821 3.432129e-01 2.288994e+01  9.978483294805181458e+02  9.983922404390102656e+02  9.984317048410762254e+02  1.000288215397876593e+04
192 3841 3.424279e-01 2.289123e+01  9.978483294805181458e+02  9.983869132223832139e+02  9.984167907211258353e+02  1.000284581400588286e+04
193 3861 3.411234e-01 2.289311e+01  9.978483294805181458e+02  9.983872772559305986e+02  9.984287383885739473e+02  1.000279934906518974e+04
194 3881 3.413878e-01 2.289727e+01  9.978483294805181458e+02  9.983788180172257398e+02  9.984324000733141702e+02  1.000282788428263666e+04
195 3901 3.405044e-01 2.290318e+01  9.978483294805181458e+02  9.983846628026077497e+02  9.984088799240396384e+02  9.984991517092047388e+02
196 3921 3.406285e-01 2.289825e+01  9.978483294805181458e+02  9.983823946693634070e+02  9.984411540262703966e+02  1.000283971985675635e+04
197 3941 3.385356e-01 2.290063e+01  9.978483294805181458e+02  9.983782040952454508e+02  9.984134053690662540e+02  1.000282947690609581e+04
198 3961 3.351235e-01 2.290012e+01  9.978483294805181458e+02  9.983719306377400926e+02  9.984160065038822722e+02  1.000277826861212998e+04
199 3981 3.330604e-01 2.290029e+01  9.978483294805181458e+02  9.983914786724351416e+02  9.984060070938678564e+02  9.984871780579317146e+02
200 4001 3.316157e-01 2.289905e+01  9.978483294805181458e+02  9.983828663648131396e+02  9.984114721301734789e+02  1.000284598393271699e+04
201 4021 3.296930e-01 2.291243e+01  9.978483294805181458e+02  9.983642381570577982e+02  9.984137476094817885e+02  9.984847236099424208e+02
202 4041 3.276912e-01 2.291392e+01  9.978483294805181458e+02  9.983847665676337328e+02  9.984204312558605352e+02  1.000275021662741892e+04
203 4061 3.261426e-01 2.291031e+01  9.978483294805181458e+02  9.983754390140551322e+02  9.984190413819114838e+02  9.985073377515142283e+02
204 4081 3.257501e-01 2.291192e+01  9.978483294805181458e+02  9.983939271577944510e+02  9.984385432143592425e+02  1.000291820032470605e+04
205 4101 3.235349e-01 2.291396e+01  9.978483294805181458e+02  9.983820402764578148e+02  9.984120025540097458e+02  1.000287346231028823e+04
206 4121 3.207996e-01 2.290394e+01  9.978483294805181458e+02  9.983794906176030963e+02  9.984115734972667724e+02  1.000277880257286961e+04
207 4141 3.181731e-01 2.291241e+01  9.978483294805181458e+02  9.983743597751263223e+02  9.984070345072327655e+02  1.000279419566153047e+04
208 4161 3.148887e-01 2.291285e+01  9.978483294805181458e+02  9.983731218239540794e+02  9.984168808666278210e+02  9.984692623984730062e+02
209 4181 3.118937e-01 2.291077e+01  9.978483294805181458e+02  9.983819137115200419e+02  9.984140151664564655e+02  9.984891009092593777e+02
210 4201 3.098953e-01 2.290427e+01  9.978483294805181458e+02  9.983804139001045996e+02  9.984125457412462765e+02  1.000276372961452216e+04
211 4221 3.078312e-01 2.290464e+01  9.978483294805181458e+02  9.983706872194809421e+02  9.984087270308428970e+02  1.000497275238803377e+04
212 4241 3.068849e-01 2.288407e+01  9.978483294805181458e+02  9.983814411814305458e+02  9.984125626187301350e+02  1.000277008418207515e+04
213 4261 3.058981e-01 2.289186e+01  9.978483294805181458e+02  9.983833058315329936e+02  9.984107891186092729e+02  9.984747715521854161e+02
214 4281 3.057180e-01 2.288990e+01  9.978483294805181458e+02  9.983646809981867136e+02  9.984085921903601957e+02  1.000282498814816790e+04
215 4301 3.046453e-01 2.288302e+01  9.978483294805181458e+02  9.983731417547591036e+02  9.984062862706584838e+02  1.000276895105527365e+04
216 4321 3.028710e-01 2.289590e+01  9.978483294805181458e+02  9.983883010350284621e+02  9.984131863440397865e+02  9.984954353826182114e+02
217 4341 3.020264e-01 2.289579e+01  9.978483294805181458e+02  9.983745411920798460e+02  9.984041177192852956e+02  1.000277172538549894e+04
218 4361 3.007021e-01 2.289150e+01  9.978483294805181458e+02  9.983815603259141653e+02  9.984180178969137387e+02  1.000282020712986559e+04
219 4381 2.993258e-01 2.288876e+01  9.978483294805181458e+02  9.983778110058174207e+02  9.984216383251309708e+02  1.000495853793559945e+04
220 4401 2.984861e-01 2.289614e+01  9.978483294805181458e+02  9.983707781900596956e+02  9.984089605908100111e+02  1.000452553975820047e+04
221 4421 2.969928e-01 2.289733e+01  9.978483294805181458e+02  9.983798416875984003e+02  9.984027888412755374e+02  9.984944019348050688e+02
222 4441 2.950308e-01 2.290103e+01  9.978483294805181458e+02  9.983764244477808916e+02  9.984047836010872743e+02  1.000276168226976188e+04
223 4461 2.938121e-01 2.290213e+01  9.978483294805181458e+02  9.983770441214203402e+02  9.984087211314931665e+02  9.984952835002078473e+02
224 4481 2.924430e-01 2.290531e+01  9.978483294805181458e+02  9.983770225202179063e+02  9.984070652826027299e+02  1.000275515670278764e+04
225 4501 2.920655e-01 2.290641e+01  9.978483294805181458e+02  9.983754419911688274e+02  9.984065491416986333e+02  1.000276645912781169e+04
226 4521 2.918084e-01 2.292019e+01  9.978483294805181458e+02  9.983703549612522465e+02  9.984073426611070090e+02  9.984498407305065939e+02
227 4541 2.907068e-01 2.292352e+01  9.978483294805181458e+02  9.983750206398127602e+02  9.984182073240828004e+02  1.000280985677152057e+04
228 4561 2.895384e-01 2.293481e+01  9.978483294805181458e+02  9.983806875025737781e+02  9.984298615441948641e+02  1.000282287696976346e+04
229 4581 2.887806e-01 2.293802e+01  9.978483294805181458e+02  9.983651778188137769e+02  9.984069353890299681e+02  9.984451191364576061e+02
230 4601 2.859265e-01 2.293229e+01  9.978483294805181458e+02  9.983702370972985136e+02  9.983956622714131299e+02  1.000281513578793965e+04
231 4621 2.831087e-01 2.293764e+01  9.978483294805181458e+02  9.983702846312756947e+02  9.984046585072067046e+02  1.000275142386820153e+04
232 4641 2.823625e-01 2.294199e+01  9.978483294805181458e+02  9.983698728224478600e+02  9.983957241905388855e+02  9.984899312657604469e+02
233 4661 2.807243e-01 2.294775e+01  9.978483294805181458e+02  9.983636154399091538e+02  9.984077501453759851e+02  1.000280531534736292e+04
234 4681 2.791849e-01 2.295219e+01  9.978483294805181458e+02  9.983555203890167604e+02  9.983944595261182258e+02  1.000276150614276776e+04
235 4701 2.774425e-01 2.295557e+01  9.978483294805181458e+02  9.983693752646988742e+02  9.984079549100167696e+02  1.000279122834571899e+04
236 4721 2.761449e-01 2.295613e+01  9.978483294805181458e+02  9.983573038093212517e+02  9.984058034077643242e+02  9.984628292572095916e+02
237 4741 2.741949e-01 2.295813e+01  9.978483294805181458e+02  9.983721814343901997e+02  9.984344401469080594e+02  9.984974385375146539e+02
238 4761 2.735525e-01 2.296248e+01  9.978483294805181458e+02  9.983676963945149510e+02  9.983854851144781151e+02  1.000275242577665631e+04
239 4781 2.729424e-01 2.295642e+01  9.978483294805181458e+02  9.983613287019226163e+02  9.984087139758519243e+02  9.984968950078783791e+02
240 4801 2.708692e-01 2.295390e+01  9.978483294805181458e+02  9.983589126071635746e+02  9.983931472824543789e+02  1.000277830577556415e+04
241 4821 2.697205e-01 2.294457e+01  9.978483294805181458e+02  9.983596807420638015e+02  9.983988634247914433e+02  1.000278561337097744e+04
242 4841 2.687416e-01 2.293806e+01  9.978483294805181458e+02  9.983500130469644773e+02  9.983925695870508434e+02  1.000278918595774485e+04
243 4861 2.681796e-01 2.294139e+01  9.978483294805181458e+02  9.983563714143264178e+02  9.983837848681018841e+02  1.000493446056310131e+04
244 4881 2.685171e-01 2.295601e+01  9.978483294805181458e+02  9.983624923305892480e+02  9.983964252888403053e+02  9.984762432489312687e+02
245 4901 2.689223e-01 2.295537e+01  9.978483294805181458e+02  9.983553653294781043e+02  9.983881235334378061e+02  9.984627841687967020e+02
246 4921 2.696887e-01 2.296271e+01  9.978483294805181458e+02  9.983588790863291251e+02  9.984185773915294249e+02  9.985005487260294785e+02
247 4941 2.700724e-01 2.296610e+01  9.978483294805181458e+02  9.983673887144940409e+02  9.984076437912527808e+02  9.984816882979249613e+02
248 4961 2.700535e-01 2.296258e+01  9.978483294805181458e+02  9.983629807618297036e+02  9.983962733661676339e+02  9.984765436372815657e+02
249 4981 2.679663e-01 2.296245e+01  9.978483294805181458e+02  9.983697469956938448e+02  9.983955192855289624e+02  9.984715313831832191e+02
250 5001 2.652801e-01 2.296830e+01  9.978483294805181458e+02  9.983683121063018007e+02  9.983893571801345388e+02  1.000498600421304036e+04
251 5021 2.617602e-01 2.296976e+01  9.978483294805181458e+02  9.983672939423310027e+02  9.983871562184733648e+02  9.984743175693281501e+02
252 5041 2.596077e-01 2.297113e+01  9.978483294805181458e+02  9.983687513952850168e+02  9.984027593383958674e+02  9.984901437229239036e+02
253 5061 2.588220e-01 2.297227e+01  9.978483294805181458e+02  9.983525328365208225e+02  9.983879723520915377e+02  9.984767895720978004e+02
254 5081 2.579595e-01 2.298627e+01  9.978483294805181458e+02  9.983615437122523417e+02  9.984058683319537977e+02  9.984727780437342517e+02
255 5101 2.575917e-01 2.299124e+01  9.978483294805181458e+02  9.983677358926058787e+02  9.984012440423591670e+02  9.984717519761591120e+02
256 5121 2.571232e-01 2.298968e+01  9.978483294805181458e+02  9.983574034325172306e+02  9.983866522169114432e+02  1.000275952886633604e+04
257 5141 2.561703e-01 2.298612e+01  9.978483294805181458e+02  9.983549474701743520e+02  9.983924561023461592e+02  9.985185476485019080e+02
258 5161 2.553222e-01 2.299976e+01  9.978483294805181458e+02  9.983628703529934683e+02  9.983843807177086092e+02  9.984860331742556809e+02
259 5181 2.538704e-01 2.300565e+01  9.978483294805181458e+02  9.983682680284680373e+02  9.983937006770468088e+02  1.000275850850620373e+04
260 5201 2.511712e-01 2.301316e+01  9.978483294805181458e+02  9.983559797795353461e+02  9.983862402686797850e+02  9.984698384355209555e+02
261 5221 2.492080e-01 2.301752e+01  9.978483294805181458e+02  9.983636999873558580e+02  9.983890667778110810e+02  1.000301903403555116e+04
262 5241 2.472899e-01 2.301834e+01  9.978483294805181458e+02  9.983657930721387856e+02  9.983840125650364143e+02  9.984562817070080882e+02
263 5261 2.453139e-01 2.301103e+01  9.978483294805181458e+02  9.983650366124068114e+02  9.984031410977038377e+02  1.000500378544186788e+04
264 5281 2.443839e-01 2.301332e+01  9.978483294805181458e+02  9.983561152493738291e+02  9.983892462622925450e+02  9.984299912067924652e+02
265 5301 2.434730e-01 2.302139e+01  9.978483294805181458e+02  9.983678201855801717e+02  9.984103114781648856e+02  9.984692150289502024e+02
266 5321 2.424794e-01 2.303106e+01  9.978483294805181458e+02  9.983676676170946394e+02  9.983985050130193031e+02  9.984365825454923424e+02
267 5341 2.424214e-01 2.303488e+01  9.978483294805181458e+02  9.983645952863499815e+02  9.983898216130071432e+02  1.000276333285588044e+04
268 5361 2.425051e-01 2.303835e+01  9.978483294805181458e+02  9.983574746586447191e+02  9.983867359581352048e+02  9.984157529583054611e+02
269 5381 2.423230e-01 2.303595e+01  9.978483294805181458e+02  9.983745289368927160e+02  9.984013506190912040e+02  9.984710425115258658e+02
270 5401 2.420025e-01 2.303668e+01  9.978483294805181458e+02  9.983663698874528336e+02  9.983931659821333824e+02  1.000281823155281563e+04
271 5421 2.401237e-01 2.305146e+01  9.978483294805181458e+02  9.983636187706392775e+02  9.983859999962210168e+02  1.000275945852787117e+04
272 5441 2.376843e-01 2.305217e+01  9.978483294805181458e+02  9.983674975211695255e+02  9.984025306327043836e+02  9.984681754865404173e+02
273 5461 2.354011e-01 2.305698e+01  9.978483294805181458e+02  9.983672429869458256e+02  9.983934590252354155e+02  9.984746563449626819e+02
274 5481 2.342749e-01 2.305669e+01  9.978483294805181458e+02  9.983697656224794628e+02  9.984346695705917227e+02  9.984886658320330071e+02
275 5501 2.328880e-01 2.306921e+01  9.978483294805181458e+02  9.983689959422733864e+02  9.984002182299338983e+02  9.984754187643765135e+02
276 5521 2.319032e-01 2.308114e+01  9.978483294805181458e+02  9.983585751097376715e+02  9.983841333186273914e+02  1.000285705942913592e+04
277 5541 2.310541e-01 2.308427e+01  9.978483294805181458e+02  9.983634405943620322e+02  9.983883611481035132e+02  9.984736493489916711e+02
278 5561 2.313250e-01 2.308237e+01  9.978483294805181458e+02  9.983616660086056527e+02  9.983826794577794317e+02  9.984728326259039477e+02
279 5581 2.309453e-01 2.308287e+01  9.978483294805181458e+02  9.983607034696464098e+02  9.983851629303463824e+02  9.984708383460186951e+02
280 5601 2.316126e-01 2.309580e+01  9.978483294805181458e+02  9.983652240240351148e+02  9.983872822659861868e+02  9.984683953599967481e+02
281 5621 2.336001e-01 2.311026e+01  9.978483294805181458e+02  9.983652574540930118e+02  9.983994838678054293e+02  9.984717233770716120e+02
282 5641 2.364583e-01 2.310439e+01  9.978483294805181458e+02  9.983724244870121538e+02  9.984122439050931916e+02  9.984821159290170272e+02
283 5661 2.385908e-01 2.311913e+01  9.978483294805181458e+02  9.983681082022080773e+02  9.984112238472638410e+02  9.984779526585025451e+02
284 5681 2.403093e-01 2.311431e+01  9.978483294805181458e+02  9.983608911045556624e+02  9.984007300411556116e+02  9.984833756255102344e+02
285 5701 2.400907e-01 2.311688e+01  9.978483294805181458e+02  9.983572213865138565e+02  9.983905600545601828e+02  9.984734373049192300e+02
286 5721 2.404763e-01 2.313002e+01  9.978483294805181458e+02  9.983514297973015346e+02  9.983810382669198589e+02  9.984738371509118906e+02
287 5741 2.406642e-01 2.313318e+01  9.978483294805181458e+02  9.983632470967914969e+02  9.983930789635219298e+02  9.984698343495479094e+02
288 5761 2.401143e-01 2.313742e+01  9.978483294805181458e+02  9.983564114230164250e+02  9.983888575491409938e+02  9.984918474668207864e+02
289 5781 2.403412e-01 2.314310e+01  9.978483294805181458e+02  9.983521219205222224e+02  9.984210435416737255e+02  9.985022606491093029e+02
290 5801 2.398397e-01 2.314465e+01  9.978483294805181458e+02  9.983557623555088867e+02  9.983907793542605305e+02  1.000494036465416866e+04
291 5821 2.389374e-01 2.314683e+01  9.978483294805181458e+02  9.983554589450492358e+02  9.984105585939835237e+02  9.984666613033879230e+02
292 5841 2.388332e-01 2.315259e+01  9.978483294805181458e+02  9.983611585165650695e+02  9.984021036473016011e+02  9.984710532613164560e+02
293 5861 2.383073e-01 2.314688e+01  9.978483294805181458e+02  9.983576918531041429e+02  9.983892153536016849e+02  9.984596777180870504e+02
294 5881 2.375297e-01 2.314457e+01  9.978483294805181458e+02  9.983574416600931727e+02  9.983827626858717394e+02  9.984675603494475808e+02
295 5901 2.371854e-01 2.315536e+01  9.978483294805181458e+02  9.983570280660536582e+02  9.983887846308614371e+02  9.984829458257930810e+02
296 5921 2.374965e-01 2.316668e+01  9.978483294805181458e+02  9.983589709830901029e+02  9.984179793620694454e+02  9.984829136295406897e+02
297 5941 2.372935e-01 2.316261e+01  9.978483294805181458e+02  9.983658642475468241e+02  9.984042320397861658e+02  9.984959735883508074e+02
298 5961 2.368216e-01 2.316649e+01  9.978483294805181458e+02  9.983639910453711082e+02  9.983872474948290119e+02  9.984215897962658346e+02
299 5981 2.358245e-01 2.316737e+01  9.978483294805181458e+02  9.983602453843374178e+02  9.983883894823557057e+02  9.984855469091406803e+02
300 6001 2.352096e-01 2.317477e+01  9.978483294805181458e+02  9.983565850609159043e+02  9.983980243891976443e+02  9.984788137404690360e+02
301 6021 2.341682e-01 2.317380e+01  9.978483294805181458e+02  9.983532245390568960e+02  9.984125098021659142e+02  1.000280006802217576e+04
302 6041 2.341476e-01 2.317419e+01  9.978483294805181458e+02  9.983590892423907235e+02  9.983956572012377819e+02  9.984751760296207976e+02
303 6061 2.341214e-01 2.317472e+01  9.978483294805181458e+02  9.983647909248562655e+02  9.984549203576464151e+02  1.000275311732346927e+04
304 6081 2.347783e-01 2.317684e+01  9.978483294805181458e+02  9.983592659238861415e+02  9.983956272383381929e+02  9.984978085840497215e+02
305 6101 2.362951e-01 2.316935e+01  9.978483294805181458e+02  9.983598493440416632e+02  9.984219514160438393e+02  1.000275856833249600e+04
306 6121 2.380010e-01 2.316651e+01  9.978483294805181458e+02  9.983676506027462665e+02  9.983855887730451286e+02  1.000279776645880884e+04
307 6141 2.401780e-01 2.317274e+01  9.978483294805181458e+02  9.983578607336413597e+02  9.983987846642880868e+02  1.000278360992542548e+04
308 6161 2.424860e-01 2.317656e+01  9.978483294805181458e+02  9.983658236689534533e+02  9.984045522090875693e+02  9.984862275742742668e+02
309 6181 2.429649e-01 2.317962e+01  9.978483294805181458e+02  9.983618176067177501e+02  9.983856969496129068e+02  9.984580464029387485e+02
310 6201 2.435720e-01 2.317887e+01  9.978483294805181458e+02  9.983530400698225549e+02  9.983999957822047691e+02  1.000277923111303789e+04
311 6221 2.431870e-01 2.318227e+01  9.978483294805181458e+02  9.983648024793445757e+02  9.984099394851557463e+02  1.000280831666741142e+04
312 6241 2.423033e-01 2.319286e+01  9.978483294805181458e+02  9.983572438158166733e+02  9.984009062523757621e+02  1.000278305778832328e+04
313 6261 2.406145e-01 2.319642e+01  9.978483294805181458e+02  9.983573447000992473e+02  9.983849203035076698e+02  9.984538315978885521e+02
314 6281 2.403663e-01 2.321461e+01  9.978483294805181458e+02  9.983565764389494461e+02  9.984192574106493794e+02  9.984807835015745923e+02
315 6301 2.407728e-01 2.321988e+01  9.978483294805181458e+02  9.983612314901390619e+02  9.983888770176185972e+02  9.984761617308577115e+02
316 6321 2.411678e-01 2.322227e+01  9.978483294805181458e+02  9.983623060239609686e+02  9.983887820845375245e+02  1.000276751279392192e+04
317 6341 2.413545e-01 2.325011e+01  9.978483294805181458e+02  9.983535759373637575e+02  9.983872213337447192e+02  1.000279474000937807e+04
318 6361 2.426807e-01 2.325232e+01  9.978483294805181458e+02  9.983495828333128657e+02  9.984046526297718174e+02  1.000288652266680947e+04
319 6381 2.425766e-01 2.324676e+01  9.978483294805181458e+02  9.983569056259714216e+02  9.984472441956987723e+02  1.000283724238334253e+04
320 6401 2.424342e-01 2.324892e+01  9.978483294805181458e+02  9.983542769504332455e+02  9.984167628013300373e+02  1.000276296299297610e+04
321 6421 2.419929e-01 2.324191e+01  9.978483294805181458e+02  9.983508489758725091e+02  9.983915976526604936e+02  1.000278341038025428e+04
322 6441 2.416187e-01 2.326021e+01  9.978483294805181458e+02  9.983546018124002330e+02  9.983942215547904198e+02  9.984992749128173273e+02
323 6461 2.411144e-01 2.327220e+01  9.978483294805181458e+02  9.983532097915068562e+02  9.983979815747943576e+02  9.984987246815318258e+02
324 6481 2.395199e-01 2.327972e+01  9.978483294805181458e+02  9.983514395994737924e+02  9.984062114109176491e+02  1.000275316831418240e+04
325 6501 2.388468e-01 2.329002e+01  9.978483294805181458e+02  9.983616751985025530e+02  9.983980643682612026e+02  9.984692256391232377e+02
326 6521 2.382517e-01 2.328878e+01  9.978483294805181458e+02  9.983619930290183220e+02  9.983963882603454749e+02  1.000278149780036074e+04
327 6541 2.378262e-01 2.330310e+01  9.978483294805181458e+02  9.983634598063754311e+02  9.984097182368792573e+02  1.000277953429069566e+04
328 6561 2.377207e-01 2.331708e+01  9.978483294805181458e+02  9.983680125937656840e+02  9.983997293376751259e+02  1.000276094425575320e+04
329 6581 2.358688e-01 2.331744e+01  9.978483294805181458e+02  9.983642880110728584e+02  9.983866668597718217e+02  1.000279339626992623e+04
330 6601 2.361238e-01 2.331585e+01  9.978483294805181458e+02  9.983573796788829213e+02  9.983930966363044490e+02  9.984713102179088082e+02
331 6621 2.365094e-01 2.331176e+01  9.978483294805181458e+02  9.983634655261870421e+02  9.984108591474937384e+02  1.000277686023754541e+04
332 6641 2.380891e-01 2.331883e+01  9.978483294805181458e+02  9.983605988181185467e+02  9.983837418040764078e+02  9.984950792673689648e+02
333 6661 2.397595e-01 2.332468e+01  9.978483294805181458e+02  9.983674519956150561e+02  9.983961990378263636e+02  1.000276882857541204e+04
334 6681 2.414049e-01 2.333515e+01  9.978483294805181458e+02  9.983644992139795704e+02  9.983911008873651554e+02  1.000277117326056032e+04
335 6701 2.425874e-01 2.334589e+01  9.978483294805181458e+02  9.983645142881229049e+02  9.984002620107805797e+02  1.000279289837298165e+04
336 6721 2.441744e-01 2.334697e+01  9.978483294805181458e+02  9.983636488636238937e+02  9.983906591270440458e+02  1.000280430490877188e+04
337 6741 2.450562e-01 2.336713e+01  9.978483294805181458e+02  9.983656225245839551e+02  9.983938594546214063e+02  9.984931512420678246e+02
338 6761 2.479342e-01 2.338190e+01  9.978483294805181458e+02  9.983613747659667297e+02  9.984062487627634255e+02  9.984941569569270996e+02
339 6781 2.494988e-01 2.338830e+01  9.978483294805181458e+02  9.983639715555616476e+02  9.983838288785095756e+02  9.985255692189969068e+02
340 6801 2.522785e-01 2.338130e+01  9.978483294805181458e+02  9.983667654148196107e+02  9.984009593538879699e+02  1.000277703025971823e+04
341 6821 2.553524e-01 2.338861e+01  9.978483294805181458e+02  9.983626553395826022e+02  9.984701199306193757e+02  1.000285292396815021e+04
342 6841 2.582147e-01 2.340383e+01  9.978483294805181458e+02  9.983624024369362360e+02  9.983765110811086743e+02  9.984832167638462579e+02
343 6861 2.605340e-01 2.340784e+01  9.978483294805181458e+02  9.983558048589457030e+02  9.983852029140886088e+02  1.000275032491361162e+04
344 6881 2.604607e-01 2.341029e+01  9.978483294805181458e+02  9.983638421846627580e+02  9.984022904415951416e+02  1.000280755741158828e+04
345 6901 2.608037e-01 2.341511e+01  9.978483294805181458e+02  9.983532995528690890e+02  9.984009768008845640e+02  9.984817638554859514e+02
346 6921 2.600244e-01 2.342491e+01  9.978483294805181458e+02  9.983537511810977776e+02  9.983865003196603993e+02  1.000279271140578930e+04
347 6941 2.586103e-01 2.342415e+01  9.978483294805181458e+02  9.983606555528767785e+02  9.983925659805260011e+02  9.984732621196549189e+02
348 6961 2.569280e-01 2.342308e+01  9.978483294805181458e+02  9.983686108470135423e+02  9.983846603402262190e+02  9.984713656271919717e+02
349 6981 2.545108e-01 2.341787e+01  9.978483294805181458e+02  9.983634872274421923e+02  9.983855152288067529e+02  1.000279345191256834e+04
350 7001 2.523259e-01 2.342791e+01  9.978483294805181458e+02  9.983536509759587716e+02  9.983949815789167133e+02  1.000279875552480917e+04
351 7021 2.506861e-01 2.342060e+01  9.978483294805181458e+02  9.983661908729825427e+02  9.984323912377046781e+02  1.000275499984790986e+04
352 7041 2.485197e-01 2.342233e+01  9.978483294805181458e+02  9.983623943041384337e+02  9.983928822601160391e+02  9.984894339081462249e+02
353 7061 2.465152e-01 2.343383e+01  9.978483294805181458e+02  9.983610890375009603e+02  9.983917286323805911e+02  9.984696443033733431e+02
354 7081 2.444837e-01 2.343215e+01  9.978483294805181458e+02  9.983599237935101200e+02  9.984032174792264414e+02  1.000277632411468585e+04
355 7101 2.427238e-01 2.344239e+01  9.978483294805181458e+02  9.983576476294015265e+02  9.983934371943097403e+02  9.984873105906618775e+02
356 7121 2.411537e-01 2.344627e+01  9.978483294805181458e+02  9.983553431560453646e+02  9.983880065292127028e+02  9.984762878947537956e+02
357 7141 2.394421e-01 2.345123e+01  9.978483294805181458e+02  9.983588794685488210e+02  9.984025202491807249e+02  9.984739889491337408e+02
358 7161 2.374360e-01 2.345371e+01  9.978483294805181458e+02  9.983648005579450455e+02  9.984442886368653944e+02  1.000276914694835250e+04
359 7181 2.354761e-01 2.346193e+01  9.978483294805181458e+02  9.983643351162212412e+02  9.983905233411692279e+02  1.000275877203581877e+04
360 7201 2.335948e-01 2.346942e+01  9.978483294805181458e+02  9.983623344158282862e+02  9.983948756167635565e+02  1.000278146548615950e+04
361 7221 2.326456e-01 2.347525e+01  9.978483294805181458e+02  9.983580053075847900e+02  9.984382659550700509e+02  1.000277367468635020e+04
362 7241 2.317567e-01 2.348905e+01  9.978483294805181458e+02  9.983582081839135753e+02  9.984108049131350526e+02  1.000279573057982634e+04
363 7261 2.312914e-01 2.348544e+01  9.978483294805181458e+02  9.983615813924503755e+02  9.984221409358755182e+02  1.000279538724573831e+04
364 7281 2.300354e-01 2.348174e+01  9.978483294805181458e+02  9.983510222893901300e+02  9.984042749684913360e+02  1.000278987549494741e+04
365 7301 2.297348e-01 2.348522e+01  9.978483294805181458e+02  9.983535402671584507e+02  9.983995990666844591e+02  1.000279299412655564e+04
366 7321 2.290571e-01 2.348202e+01  9.978483294805181458e+02  9.983542486275684951e+02  9.984212266896852270e+02  1.000276296419100981e+04
367 7341 2.288309e-01 2.348398e+01  9.978483294805181458e+02  9.983574995812552970e+02  9.984023817199022233e+02  9.984542251581581240e+02
368 7361 2.284915e-01 2.347869e+01  9.978483294805181458e+02  9.983589458378464769e+02  9.983931982376989254e+02  9.984829795591741686e+02
369 7381 2.272881e-01 2.347214e+01  9.978483294805181458e+02  9.983584346506048632e+02  9.983960190285629324e+02  1.000277569488697918e+04
370 7401 2.262215e-01 2.348004e+01  9.978483294805181458e+02  9.983566182373602942e+02  9.983908099210964338e+02  9.984757006528602687e+02
371 7421 2.245619e-01 2.347608e+01  9.978483294805181458e+02  9.983593953729979376e+02  9.984098971586623747e+02  9.984787394768019340e+02
372 7441 2.233117e-01 2.347561e+01  9.978483294805181458e+02  9.983661430344279779e+02  9.984017255184757005e+02  9.984522688586999948e+02
373 7461 2.214439e-01 2.347531e+01  9.978483294805181458e+02  9.983527404281218196e+02  9.983846539537053104e+02  9.984044069591482184e+02
374 7481 2.202036e-01 2.347282e+01  9.978483294805181458e+02  9.983551982197504913e+02  9.983887407224242452e+02  9.984796195084875308e+02
375 7501 2.207088e-01 2.348287e+01  9.978483294805181458e+02  9.983590102788552940e+02  9.983790895832551087e+02  9.984862734419742765e+02
376 7521 2.208541e-01 2.347871e+01  9.978483294805181458e+02  9.983563355331764342e+02  9.983771551286173462e+02  9.984654188225703138e+02
377 7541 2.200880e-01 2.348183e+01  9.978483294805181458e+02  9.983480114503958021e+02  9.983814547698577826e+02  1.000275145517589772e+04
378 7561 2.193844e-01 2.347278e+01  9.978483294805181458e+02  9.983585176050881955e+02  9.984090496647168038e+02  9.985391362435551628e+02
379 7581 2.185826e-01 2.346345e+01  9.978483294805181458e+02  9.983474627448872525e+02  9.983921644731467495e+02  9.984770322210581526e+02
380 7601 2.177833e-01 2.345967e+01  9.978483294805181458e+02  9.983536129800202161e+02  9.983764457771258094e+02  9.984679738524647519e+02
381 7621 2.170585e-01 2.346316e+01  9.978483294805181458e+02  9.983520050427229080e+02  9.983917997593212021e+02  9.984768018667000433e+02
382 7641 2.161078e-01 2.346817e+01  9.978483294805181458e+02  9.983505349493043468e+02  9.983979160654801035e+02  9.984662948415063966e+02
383 7661 2.158312e-01 2.346437e+01  9.978483294805181458e+02  9.983542842132271744e+02  9.983788356436747335e+02  9.984738191659113227e+02
384 7681 2.158125e-01 2.346917e+01  9.978483294805181458e+02  9.983527884949312465e+02  9.983962767265520597e+02  1.000290591072535244e+04
385 7701 2.153657e-01 2.346905e+01  9.978483294805181458e+02  9.983577304371361834e+02  9.983850475961060056e+02  9.984600088572016148e+02
386 7721 2.158792e-01 2.347115e+01  9.978483294805181458e+02  9.983553356233163640e+02  9.983800820384424242e+02  9.984724239215845500e+02
387 7741 2.161327e-01 2.347454e+01  9.978483294805181458e+02  9.983549374022130678e+02  9.983914059948569957e+02  1.000277243212049325e+04
388 7761 2.168355e-01 2.347508e+01  9.978483294805181458e+02  9.983614889503613767e+02  9.983864037118714805e+02  1.000276081517957573e+04
389 7781 2.172378e-01 2.346726e+01  9.978483294805181458e+02  9.983485234219308495e+02  9.983789423323895562e+02  1.000277376376671236e+04
390 7801 2.177740e-01 2.347076e+01  9.978483294805181458e+02  9.983539664195916430e+02  9.983821730699975205e+02  1.000280127891449956e+04
391 7821 2.187627e-01 2.347992e+01  9.978483294805181458e+02  9.983526799157383493e+02  9.983805539243021485e+02  1.000276768825005638e+04
392 7841 2.187952e-01 2.348473e+01  9.978483294805181458e+02  9.983591638872221665e+02  9.983923836214014500e+02  9.984778052021430312e+02
393 7861 2.203442e-01 2.349399e+01  9.978483294805181458e+02  9.983530317813797410e+02  9.983937696527405024e+02  1.000276374804027728e+04
394 7881 2.216935e-01 2.349199e+01  9.978483294805181458e+02  9.983548153543168837e+02  9.984103426250710527e+02  1.000276988406048986e+04
395 7901 2.225344e-01 2.349564e+01  9.978483294805181458e+02  9.983505105428996558e+02  9.984012197573084677e+02  1.000277686456753145e+04
396 7921 2.229091e-01 2.349258e+01  9.978483294805181458e+02  9.983577417864900099e+02  9.983904456417071742e+02  9.984759171703268521e+02
397 7941 2.238839e-01 2.349410e+01  9.978483294805181458e+02  9.983562647420476424e+02  9.983883895842034235e+02  9.984762693113751766e+02
398 7961 2.248500e-01 2.351035e+01  9.978483294805181458e+02  9.983470273270224880e+02  9.983904606457626869e+02  1.000276384381592106e+04
399 7981 2.252332e-01 2.352400e+01  9.978483294805181458e+02  9.983551901137159348e+02  9.983747041072364254e+02  1.000279429930355582e+04
400 8001 2.248941e-01 2.352264e+01  9.978483294805181458e+02  9.983572487110911879e+02  9.983771614303798287e+02  9.985509628000141902e+02
