%  columns="iteration, evaluation, sigma, axis ratio, bestever, best, median, worst fitness function value, further objective values of best" (startseed=210197, 2017/10/12 3:46:13.98)
1 21 1.071292e+00 2.240859e+01  9.914533417491840055e+02  9.955515459014155795e+02  9.964786098304505231e+02  9.972521673049733408e+02
2 41 1.033035e+00 2.242669e+01  9.914533417491840055e+02  9.943551351407157881e+02  9.961157807137162763e+02  9.968160439327573386e+02
3 61 1.003228e+00 2.244095e+01  9.914533417491840055e+02  9.959227452246544772e+02  9.964160464915609055e+02  9.971000000000000227e+02
4 81 9.741074e-01 2.246010e+01  9.914533417491840055e+02  9.943863058931483465e+02  9.963541438653362547e+02  9.967272703545355625e+02
5 101 9.501444e-01 2.246891e+01  9.914533417491840055e+02  9.950191643136494122e+02  9.962221396767441775e+02  9.968857172452180748e+02
6 121 9.289650e-01 2.247757e+01  9.914533417491840055e+02  9.954570354076586227e+02  9.963150390043236939e+02  9.970605442084854531e+02
7 141 9.128130e-01 2.248870e+01  9.914533417491840055e+02  9.946012251349042117e+02  9.963559990792836061e+02  9.967355329927936509e+02
8 161 9.022939e-01 2.249804e+01  9.914533417491840055e+02  9.932646368054084860e+02  9.962982259660986983e+02  9.971499999999999773e+02
9 181 8.957150e-01 2.250445e+01  9.914533417491840055e+02  9.955499999999999545e+02  9.964053286119384438e+02  9.968859488380091989e+02
10 201 8.922293e-01 2.252896e+01  9.914533417491840055e+02  9.947976097076519864e+02  9.964279858090053494e+02  9.970220863184855489e+02
11 221 8.844241e-01 2.252810e+01  9.914533417491840055e+02  9.951410989527258835e+02  9.962503838687165398e+02  9.969991283921488048e+02
12 241 8.795926e-01 2.253406e+01  9.914533417491840055e+02  9.956135135039173747e+02  9.963030630535376986e+02  9.967137776963166971e+02
13 261 8.746239e-01 2.253202e+01  9.914533417491840055e+02  9.949312535561725781e+02  9.962579383454476556e+02  9.971182809956691244e+02
14 281 8.702611e-01 2.253863e+01  9.914533417491840055e+02  9.951949929986237748e+02  9.963598268771727362e+02  9.971824057597413002e+02
15 301 8.618356e-01 2.254857e+01  9.914533417491840055e+02  9.951965363927686212e+02  9.962022218452348170e+02  9.967787691068866707e+02
16 321 8.523782e-01 2.255495e+01  9.914533417491840055e+02  9.955658645650368044e+02  9.963927465875267444e+02  9.969471089350478223e+02
17 341 8.406422e-01 2.256130e+01  9.914533417491840055e+02  9.934578950309405627e+02  9.962710754352078766e+02  9.969068868766021296e+02
18 361 8.293696e-01 2.257355e+01  9.914533417491840055e+02  9.951037981679538689e+02  9.963223367298630819e+02  9.971810773485092341e+02
19 381 8.219772e-01 2.258016e+01  9.914533417491840055e+02  9.954391049718838076e+02  9.961982654222368865e+02  9.969190989000569516e+02
20 401 8.183419e-01 2.259183e+01  9.914533417491840055e+02  9.951044288711809713e+02  9.963059406725720919e+02  9.972865565017535801e+02
21 421 8.204343e-01 2.259415e+01  9.914533417491840055e+02  9.949373920758573604e+02  9.962532301711096352e+02  9.969826923507113179e+02
22 441 8.235068e-01 2.260534e+01  9.914533417491840055e+02  9.950948612353893168e+02  9.962609235809084112e+02  9.967205158264507645e+02
23 461 8.180113e-01 2.261253e+01  9.914533417491840055e+02  9.956613803806274063e+02  9.963976385427790774e+02  9.968380531889382610e+02
24 481 8.109703e-01 2.261940e+01  9.914533417491840055e+02  9.948975954329215483e+02  9.961278731135159887e+02  9.968243789142322839e+02
25 501 8.019103e-01 2.263746e+01  9.914533417491840055e+02  9.943774409215939158e+02  9.962170284428736977e+02  9.967347238542723744e+02
26 521 7.938671e-01 2.264498e+01  9.914533417491840055e+02  9.957329917495269456e+02  9.963770177976043669e+02  9.967308247388510836e+02
27 541 7.892269e-01 2.264439e+01  9.914533417491840055e+02  9.944328896275862917e+02  9.963603321421819601e+02  9.969612283115014861e+02
28 561 7.784816e-01 2.264483e+01  9.914533417491840055e+02  9.949666014964725491e+02  9.962217929218438712e+02  9.968460573774826798e+02
29 581 7.691909e-01 2.263794e+01  9.914533417491840055e+02  9.953630063337990350e+02  9.961955093434526134e+02  9.969724423178637380e+02
30 601 7.611908e-01 2.264101e+01  9.914533417491840055e+02  9.951764490762672040e+02  9.962845278266065634e+02  9.969102627039034132e+02
31 621 7.532196e-01 2.264795e+01  9.914533417491840055e+02  9.949026967039931151e+02  9.961692353564286577e+02  9.971184571355092885e+02
32 641 7.480187e-01 2.266451e+01  9.914533417491840055e+02  9.947540242023119390e+02  9.963349193730044817e+02  9.970347310428737728e+02
33 661 7.458314e-01 2.267106e+01  9.914533417491840055e+02  9.952784669311532753e+02  9.963515047106579914e+02  9.970171480298034794e+02
34 681 7.402951e-01 2.268065e+01  9.914533417491840055e+02  9.947200000000000273e+02  9.964127325040601590e+02  9.968827794394122748e+02
35 701 7.349003e-01 2.267787e+01  9.914533417491840055e+02  9.957678904301947114e+02  9.963894587695367591e+02  9.969700000000000273e+02
36 721 7.317047e-01 2.267684e+01  9.914533417491840055e+02  9.953736713705458214e+02  9.961055503213867723e+02  9.968566874796522370e+02
37 741 7.311778e-01 2.267906e+01  9.914533417491840055e+02  9.947713336548001735e+02  9.962948876078769445e+02  9.966359936009231433e+02
38 761 7.281272e-01 2.268031e+01  9.914533417491840055e+02  9.950432929284214651e+02  9.962843115688924627e+02  9.969205892856978153e+02
39 781 7.224647e-01 2.268595e+01  9.914533417491840055e+02  9.953961732965717601e+02  9.962628129459661750e+02  9.967480863793149410e+02
40 801 7.210676e-01 2.268464e+01  9.914533417491840055e+02  9.953615541689857764e+02  9.963978664280311932e+02  9.968408627394313726e+02
41 821 7.230235e-01 2.268826e+01  9.914533417491840055e+02  9.954276930223589943e+02  9.960434316360483535e+02  9.968491016366136819e+02
42 841 7.246809e-01 2.269388e+01  9.914533417491840055e+02  9.949792390070685997e+02  9.959617211141312509e+02  9.965094127240961370e+02
43 861 7.285979e-01 2.269980e+01  9.914533417491840055e+02  9.948322197125198727e+02  9.960792937574976804e+02  9.969519375185612944e+02
44 881 7.294050e-01 2.269273e+01  9.914533417491840055e+02  9.950844744442654246e+02  9.962006854769085749e+02  9.965662112419693131e+02
45 901 7.319362e-01 2.271156e+01  9.914533417491840055e+02  9.957583751907060332e+02  9.964557779880777844e+02  9.968826925956448122e+02
46 921 7.335529e-01 2.271311e+01  9.914533417491840055e+02  9.954271793012898115e+02  9.963153671026155962e+02  9.968549961743765380e+02
47 941 7.325999e-01 2.271019e+01  9.914533417491840055e+02  9.946795057684890935e+02  9.961139026422827101e+02  9.967921282628382187e+02
48 961 7.282168e-01 2.271068e+01  9.914533417491840055e+02  9.955747934249646960e+02  9.962146537912597068e+02  9.978218622781603244e+02
49 981 7.272266e-01 2.271472e+01  9.914533417491840055e+02  9.945399999999999636e+02  9.963139127997426385e+02  9.966031370746848097e+02
50 1001 7.262097e-01 2.274319e+01  9.914533417491840055e+02  9.954506471920497006e+02  9.962996227528487907e+02  9.968792257721987653e+02
51 1021 7.272160e-01 2.276168e+01  9.914533417491840055e+02  9.955471758312290831e+02  9.962178392783781646e+02  9.967239369686656119e+02
52 1041 7.293004e-01 2.276970e+01  9.914533417491840055e+02  9.940250826979067824e+02  9.962701051791643749e+02  9.968600000000000136e+02
53 1061 7.304135e-01 2.276785e+01  9.914533417491840055e+02  9.949956040905664167e+02  9.962857572441332650e+02  9.967402440690299272e+02
54 1081 7.296635e-01 2.276325e+01  9.914533417491840055e+02  9.951752973614424036e+02  9.962348927696943974e+02  9.965938958586184526e+02
55 1101 7.319598e-01 2.276812e+01  9.914533417491840055e+02  9.949991936034491573e+02  9.961836001516354600e+02  9.968136114371352505e+02
56 1121 7.333620e-01 2.277173e+01  9.914533417491840055e+02  9.952103379967579713e+02  9.963499256432933180e+02  9.967189848171490212e+02
57 1141 7.364298e-01 2.277509e+01  9.914533417491840055e+02  9.951007854562340071e+02  9.960117218659104310e+02  9.967071117152124771e+02
58 1161 7.353447e-01 2.278051e+01  9.914533417491840055e+02  9.946304817623089320e+02  9.961119854205053343e+02  9.966463697798518524e+02
59 1181 7.303265e-01 2.278547e+01  9.914533417491840055e+02  9.947432588081549056e+02  9.963256793960332516e+02  9.967218642784978329e+02
60 1201 7.267572e-01 2.278173e+01  9.914533417491840055e+02  9.951574325207935772e+02  9.963130685205916279e+02  9.966920171038693752e+02
61 1221 7.247508e-01 2.277586e+01  9.914533417491840055e+02  9.954806638704628767e+02  9.960882551203101229e+02  9.967387717700547682e+02
62 1241 7.244862e-01 2.277555e+01  9.914533417491840055e+02  9.948831414273843166e+02  9.961671862114058058e+02  9.988354301643156532e+02
63 1261 7.225094e-01 2.277521e+01  9.914533417491840055e+02  9.951856051736796189e+02  9.963542811938873456e+02  9.968409165647408372e+02
64 1281 7.214058e-01 2.277910e+01  9.914533417491840055e+02  9.951961325388620025e+02  9.962165359439472923e+02  9.973334958211368075e+02
65 1301 7.252152e-01 2.278480e+01  9.914533417491840055e+02  9.955609313659093687e+02  9.961485832847786241e+02  9.969251768238470959e+02
66 1321 7.265798e-01 2.278672e+01  9.914533417491840055e+02  9.953341315389293413e+02  9.961471011402251179e+02  9.969320602909363060e+02
67 1341 7.282120e-01 2.278494e+01  9.914533417491840055e+02  9.949697514510240808e+02  9.960018333868265472e+02  9.966799999999999500e+02
68 1361 7.330213e-01 2.278400e+01  9.914533417491840055e+02  9.948917640954587114e+02  9.961199757574364639e+02  9.967818092749980678e+02
69 1381 7.390421e-01 2.277785e+01  9.914533417491840055e+02  9.950946063069172851e+02  9.961686235645736360e+02  9.969900000000000091e+02
70 1401 7.463041e-01 2.277400e+01  9.914533417491840055e+02  9.949263149901453289e+02  9.962092183403638046e+02  9.988439964987704798e+02
71 1421 7.548561e-01 2.277764e+01  9.914533417491840055e+02  9.917371800259680867e+02  9.962088151928160187e+02  9.966408290594263235e+02
72 1441 7.636028e-01 2.277342e+01  9.914533417491840055e+02  9.948700000000000045e+02  9.962737522553545659e+02  9.968541405012979340e+02
73 1461 7.726961e-01 2.277992e+01  9.914533417491840055e+02  9.947675614175082046e+02  9.962198658002208731e+02  9.965130956942360854e+02
74 1481 7.785400e-01 2.278664e+01  9.914533417491840055e+02  9.953987165595656279e+02  9.962521221876986601e+02  9.964282942809716133e+02
75 1501 7.796732e-01 2.279780e+01  9.914533417491840055e+02  9.948749478327064253e+02  9.963154520064749704e+02  9.967071357967079166e+02
76 1521 7.787218e-01 2.279830e+01  9.914533417491840055e+02  9.953200000000000500e+02  9.961807898932465832e+02  9.965709365888105822e+02
77 1541 7.805346e-01 2.279673e+01  9.914533417491840055e+02  9.951563592573686492e+02  9.963080656025310873e+02  9.968473923541642989e+02
78 1561 7.862137e-01 2.280025e+01  9.914533417491840055e+02  9.953018044566822482e+02  9.963580168546462801e+02  9.966469172058606318e+02
79 1581 7.886087e-01 2.279901e+01  9.914533417491840055e+02  9.956364008371223235e+02  9.962648076201887761e+02  9.967478211591360377e+02
80 1601 7.912985e-01 2.281108e+01  9.914533417491840055e+02  9.929752779698146696e+02  9.963083226348369408e+02  9.968601412813349043e+02
81 1621 7.942440e-01 2.281070e+01  9.914533417491840055e+02  9.955559187027973849e+02  9.961813651172190021e+02  9.966399999999999864e+02
82 1641 7.981466e-01 2.281173e+01  9.914533417491840055e+02  9.944829178672267744e+02  9.963003011258458628e+02  9.966415391231145122e+02
83 1661 8.007106e-01 2.281576e+01  9.914533417491840055e+02  9.954676326204848920e+02  9.960719126084654818e+02  9.968463393204151544e+02
84 1681 8.001734e-01 2.281352e+01  9.914533417491840055e+02  9.947418959950305180e+02  9.962231894954657037e+02  9.969120301258781183e+02
85 1701 7.997094e-01 2.283808e+01  9.914533417491840055e+02  9.956511650437425942e+02  9.963990657361412104e+02  9.968848373309360795e+02
86 1721 7.970435e-01 2.283660e+01  9.914533417491840055e+02  9.954400000000000546e+02  9.965623784522966844e+02  9.988500000000000227e+02
87 1741 7.984776e-01 2.283495e+01  9.914533417491840055e+02  9.955175502252792512e+02  9.962103383573435167e+02  9.967699999999999818e+02
88 1761 7.990548e-01 2.284005e+01  9.914533417491840055e+02  9.947057282171394945e+02  9.963871796745274878e+02  9.966373523916786326e+02
89 1781 8.003036e-01 2.283547e+01  9.914533417491840055e+02  9.928824753856921461e+02  9.961521924196672444e+02  9.966868468975685573e+02
90 1801 8.025584e-01 2.283707e+01  9.914533417491840055e+02  9.950218154347202244e+02  9.962536424314963597e+02  9.968436369973625233e+02
91 1821 8.022166e-01 2.284800e+01  9.914533417491840055e+02  9.955209100340340456e+02  9.963241453576554250e+02  9.969732057702124166e+02
92 1841 8.021619e-01 2.285719e+01  9.914533417491840055e+02  9.946204310952114156e+02  9.961401340978735561e+02  9.968468607619871591e+02
93 1861 7.986865e-01 2.286966e+01  9.914533417491840055e+02  9.954641359786952535e+02  9.961636424250959863e+02  9.968733273442722975e+02
94 1881 7.930032e-01 2.289661e+01  9.914533417491840055e+02  9.957999999999999545e+02  9.962247887051269117e+02  9.967279455088738587e+02
95 1901 7.878257e-01 2.290228e+01  9.914533417491840055e+02  9.955553213232938106e+02  9.963463016383675495e+02  9.967340050569109735e+02
96 1921 7.874475e-01 2.289539e+01  9.914533417491840055e+02  9.953940988500096410e+02  9.963073338610720384e+02  9.965881006129822026e+02
97 1941 7.837159e-01 2.289740e+01  9.914533417491840055e+02  9.949520122991575590e+02  9.963222792745555125e+02  9.967681879984164652e+02
98 1961 7.765584e-01 2.290325e+01  9.914533417491840055e+02  9.952133014935136543e+02  9.963501586667612173e+02  9.967036469093540063e+02
99 1981 7.718046e-01 2.290651e+01  9.914533417491840055e+02  9.950971614747826379e+02  9.959665694145719499e+02  9.966314851504539547e+02
100 2001 7.701774e-01 2.290524e+01  9.914533417491840055e+02  9.954246094599192247e+02  9.961992851435613829e+02  9.973437100769390327e+02
101 2021 7.688856e-01 2.291147e+01  9.914533417491840055e+02  9.951444205310303914e+02  9.962127037926619550e+02  9.965776090029586385e+02
102 2041 7.676001e-01 2.289947e+01  9.914533417491840055e+02  9.957119925205200843e+02  9.962003431043689261e+02  9.966584381979798763e+02
103 2061 7.642427e-01 2.290315e+01  9.914533417491840055e+02  9.952097347875927653e+02  9.961861445254501177e+02  9.968366787502026227e+02
104 2081 7.628670e-01 2.290522e+01  9.914533417491840055e+02  9.948494586677301186e+02  9.962269271688433037e+02  9.972708911772591591e+02
105 2101 7.637246e-01 2.291724e+01  9.914533417491840055e+02  9.946967048245963952e+02  9.964620321152169709e+02  9.972501141688539974e+02
106 2121 7.655967e-01 2.291745e+01  9.914533417491840055e+02  9.958567515149032943e+02  9.963544767646626497e+02  9.971841048750384289e+02
107 2141 7.697264e-01 2.291687e+01  9.914533417491840055e+02  9.947501389680948023e+02  9.962875807040177278e+02  9.972350053421607754e+02
108 2161 7.686720e-01 2.290873e+01  9.914533417491840055e+02  9.954200777957402124e+02  9.963604758262031282e+02  9.972563178245496829e+02
109 2181 7.687536e-01 2.291093e+01  9.914533417491840055e+02  9.944552638067015096e+02  9.961670601976871922e+02  9.973214598438772782e+02
110 2201 7.667642e-01 2.290900e+01  9.914533417491840055e+02  9.947563177924121192e+02  9.962719058147150690e+02  9.967269419670595880e+02
111 2221 7.658659e-01 2.290988e+01  9.914533417491840055e+02  9.952526607860698959e+02  9.963559890735571116e+02  9.969924996533873127e+02
112 2241 7.667930e-01 2.291196e+01  9.914533417491840055e+02  9.951406032370945240e+02  9.962796104122219276e+02  9.967420001072908917e+02
113 2261 7.651867e-01 2.291490e+01  9.914533417491840055e+02  9.946387229593827897e+02  9.961892503179947198e+02  9.967412238542624436e+02
114 2281 7.615472e-01 2.292266e+01  9.914533417491840055e+02  9.955445338483226578e+02  9.961752718975894823e+02  9.969288297348157357e+02
115 2301 7.600136e-01 2.293369e+01  9.914533417491840055e+02  9.951351748414900840e+02  9.962752324614309600e+02  9.968810711750279552e+02
116 2321 7.587559e-01 2.293108e+01  9.914533417491840055e+02  9.947369331154562815e+02  9.962644335815726890e+02  9.968210557082991272e+02
117 2341 7.552135e-01 2.293264e+01  9.914533417491840055e+02  9.950929326379593931e+02  9.962979732126384533e+02  9.967039017439479949e+02
118 2361 7.518433e-01 2.294004e+01  9.914533417491840055e+02  9.951182014390714130e+02  9.962913248743724353e+02  9.968309249367148368e+02
119 2381 7.516520e-01 2.294629e+01  9.914533417491840055e+02  9.950025800810883538e+02  9.962805975187034164e+02  9.966703961311255853e+02
120 2401 7.440720e-01 2.294992e+01  9.914533417491840055e+02  9.957618370287746075e+02  9.963468079582628434e+02  9.968707574467931636e+02
121 2421 7.367662e-01 2.294851e+01  9.914533417491840055e+02  9.955073066507521844e+02  9.962296908848061321e+02  9.968514973031701629e+02
122 2441 7.319806e-01 2.294875e+01  9.914533417491840055e+02  9.950344756344989037e+02  9.960930455019122292e+02  9.966509970577111517e+02
123 2461 7.276981e-01 2.294497e+01  9.914533417491840055e+02  9.953336606069035497e+02  9.962816126561260717e+02  9.967627974354862772e+02
124 2481 7.253822e-01 2.294458e+01  9.914533417491840055e+02  9.955707630141314439e+02  9.962581619428103750e+02  9.968124078077735248e+02
125 2501 7.212178e-01 2.294696e+01  9.914533417491840055e+02  9.945566926180135852e+02  9.962923588286215590e+02  9.967000000000000455e+02
126 2521 7.209038e-01 2.295016e+01  9.914533417491840055e+02  9.953769204451652968e+02  9.963212161826143074e+02  9.968226705994726444e+02
127 2541 7.198570e-01 2.294515e+01  9.914533417491840055e+02  9.947803425690299264e+02  9.964152323878126936e+02  9.966590813941834313e+02
128 2561 7.202951e-01 2.295243e+01  9.914533417491840055e+02  9.945693198996326601e+02  9.962885763333467821e+02  9.966556758417868878e+02
129 2581 7.186742e-01 2.295269e+01  9.914533417491840055e+02  9.948729237689286720e+02  9.960899577239006248e+02  9.965712689341875148e+02
130 2601 7.134180e-01 2.295226e+01  9.914533417491840055e+02  9.952180419539239438e+02  9.960921378548528082e+02  9.966200000000000045e+02
131 2621 7.090074e-01 2.297190e+01  9.914533417491840055e+02  9.952100000000000364e+02  9.962153363468670477e+02  9.966109570909075046e+02
132 2641 7.034621e-01 2.296712e+01  9.914533417491840055e+02  9.955573818231264340e+02  9.963028372263290748e+02  9.966344068245558674e+02
133 2661 6.988861e-01 2.298631e+01  9.914533417491840055e+02  9.950120267743923250e+02  9.961828990738630409e+02  9.971554240475614961e+02
134 2681 6.969748e-01 2.299165e+01  9.914533417491840055e+02  9.950940286886722106e+02  9.961282823270637437e+02  9.968143086211483705e+02
135 2701 6.950639e-01 2.298917e+01  9.914533417491840055e+02  9.949023618545866157e+02  9.962931744982373630e+02  9.966962834696499840e+02
136 2721 6.927956e-01 2.298998e+01  9.914533417491840055e+02  9.943339881975356320e+02  9.959576453657609818e+02  9.965180792991488943e+02
137 2741 6.917124e-01 2.298978e+01  9.914533417491840055e+02  9.954958802748092239e+02  9.961985331307478191e+02  9.972932294981272889e+02
138 2761 6.917751e-01 2.298618e+01  9.914533417491840055e+02  9.955708239385852494e+02  9.961996871609221671e+02  9.966878605809098417e+02
139 2781 6.925651e-01 2.298418e+01  9.914533417491840055e+02  9.930028897950903684e+02  9.961139856560903354e+02  9.971778254388929099e+02
140 2801 6.914665e-01 2.299457e+01  9.914533417491840055e+02  9.953787056766185515e+02  9.960823915360349474e+02  9.967102704788239862e+02
141 2821 6.871025e-01 2.300405e+01  9.914533417491840055e+02  9.950216331229898969e+02  9.961213565708064834e+02  9.966379556243053912e+02
142 2841 6.824304e-01 2.299616e+01  9.914533417491840055e+02  9.953110543586460608e+02  9.961483131330338665e+02  9.966358237922204353e+02
143 2861 6.793288e-01 2.300640e+01  9.914533417491840055e+02  9.950145565064988205e+02  9.962556152766837840e+02  9.968798296916721711e+02
144 2881 6.775082e-01 2.301343e+01  9.914533417491840055e+02  9.952799999999999727e+02  9.961169525744135171e+02  9.969351746112856745e+02
145 2901 6.746166e-01 2.301627e+01  9.914533417491840055e+02  9.941001991091216041e+02  9.962708871473389536e+02  9.966900000000000546e+02
146 2921 6.741072e-01 2.301442e+01  9.914533417491840055e+02  9.933563514305936906e+02  9.962530568650977330e+02  9.968565998691057075e+02
147 2941 6.743428e-01 2.301390e+01  9.914533417491840055e+02  9.942569321653838870e+02  9.963005304009561769e+02  9.967746593257636505e+02
148 2961 6.760724e-01 2.301531e+01  9.914533417491840055e+02  9.948786693423415954e+02  9.962050025346601387e+02  9.971219196632707735e+02
149 2981 6.783684e-01 2.301221e+01  9.914533417491840055e+02  9.951534306558452272e+02  9.961543128704303172e+02  9.969645935857424774e+02
150 3001 6.806852e-01 2.301120e+01  9.914533417491840055e+02  9.957975643373582670e+02  9.963591641647201413e+02  9.968063165051605665e+02
151 3021 6.831764e-01 2.301590e+01  9.914533417491840055e+02  9.954293458438778543e+02  9.961689928869642472e+02  9.968269104628136574e+02
152 3041 6.848506e-01 2.303694e+01  9.914533417491840055e+02  9.951046901618501579e+02  9.962411582849433671e+02  9.965549971711974422e+02
153 3061 6.864603e-01 2.305096e+01  9.914533417491840055e+02  9.958871180992923655e+02  9.961995152915086464e+02  9.965813436561114713e+02
154 3081 6.862508e-01 2.304300e+01  9.914533417491840055e+02  9.945142646266198199e+02  9.962222653412482032e+02  9.969986803215682585e+02
155 3101 6.876242e-01 2.306183e+01  9.914533417491840055e+02  9.957724844688493704e+02  9.962282190896805787e+02  9.968418851627877757e+02
156 3121 6.866874e-01 2.306427e+01  9.914533417491840055e+02  9.955121643314309949e+02  9.963004296287668922e+02  9.972552821250462785e+02
157 3141 6.847584e-01 2.308330e+01  9.914533417491840055e+02  9.936713404576629500e+02  9.961775826280365891e+02  9.971724196829866287e+02
158 3161 6.836493e-01 2.308930e+01  9.914533417491840055e+02  9.943999999999999773e+02  9.961180240287981178e+02  9.971887926362461485e+02
159 3181 6.836980e-01 2.310214e+01  9.914533417491840055e+02  9.949669787944412747e+02  9.961700747452202904e+02  9.971422440322583043e+02
160 3201 6.904489e-01 2.309797e+01  9.914533417491840055e+02  9.945111315917155252e+02  9.961972802778341247e+02  9.971558391050558612e+02
161 3221 6.957337e-01 2.311125e+01  9.914533417491840055e+02  9.944785647950670864e+02  9.962526824253731093e+02  9.970526806735897480e+02
162 3241 6.989248e-01 2.311733e+01  9.914533417491840055e+02  9.951208605435541585e+02  9.963196350796881688e+02  9.970739556450247392e+02
163 3261 7.013058e-01 2.316948e+01  9.914533417491840055e+02  9.954622829965348956e+02  9.960604180294134267e+02  9.970648917629766856e+02
164 3281 6.997731e-01 2.318727e+01  9.914533417491840055e+02  9.952458015821413255e+02  9.960276472630112039e+02  9.970858569436181824e+02
165 3301 6.966942e-01 2.319133e+01  9.914533417491840055e+02  9.955513692071152718e+02  9.962811723383952085e+02  9.970399999999999636e+02
166 3321 6.947818e-01 2.320009e+01  9.914533417491840055e+02  9.950700000000000500e+02  9.961624833603320894e+02  9.969557533076705340e+02
167 3341 6.911340e-01 2.319604e+01  9.914533417491840055e+02  9.955736702109006728e+02  9.962579502788271384e+02  9.965584088483585674e+02
168 3361 6.879762e-01 2.318867e+01  9.914533417491840055e+02  9.952107354361168063e+02  9.962036635246411151e+02  9.970467358387249988e+02
169 3381 6.886516e-01 2.319183e+01  9.914533417491840055e+02  9.957535311461075480e+02  9.963237306624823759e+02  9.967281322798842211e+02
170 3401 6.901535e-01 2.319646e+01  9.914533417491840055e+02  9.956875948650085775e+02  9.963078856074259875e+02  9.966012931853991859e+02
171 3421 6.916016e-01 2.320864e+01  9.914533417491840055e+02  9.938021078639654888e+02  9.960951929749037390e+02  9.966995611092560239e+02
172 3441 6.941428e-01 2.321036e+01  9.914533417491840055e+02  9.949206210058557645e+02  9.962211938842849577e+02  9.967225009657489636e+02
173 3461 6.966960e-01 2.323173e+01  9.914533417491840055e+02  9.942539206333602806e+02  9.962032671799780701e+02  9.968482200992390290e+02
174 3481 6.974549e-01 2.321284e+01  9.914533417491840055e+02  9.955261808952350293e+02  9.963142166275872569e+02  9.967453372218933509e+02
175 3501 7.012634e-01 2.321980e+01  9.914533417491840055e+02  9.947835694367528276e+02  9.962980002176173002e+02  9.969033069255658575e+02
176 3521 7.041456e-01 2.322423e+01  9.914533417491840055e+02  9.951871306916585809e+02  9.960553020138545435e+02  9.967673353398192830e+02
177 3541 7.038633e-01 2.322825e+01  9.914533417491840055e+02  9.951548458944473623e+02  9.962324363472542927e+02  9.966475066145644632e+02
178 3561 7.022117e-01 2.323717e+01  9.914533417491840055e+02  9.948968219511034476e+02  9.961111081613628357e+02  9.967271004804100585e+02
179 3581 7.035715e-01 2.323293e+01  9.914533417491840055e+02  9.951723493004496959e+02  9.960660646042101689e+02  9.966616222664471252e+02
180 3601 7.059941e-01 2.323370e+01  9.914533417491840055e+02  9.943311087969561868e+02  9.962848502879395483e+02  9.967652626278475054e+02
181 3621 7.041343e-01 2.324172e+01  9.914533417491840055e+02  9.949125659208505112e+02  9.963292741997711346e+02  9.968989622763396028e+02
182 3641 7.030098e-01 2.324670e+01  9.914533417491840055e+02  9.949863033612490426e+02  9.963089951934312012e+02  9.968404547288016602e+02
183 3661 7.035052e-01 2.324999e+01  9.914533417491840055e+02  9.954449809805402083e+02  9.963213056929330378e+02  9.967646799303479384e+02
184 3681 7.032541e-01 2.325792e+01  9.914533417491840055e+02  9.953541002052048725e+02  9.961170421552318430e+02  9.967200000000000273e+02
185 3701 7.026181e-01 2.325568e+01  9.914533417491840055e+02  9.949770053815340134e+02  9.962492515308089196e+02  9.965583053298176992e+02
186 3721 7.050051e-01 2.325439e+01  9.914533417491840055e+02  9.941738586717917769e+02  9.963679577153238824e+02  9.966968839049184226e+02
187 3741 7.058510e-01 2.325023e+01  9.914533417491840055e+02  9.953974214695089131e+02  9.962918135017072245e+02  9.967211897400036378e+02
188 3761 7.079393e-01 2.324619e+01  9.914533417491840055e+02  9.955038465285742859e+02  9.961975451854784751e+02  9.966738390089686845e+02
189 3781 7.076848e-01 2.324108e+01  9.914533417491840055e+02  9.951003078348674080e+02  9.962980797094473928e+02  9.966422568188054356e+02
190 3801 7.062343e-01 2.323903e+01  9.914533417491840055e+02  9.946508535537893749e+02  9.960940204222847569e+02  9.968069339006626706e+02
191 3821 7.053499e-01 2.324110e+01  9.914533417491840055e+02  9.955045296993786224e+02  9.961973066859127357e+02  9.967038498879907138e+02
192 3841 7.038707e-01 2.323744e+01  9.914533417491840055e+02  9.939172697774190510e+02  9.961308662229021138e+02  9.968515867743340095e+02
193 3861 7.002865e-01 2.323485e+01  9.914533417491840055e+02  9.942343375425828071e+02  9.958620183665912009e+02  9.967440283444144598e+02
194 3881 6.956914e-01 2.323951e+01  9.914533417491840055e+02  9.956573032603511137e+02  9.962361282340899606e+02  9.967418071775153976e+02
195 3901 6.901621e-01 2.324123e+01  9.914533417491840055e+02  9.955377197524680923e+02  9.961580496164893930e+02  9.970161035740237594e+02
196 3921 6.837308e-01 2.324891e+01  9.914533417491840055e+02  9.951063286362872304e+02  9.963211535988135665e+02  9.971501657636530354e+02
197 3941 6.778999e-01 2.323868e+01  9.914533417491840055e+02  9.939437224010598584e+02  9.962748264495570538e+02  9.966979549920126829e+02
198 3961 6.761399e-01 2.325600e+01  9.914533417491840055e+02  9.949351607890720288e+02  9.962030731025521391e+02  9.967806102309874632e+02
199 3981 6.717037e-01 2.325523e+01  9.914533417491840055e+02  9.951303841964707999e+02  9.960598291775147572e+02  9.968182652874725136e+02
200 4001 6.725760e-01 2.325817e+01  9.914533417491840055e+02  9.957624405292294796e+02  9.962506908280836342e+02  9.970481143357948213e+02
201 4021 6.735967e-01 2.326042e+01  9.914533417491840055e+02  9.939205295409955170e+02  9.961111428223291568e+02  9.966283740212597877e+02
202 4041 6.718870e-01 2.326116e+01  9.914533417491840055e+02  9.944374481304452047e+02  9.962176541383151971e+02  9.967325962208524288e+02
203 4061 6.717965e-01 2.329171e+01  9.914533417491840055e+02  9.950768661437440414e+02  9.963218590983196918e+02  9.968563869750713593e+02
204 4081 6.690818e-01 2.329740e+01  9.914533417491840055e+02  9.946399999999999864e+02  9.960807413658760652e+02  9.966535934378720185e+02
205 4101 6.648512e-01 2.329966e+01  9.914533417491840055e+02  9.945339361451850664e+02  9.960819892240954232e+02  9.965599999999999454e+02
206 4121 6.614851e-01 2.330132e+01  9.914533417491840055e+02  9.952200000000000273e+02  9.962921852282224791e+02  9.966208875604971809e+02
207 4141 6.593272e-01 2.330085e+01  9.914533417491840055e+02  9.940602851154114887e+02  9.960504688966861977e+02  9.967727128627803950e+02
208 4161 6.576609e-01 2.330043e+01  9.914533417491840055e+02  9.950496592781632899e+02  9.962693299906590028e+02  9.967619517665754074e+02
209 4181 6.596265e-01 2.330085e+01  9.914533417491840055e+02  9.955226134668574787e+02  9.961799558058959292e+02  9.967224953370617868e+02
210 4201 6.616288e-01 2.331377e+01  9.914533417491840055e+02  9.952508624414833776e+02  9.962679966309161728e+02  9.966531342928077493e+02
211 4221 6.640461e-01 2.331848e+01  9.914533417491840055e+02  9.947771757337733334e+02  9.961977575192663608e+02  9.968381063600409107e+02
212 4241 6.670378e-01 2.332093e+01  9.914533417491840055e+02  9.955599999999999454e+02  9.961655687469149143e+02  9.969724052439728439e+02
213 4261 6.674647e-01 2.331779e+01  9.914533417491840055e+02  9.955710584776667247e+02  9.963084611222784588e+02  9.968443439197201315e+02
214 4281 6.713457e-01 2.332738e+01  9.914533417491840055e+02  9.947768219992567538e+02  9.963578058728978704e+02  9.968400000000000318e+02
215 4301 6.765879e-01 2.334085e+01  9.914533417491840055e+02  9.960279310323198843e+02  9.964664581225645179e+02  9.971764977672968371e+02
216 4321 6.788733e-01 2.334354e+01  9.914533417491840055e+02  9.946952183066451880e+02  9.962991284580153888e+02  9.971853568525906439e+02
217 4341 6.770616e-01 2.334269e+01  9.914533417491840055e+02  9.954481626893214070e+02  9.962352723467693068e+02  9.969637905789807064e+02
218 4361 6.784510e-01 2.334518e+01  9.914533417491840055e+02  9.952533181990025923e+02  9.962214532943058884e+02  9.971758794716017746e+02
219 4381 6.813160e-01 2.333916e+01  9.914533417491840055e+02  9.954240694627700350e+02  9.961512955021169091e+02  9.968877113545077009e+02
220 4401 6.867396e-01 2.335075e+01  9.914533417491840055e+02  9.948354146954354746e+02  9.962293124257905674e+02  9.976726602594770839e+02
221 4421 6.934873e-01 2.334383e+01  9.914533417491840055e+02  9.956647403167829680e+02  9.964511377735527731e+02  9.967557028616481603e+02
222 4441 6.997423e-01 2.334074e+01  9.914533417491840055e+02  9.955648139031533219e+02  9.963042805601880900e+02  9.968613024423071920e+02
223 4461 7.035260e-01 2.334780e+01  9.914533417491840055e+02  9.951806432279671526e+02  9.963572758513153076e+02  9.969804169685393163e+02
224 4481 7.019828e-01 2.335348e+01  9.914533417491840055e+02  9.936991795225662827e+02  9.962617412935637731e+02  9.967882687836770401e+02
225 4501 6.970177e-01 2.335786e+01  9.914533417491840055e+02  9.951477308003694588e+02  9.963448667038941267e+02  9.970754543664190805e+02
226 4521 6.908253e-01 2.337007e+01  9.914533417491840055e+02  9.947200000000000273e+02  9.961657303859478816e+02  9.968170176724612475e+02
227 4541 6.849103e-01 2.336416e+01  9.914533417491840055e+02  9.950741523770969934e+02  9.961473442662668276e+02  9.968551636354283119e+02
228 4561 6.788904e-01 2.337368e+01  9.914533417491840055e+02  9.937432422667567380e+02  9.961215144506120396e+02  9.966848155477557611e+02
229 4581 6.734238e-01 2.338040e+01  9.914533417491840055e+02  9.939839273202962886e+02  9.962232646626379164e+02  9.968995937324040142e+02
230 4601 6.705365e-01 2.338396e+01  9.914533417491840055e+02  9.954977248861334829e+02  9.961455185237489331e+02  9.967085111767001990e+02
231 4621 6.710001e-01 2.338794e+01  9.914533417491840055e+02  9.954544020175731021e+02  9.961812947436287686e+02  9.968743924488094308e+02
232 4641 6.758072e-01 2.338549e+01  9.914533417491840055e+02  9.946299999999999955e+02  9.962592779615772542e+02  9.966541023105813792e+02
233 4661 6.798630e-01 2.338867e+01  9.914533417491840055e+02  9.949735375622082074e+02  9.961901514217133808e+02  9.967767429867787996e+02
234 4681 6.806837e-01 2.339426e+01  9.914533417491840055e+02  9.950722648511336956e+02  9.960664003490719551e+02  9.965892471179674885e+02
235 4701 6.825184e-01 2.339605e+01  9.914533417491840055e+02  9.948466809414521776e+02  9.962600072713757982e+02  9.968916946672685526e+02
236 4721 6.868755e-01 2.339333e+01  9.914533417491840055e+02  9.947837504248542473e+02  9.962526134588838431e+02  9.966372219503681436e+02
237 4741 6.900093e-01 2.339369e+01  9.914533417491840055e+02  9.943866738528136011e+02  9.961965269218603680e+02  9.967678350110503516e+02
238 4761 6.934727e-01 2.339511e+01  9.914533417491840055e+02  9.953858861611431621e+02  9.962831091451270140e+02  9.969773728122042940e+02
239 4781 6.987218e-01 2.339362e+01  9.914533417491840055e+02  9.946146431057261452e+02  9.961358488498976840e+02  9.968519669070110467e+02
240 4801 7.026070e-01 2.339029e+01  9.914533417491840055e+02  9.937400000000000091e+02  9.962700342913244640e+02  9.968876618949061594e+02
241 4821 7.039331e-01 2.338945e+01  9.914533417491840055e+02  9.943445711572377377e+02  9.961012700708836292e+02  9.967352734065474351e+02
242 4841 7.012832e-01 2.338775e+01  9.914533417491840055e+02  9.951885103524595024e+02  9.962272656037769138e+02  9.967000000000000455e+02
243 4861 7.009227e-01 2.339885e+01  9.914533417491840055e+02  9.930399999999999636e+02  9.962787397603058253e+02  9.967675801627879082e+02
244 4881 7.007375e-01 2.340899e+01  9.914533417491840055e+02  9.950099999999999909e+02  9.961881633231218984e+02  9.964535295496962135e+02
245 4901 6.986547e-01 2.343264e+01  9.914533417491840055e+02  9.949353955146165163e+02  9.960788775761750458e+02  9.966366108743226278e+02
246 4921 6.987941e-01 2.343808e+01  9.914533417491840055e+02  9.951754388554687694e+02  9.962113712080511050e+02  9.968252408771560340e+02
247 4941 6.999353e-01 2.344350e+01  9.914533417491840055e+02  9.952792439420626351e+02  9.962820031199412369e+02  9.966247534386642428e+02
248 4961 7.031969e-01 2.344282e+01  9.914533417491840055e+02  9.950948109612342023e+02  9.961487863798215585e+02  9.964874323920219013e+02
249 4981 7.043402e-01 2.344512e+01  9.914533417491840055e+02  9.950158578497007511e+02  9.962862056479307284e+02  9.966774221327519854e+02
250 5001 7.033718e-01 2.345200e+01  9.914533417491840055e+02  9.939784287441730157e+02  9.961329283860966370e+02  9.969444368815276221e+02
251 5021 6.990068e-01 2.345904e+01  9.914533417491840055e+02  9.944847801338831914e+02  9.962995736990353635e+02  9.971327740733403289e+02
252 5041 6.948440e-01 2.346144e+01  9.914533417491840055e+02  9.950994540330219706e+02  9.962419765226534309e+02  9.967302334188219675e+02
253 5061 6.907634e-01 2.346197e+01  9.914533417491840055e+02  9.952194157048794523e+02  9.962129761411426898e+02  9.969554099878803299e+02
254 5081 6.881993e-01 2.346447e+01  9.914533417491840055e+02  9.944749308973506459e+02  9.963510986777746439e+02  9.966727991010711776e+02
255 5101 6.871063e-01 2.345801e+01  9.914533417491840055e+02  9.957190625867588096e+02  9.962453288326221355e+02  9.967162850570126693e+02
256 5121 6.838145e-01 2.345855e+01  9.914533417491840055e+02  9.954261546939245591e+02  9.962192783153589062e+02  9.968285066353963657e+02
257 5141 6.779700e-01 2.346444e+01  9.914533417491840055e+02  9.947614422378044310e+02  9.960912773581696911e+02  9.968303614963850805e+02
258 5161 6.751915e-01 2.348161e+01  9.914533417491840055e+02  9.944553731444365212e+02  9.961153746275305139e+02  9.967619698202449854e+02
259 5181 6.768715e-01 2.348382e+01  9.914533417491840055e+02  9.952171533745499801e+02  9.962727703233756529e+02  9.967580674044336320e+02
260 5201 6.740642e-01 2.347880e+01  9.914533417491840055e+02  9.946568835628987699e+02  9.960695494638632681e+02  9.966873866883829578e+02
261 5221 6.709862e-01 2.349051e+01  9.914533417491840055e+02  9.952737088328119626e+02  9.962296152619319400e+02  9.966815773492305652e+02
262 5241 6.671202e-01 2.349365e+01  9.914533417491840055e+02  9.952424130094295833e+02  9.963525328628841180e+02  9.968723783281071746e+02
263 5261 6.683320e-01 2.348802e+01  9.914533417491840055e+02  9.958457164257407612e+02  9.962313166820993047e+02  9.967735090559248192e+02
264 5281 6.664353e-01 2.349015e+01  9.914533417491840055e+02  9.939351252997594202e+02  9.961337767398210872e+02  9.966725714133635847e+02
265 5301 6.624499e-01 2.350363e+01  9.914533417491840055e+02  9.951953255776013521e+02  9.961513237086331856e+02  9.971478675455499570e+02
266 5321 6.585051e-01 2.351811e+01  9.914533417491840055e+02  9.952325368659840024e+02  9.961058883738600116e+02  9.966527584670840270e+02
267 5341 6.551341e-01 2.352139e+01  9.914533417491840055e+02  9.948232180614004392e+02  9.960116465900537150e+02  9.969949350928858394e+02
268 5361 6.525466e-01 2.352587e+01  9.914533417491840055e+02  9.951508129345467069e+02  9.961130580212790164e+02  9.966704485949499031e+02
269 5381 6.472287e-01 2.353403e+01  9.914533417491840055e+02  9.951785785618263844e+02  9.961947897661668776e+02  9.968021661040598929e+02
270 5401 6.426344e-01 2.352832e+01  9.914533417491840055e+02  9.946430336409176789e+02  9.961732023611332352e+02  9.966929313161742812e+02
271 5421 6.378595e-01 2.353203e+01  9.914533417491840055e+02  9.947952385043369077e+02  9.961682903176357513e+02  9.968249556895806336e+02
272 5441 6.337229e-01 2.353358e+01  9.914533417491840055e+02  9.944891075905545677e+02  9.963592090366703360e+02  9.968127096233030215e+02
273 5461 6.260283e-01 2.353294e+01  9.914533417491840055e+02  9.957928500107844911e+02  9.963381707145745168e+02  9.972858626211402679e+02
274 5481 6.221969e-01 2.353521e+01  9.914533417491840055e+02  9.954500000000000455e+02  9.958816665779647792e+02  9.968137497565883223e+02
275 5501 6.191144e-01 2.353814e+01  9.914533417491840055e+02  9.951922103083937827e+02  9.961256007230524574e+02  9.967786535942504997e+02
276 5521 6.172137e-01 2.354214e+01  9.914533417491840055e+02  9.948782087573700892e+02  9.962729048369800466e+02  9.968036691683107620e+02
277 5541 6.166078e-01 2.356612e+01  9.914533417491840055e+02  9.949378569642636876e+02  9.961849103389376978e+02  9.968018631893332895e+02
278 5561 6.163994e-01 2.356698e+01  9.914533417491840055e+02  9.943633133696216646e+02  9.961123807293255368e+02  9.967059602022906120e+02
279 5581 6.167059e-01 2.356726e+01  9.914533417491840055e+02  9.947931443766748316e+02  9.963411470728115091e+02  9.967311478819086688e+02
280 5601 6.176054e-01 2.357340e+01  9.914533417491840055e+02  9.952166763141240153e+02  9.962067102527266798e+02  9.966067689969602270e+02
281 5621 6.176063e-01 2.358032e+01  9.914533417491840055e+02  9.944731048171412340e+02  9.961596123534786784e+02  9.966016710772327087e+02
282 5641 6.155071e-01 2.356983e+01  9.914533417491840055e+02  9.950857788838834495e+02  9.959953166600179202e+02  9.970269624654383733e+02
283 5661 6.108680e-01 2.357700e+01  9.914533417491840055e+02  9.941628191613118588e+02  9.959651962384590433e+02  9.966121823156687469e+02
284 5681 6.089814e-01 2.358161e+01  9.914533417491840055e+02  9.927974105916744065e+02  9.960877861188581619e+02  9.966909813914339793e+02
285 5701 6.060096e-01 2.358858e+01  9.914533417491840055e+02  9.938600000000000136e+02  9.960251049877490459e+02  9.968425320125086273e+02
286 5721 6.037751e-01 2.359589e+01  9.914533417491840055e+02  9.945199999999999818e+02  9.959882591033504013e+02  9.966936897582560277e+02
287 5741 6.040378e-01 2.359650e+01  9.914533417491840055e+02  9.955193042596775967e+02  9.962004829274942495e+02  9.967332825574367234e+02
288 5761 6.057528e-01 2.359895e+01  9.914533417491840055e+02  9.949198137064605589e+02  9.959108599122712349e+02  9.966499999999999773e+02
289 5781 6.073331e-01 2.360066e+01  9.914533417491840055e+02  9.947732819574556515e+02  9.960448779305488642e+02  9.965317949896057144e+02
290 5801 6.097940e-01 2.362573e+01  9.914533417491840055e+02  9.949314523473547069e+02  9.960596373532862344e+02  9.966510092674418502e+02
291 5821 6.110059e-01 2.364243e+01  9.914533417491840055e+02  9.947998189506839708e+02  9.960702850057831483e+02  9.966799999999999500e+02
292 5841 6.083193e-01 2.364790e+01  9.914533417491840055e+02  9.955157145197084674e+02  9.960525663405622936e+02  9.965571469290854338e+02
293 5861 6.065650e-01 2.364364e+01  9.914533417491840055e+02  9.954114757517016869e+02  9.962555550029744609e+02  9.972978701179558811e+02
294 5881 6.010010e-01 2.364903e+01  9.914533417491840055e+02  9.947677534927144052e+02  9.960485809983888430e+02  9.965151002454150557e+02
295 5901 5.932216e-01 2.366231e+01  9.914533417491840055e+02  9.950774459343618901e+02  9.959582787449430725e+02  9.964707022369983633e+02
296 5921 5.873349e-01 2.366963e+01  9.914533417491840055e+02  9.950530659333554695e+02  9.961579437197706284e+02  9.965341592600690319e+02
297 5941 5.816046e-01 2.367326e+01  9.914533417491840055e+02  9.948458556089231024e+02  9.961362215378387646e+02  9.966428803838533668e+02
298 5961 5.751732e-01 2.367216e+01  9.914533417491840055e+02  9.955527966491204097e+02  9.960197908143406949e+02  9.964337019730891143e+02
299 5981 5.683477e-01 2.367406e+01  9.914533417491840055e+02  9.946362393173404826e+02  9.962066669608236680e+02  9.965838737650240091e+02
300 6001 5.635160e-01 2.368082e+01  9.914533417491840055e+02  9.946543276827518412e+02  9.960365482154628580e+02  9.966777533300486311e+02
301 6021 5.587901e-01 2.368027e+01  9.914533417491840055e+02  9.948102026876313175e+02  9.961566339810867703e+02  9.965882196925042535e+02
302 6041 5.565870e-01 2.367795e+01  9.914533417491840055e+02  9.946804944613531916e+02  9.960977212627060453e+02  9.965724991845756904e+02
303 6061 5.580042e-01 2.367207e+01  9.914533417491840055e+02  9.949877586606529576e+02  9.960530337920590682e+02  9.965186434268853191e+02
304 6081 5.570111e-01 2.367654e+01  9.914533417491840055e+02  9.947848025022120737e+02  9.958406923485547395e+02  9.966872272142290967e+02
305 6101 5.564006e-01 2.367713e+01  9.914533417491840055e+02  9.951727759140794660e+02  9.961943271284142156e+02  9.967537591589114072e+02
306 6121 5.547735e-01 2.368475e+01  9.914533417491840055e+02  9.942784196745866439e+02  9.962248857643596693e+02  9.966882061688244221e+02
307 6141 5.519795e-01 2.368867e+01  9.914533417491840055e+02  9.954962807197126722e+02  9.962381440234873935e+02  9.967092900367473476e+02
308 6161 5.526008e-01 2.369000e+01  9.914533417491840055e+02  9.947701862852736667e+02  9.961791678219399273e+02  9.967012847236027255e+02
309 6181 5.527523e-01 2.368739e+01  9.914533417491840055e+02  9.951386558067989654e+02  9.958524123408656124e+02  9.966582857688099466e+02
310 6201 5.513358e-01 2.369190e+01  9.914533417491840055e+02  9.944996106240549807e+02  9.959614760150973325e+02  9.965585751164838939e+02
311 6221 5.505474e-01 2.369080e+01  9.914533417491840055e+02  9.950910168087077636e+02  9.961197610373966427e+02  9.966397568063872541e+02
312 6241 5.507654e-01 2.368726e+01  9.914533417491840055e+02  9.946265473968729793e+02  9.960606522197716686e+02  9.966249149509752669e+02
313 6261 5.496551e-01 2.368640e+01  9.914533417491840055e+02  9.935935854770848437e+02  9.960902043228272760e+02  9.966092501179077772e+02
314 6281 5.480042e-01 2.368419e+01  9.914533417491840055e+02  9.952983358480968263e+02  9.961708206440862341e+02  9.964371630287815833e+02
315 6301 5.460385e-01 2.368517e+01  9.914533417491840055e+02  9.952328905946310442e+02  9.961910899109279853e+02  9.965116344814873628e+02
316 6321 5.455331e-01 2.368652e+01  9.914533417491840055e+02  9.952506788514393747e+02  9.961016526611567770e+02  9.964555574864127721e+02
317 6341 5.454695e-01 2.368593e+01  9.914533417491840055e+02  9.949445875078557719e+02  9.962537143885572277e+02  9.965151189541442136e+02
318 6361 5.439590e-01 2.368432e+01  9.914533417491840055e+02  9.955362273482967339e+02  9.961908712194565396e+02  9.964524115143623249e+02
319 6381 5.422597e-01 2.369078e+01  9.914533417491840055e+02  9.952506390204499667e+02  9.962255023051511671e+02  9.965444337138425226e+02
320 6401 5.398654e-01 2.369782e+01  9.914533417491840055e+02  9.947974174721393865e+02  9.960859708824964400e+02  9.966604653472109021e+02
321 6421 5.364625e-01 2.370403e+01  9.914533417491840055e+02  9.951782870954101554e+02  9.961883639083184789e+02  9.965118322220579330e+02
322 6441 5.348680e-01 2.371465e+01  9.914533417491840055e+02  9.950668623322694657e+02  9.959276883265592915e+02  9.964801693211496740e+02
323 6461 5.342754e-01 2.373452e+01  9.914533417491840055e+02  9.954343281674996433e+02  9.960793575823753372e+02  9.966432769912267986e+02
324 6481 5.305675e-01 2.374319e+01  9.914533417491840055e+02  9.946068488492080633e+02  9.962044194841832905e+02  9.965621583776204488e+02
325 6501 5.272461e-01 2.375786e+01  9.914533417491840055e+02  9.940424834116569173e+02  9.958752113557468419e+02  9.965820905315697473e+02
326 6521 5.220881e-01 2.377882e+01  9.914533417491840055e+02  9.950111430049051933e+02  9.962209965369457905e+02  9.966213143014651905e+02
327 6541 5.205823e-01 2.378890e+01  9.914533417491840055e+02  9.946264164242987817e+02  9.960837004770139629e+02  9.966385363681927174e+02
328 6561 5.209965e-01 2.380327e+01  9.914533417491840055e+02  9.950900000000000318e+02  9.960392028561255984e+02  9.964378626416129237e+02
329 6581 5.214819e-01 2.380561e+01  9.914533417491840055e+02  9.943700000000000045e+02  9.959036390353680872e+02  9.965574109051898404e+02
330 6601 5.199284e-01 2.381202e+01  9.914533417491840055e+02  9.949242889841688111e+02  9.960988912465768408e+02  9.965972071046536485e+02
331 6621 5.189614e-01 2.381360e+01  9.914533417491840055e+02  9.946325669862089853e+02  9.960894179325371169e+02  9.965560550490483820e+02
332 6641 5.170205e-01 2.381235e+01  9.914533417491840055e+02  9.939093519532925711e+02  9.960604186140349157e+02  9.967822745332274508e+02
333 6661 5.162571e-01 2.381544e+01  9.914533417491840055e+02  9.953245950988049344e+02  9.960182773100927989e+02  9.964744701488251621e+02
334 6681 5.194263e-01 2.381643e+01  9.914533417491840055e+02  9.950713354779607016e+02  9.961406823405766318e+02  9.964454165058223225e+02
335 6701 5.235652e-01 2.383031e+01  9.914533417491840055e+02  9.951334724089812198e+02  9.960665473392775766e+02  9.965332107890988027e+02
336 6721 5.249802e-01 2.382653e+01  9.914533417491840055e+02  9.947901251127382238e+02  9.961035965494655784e+02  9.966137796760923493e+02
337 6741 5.283308e-01 2.382993e+01  9.914533417491840055e+02  9.951519841877924364e+02  9.959340167544847873e+02  9.963130453834684204e+02
338 6761 5.312871e-01 2.383336e+01  9.914533417491840055e+02  9.953915940793164054e+02  9.961249235560809439e+02  9.964885170328406048e+02
339 6781 5.344845e-01 2.383429e+01  9.914533417491840055e+02  9.943851869076673893e+02  9.958079529932357445e+02  9.965034020203918317e+02
340 6801 5.383594e-01 2.384523e+01  9.914533417491840055e+02  9.941780483136420798e+02  9.958704239122632771e+02  9.966645510248188202e+02
341 6821 5.408766e-01 2.386234e+01  9.914533417491840055e+02  9.953241262508645377e+02  9.959704955227718983e+02  9.965269224705671149e+02
342 6841 5.429241e-01 2.387391e+01  9.914533417491840055e+02  9.948407501616037507e+02  9.960704233661751914e+02  9.965605312748609776e+02
343 6861 5.454622e-01 2.389009e+01  9.914533417491840055e+02  9.953767166380242770e+02  9.962207957864552554e+02  9.964783724086170196e+02
344 6881 5.478505e-01 2.391149e+01  9.914533417491840055e+02  9.946753565339245142e+02  9.959715691289411552e+02  9.966313906928317010e+02
345 6901 5.529427e-01 2.391962e+01  9.914533417491840055e+02  9.942846790244458361e+02  9.960533039776279338e+02  9.967150976496429848e+02
346 6921 5.576511e-01 2.393059e+01  9.914533417491840055e+02  9.946849960665380195e+02  9.959184577079586234e+02  9.964872981803633820e+02
347 6941 5.604253e-01 2.394034e+01  9.914533417491840055e+02  9.941853311096466541e+02  9.960395406173603305e+02  9.963502299783198168e+02
348 6961 5.624526e-01 2.395516e+01  9.914533417491840055e+02  9.944770131576822223e+02  9.960533141393582355e+02  9.966408314238665298e+02
349 6981 5.643404e-01 2.397094e+01  9.914533417491840055e+02  9.947229676903739346e+02  9.959874504753427118e+02  9.966201487522878324e+02
350 7001 5.683603e-01 2.397785e+01  9.914533417491840055e+02  9.952953542359512085e+02  9.960616246007614336e+02  9.965844142298599309e+02
351 7021 5.724375e-01 2.399341e+01  9.914533417491840055e+02  9.942789220712119231e+02  9.959606708546670006e+02  9.965047874989975298e+02
352 7041 5.763307e-01 2.402077e+01  9.914533417491840055e+02  9.950215302681511957e+02  9.962080527675608437e+02  9.966321790300756902e+02
353 7061 5.796400e-01 2.402559e+01  9.914533417491840055e+02  9.952922095283043973e+02  9.962062829576717604e+02  9.965073778295731017e+02
354 7081 5.828226e-01 2.401437e+01  9.914533417491840055e+02  9.949569838291797623e+02  9.959635716463293420e+02  9.964742085557236351e+02
355 7101 5.857868e-01 2.402523e+01  9.914533417491840055e+02  9.945352992524215097e+02  9.959258557794430544e+02  9.964893224831859015e+02
356 7121 5.842740e-01 2.403025e+01  9.914533417491840055e+02  9.948559722885008796e+02  9.962338552161402276e+02  9.966503792191529101e+02
357 7141 5.829788e-01 2.404648e+01  9.914533417491840055e+02  9.949901304839557952e+02  9.961989394074059874e+02  9.966167622005094699e+02
358 7161 5.802998e-01 2.405931e+01  9.914533417491840055e+02  9.948667923279126626e+02  9.960009337840367607e+02  9.968094984706256128e+02
359 7181 5.760881e-01 2.407564e+01  9.914533417491840055e+02  9.955092176222805165e+02  9.962293941625398475e+02  9.966565428646456439e+02
360 7201 5.727431e-01 2.408905e+01  9.914533417491840055e+02  9.951941649515792960e+02  9.960351905694011521e+02  9.965749406584832286e+02
361 7221 5.670751e-01 2.411589e+01  9.914533417491840055e+02  9.948215438685342633e+02  9.961167796527191740e+02  9.965310365355588829e+02
362 7241 5.618905e-01 2.412607e+01  9.914533417491840055e+02  9.950387468051588939e+02  9.959973747430916546e+02  9.965828878792542582e+02
363 7261 5.581055e-01 2.413515e+01  9.914533417491840055e+02  9.956415257920435806e+02  9.961688503097473131e+02  9.966762339570599352e+02
364 7281 5.572650e-01 2.413505e+01  9.914533417491840055e+02  9.957901243673785530e+02  9.962183683150669822e+02  9.965943120333266734e+02
365 7301 5.557798e-01 2.413676e+01  9.914533417491840055e+02  9.949038189621984429e+02  9.959908450398741024e+02  9.966000000000000227e+02
366 7321 5.533801e-01 2.414633e+01  9.914533417491840055e+02  9.950032264515285760e+02  9.960404928257295296e+02  9.965933284029919150e+02
367 7341 5.488211e-01 2.415995e+01  9.914533417491840055e+02  9.948425165875838729e+02  9.959513140058875251e+02  9.965711517439782483e+02
368 7361 5.424729e-01 2.416163e+01  9.914533417491840055e+02  9.953574310088233688e+02  9.961391308771696913e+02  9.966214905336072434e+02
369 7381 5.367624e-01 2.419363e+01  9.914533417491840055e+02  9.944560813783845106e+02  9.961424833950093216e+02  9.964944347201960682e+02
370 7401 5.343472e-01 2.419972e+01  9.914533417491840055e+02  9.952896141034625543e+02  9.960294234025260494e+02  9.965701321953737306e+02
371 7421 5.320732e-01 2.420074e+01  9.914533417491840055e+02  9.945253462670511908e+02  9.961243471880568450e+02  9.964235459608993324e+02
372 7441 5.278062e-01 2.421140e+01  9.914533417491840055e+02  9.950917809727594658e+02  9.960651954116619891e+02  9.966047592977441809e+02
373 7461 5.233496e-01 2.422108e+01  9.914533417491840055e+02  9.952769196384131192e+02  9.959103164984412615e+02  9.965031999838429329e+02
374 7481 5.191447e-01 2.422714e+01  9.914533417491840055e+02  9.947274249125464394e+02  9.959633895841117237e+02  9.965110752104103540e+02
375 7501 5.132043e-01 2.423760e+01  9.914533417491840055e+02  9.946374937361603088e+02  9.960194066501699126e+02  9.965147998515845984e+02
376 7521 5.073090e-01 2.423261e+01  9.914533417491840055e+02  9.946766620559131979e+02  9.961260251924582008e+02  9.965422336538900936e+02
377 7541 5.022632e-01 2.424727e+01  9.914533417491840055e+02  9.953431314115420037e+02  9.958599543567493129e+02  9.965303552011449710e+02
378 7561 4.982451e-01 2.424215e+01  9.914533417491840055e+02  9.940677307403761915e+02  9.959473801633365611e+02  9.965095965339916120e+02
379 7581 4.960139e-01 2.423741e+01  9.914533417491840055e+02  9.939372638341287711e+02  9.961459195694519622e+02  9.965801350348232290e+02
380 7601 4.925391e-01 2.424278e+01  9.914533417491840055e+02  9.949388335133057808e+02  9.960518686396696921e+02  9.965000000000000000e+02
381 7621 4.902900e-01 2.424784e+01  9.914533417491840055e+02  9.941581055348285645e+02  9.959532587312889973e+02  9.964675573896498690e+02
382 7641 4.907065e-01 2.425234e+01  9.914533417491840055e+02  9.945742781480832946e+02  9.958731391262267607e+02  9.964807814125672394e+02
383 7661 4.921152e-01 2.424141e+01  9.914533417491840055e+02  9.944784706560130871e+02  9.959282304323730841e+02  9.965626828100284911e+02
384 7681 4.938421e-01 2.424750e+01  9.914533417491840055e+02  9.951926759129785296e+02  9.961581957471512396e+02  9.966107735586923582e+02
385 7701 4.966910e-01 2.425269e+01  9.914533417491840055e+02  9.949667240583167995e+02  9.961751524959087192e+02  9.965970464238274644e+02
386 7721 5.015816e-01 2.425839e+01  9.914533417491840055e+02  9.950815734113378994e+02  9.960750102967032262e+02  9.965691343346967415e+02
387 7741 5.085464e-01 2.426001e+01  9.914533417491840055e+02  9.940094392752756676e+02  9.960079629609482481e+02  9.963102318542853482e+02
388 7761 5.130519e-01 2.427464e+01  9.914533417491840055e+02  9.949481313100505986e+02  9.958511324762999948e+02  9.963901290903834251e+02
389 7781 5.196185e-01 2.427862e+01  9.914533417491840055e+02  9.926896017577374778e+02  9.961046967164909347e+02  9.964757702051188062e+02
390 7801 5.232447e-01 2.427706e+01  9.914533417491840055e+02  9.949047817196926644e+02  9.961321156836195314e+02  9.965499999999999545e+02
391 7821 5.239130e-01 2.428167e+01  9.914533417491840055e+02  9.952654480460593049e+02  9.961455810673058977e+02  9.967198862474717771e+02
392 7841 5.242429e-01 2.427886e+01  9.914533417491840055e+02  9.942439895999449391e+02  9.958541814129766863e+02  9.963552072481720643e+02
393 7861 5.251758e-01 2.427874e+01  9.914533417491840055e+02  9.942873527841016994e+02  9.960415915933090218e+02  9.965730703115419828e+02
394 7881 5.257183e-01 2.428569e+01  9.914533417491840055e+02  9.938392086624702415e+02  9.958742009537611466e+02  9.966217627353798889e+02
395 7901 5.241862e-01 2.429218e+01  9.914533417491840055e+02  9.937793556888874491e+02  9.960367890672350768e+02  9.963822786838657066e+02
396 7921 5.238885e-01 2.429611e+01  9.914533417491840055e+02  9.946577003324485986e+02  9.957612232922883777e+02  9.964753469795723504e+02
397 7941 5.253182e-01 2.430129e+01  9.914533417491840055e+02  9.927500000000000000e+02  9.958540038966190195e+02  9.963775221073974535e+02
398 7961 5.268098e-01 2.431128e+01  9.914533417491840055e+02  9.947061620414417575e+02  9.959791017950309424e+02  9.963278247257983367e+02
399 7981 5.299629e-01 2.432303e+01  9.914533417491840055e+02  9.950844237358322744e+02  9.959506249766166093e+02  9.963315032625466756e+02
400 8001 5.306130e-01 2.432872e+01  9.914533417491840055e+02  9.951679257592903696e+02  9.962085428359303023e+02  9.966308576453097885e+02
401 8021 5.309553e-01 2.434056e+01  9.914533417491840055e+02  9.948885604624703092e+02  9.960159052789143743e+02  9.968671955331431036e+02
402 8041 5.318070e-01 2.434867e+01  9.914533417491840055e+02  9.944323322129938560e+02  9.960926661387566128e+02  9.965138507943844388e+02
403 8061 5.296669e-01 2.435805e+01  9.914533417491840055e+02  9.948300000000000409e+02  9.961249340304894986e+02  9.964789401011438486e+02
404 8081 5.285626e-01 2.436793e+01  9.914533417491840055e+02  9.947201149848044679e+02  9.959252167580882542e+02  9.966347584503347434e+02
405 8101 5.287377e-01 2.437787e+01  9.914533417491840055e+02  9.955124259812947685e+02  9.959833039688214740e+02  9.966167269821607988e+02
406 8121 5.270973e-01 2.437462e+01  9.914533417491840055e+02  9.951933347634967504e+02  9.960429302311192714e+02  9.964566134710096321e+02
407 8141 5.276951e-01 2.439251e+01  9.914533417491840055e+02  9.947943543933873798e+02  9.959868269614594283e+02  9.966745933728253704e+02
408 8161 5.257514e-01 2.439237e+01  9.914533417491840055e+02  9.938479767436630254e+02  9.961261974835570072e+02  9.965275519004678699e+02
409 8181 5.237900e-01 2.439900e+01  9.914533417491840055e+02  9.948007503299954806e+02  9.959032540398325182e+02  9.965071372610638036e+02
410 8201 5.210744e-01 2.440257e+01  9.914533417491840055e+02  9.938141506848637619e+02  9.959173080613732054e+02  9.965448622681600455e+02
411 8221 5.177466e-01 2.441999e+01  9.914533417491840055e+02  9.944534981124714932e+02  9.958126877058161881e+02  9.964353651063883035e+02
412 8241 5.132886e-01 2.443770e+01  9.914533417491840055e+02  9.947263698503807063e+02  9.961464440259424009e+02  9.965208729934366829e+02
413 8261 5.070756e-01 2.444212e+01  9.914533417491840055e+02  9.946928892491739589e+02  9.958604930886122020e+02  9.963911582933810678e+02
414 8281 5.027910e-01 2.446628e+01  9.914533417491840055e+02  9.953344764434758645e+02  9.961378658335742102e+02  9.965014117880355116e+02
415 8301 5.012462e-01 2.448124e+01  9.914533417491840055e+02  9.945048835466537867e+02  9.961080670258359078e+02  9.964555610708564473e+02
416 8321 4.969238e-01 2.449321e+01  9.914533417491840055e+02  9.947389965158438372e+02  9.961358750727470124e+02  9.965287066419078883e+02
417 8341 4.931273e-01 2.448756e+01  9.914533417491840055e+02  9.951552964785247468e+02  9.960274883384909117e+02  9.965431253782468275e+02
418 8361 4.894296e-01 2.449193e+01  9.914533417491840055e+02  9.943111089263974236e+02  9.961555423194356536e+02  9.966885795369439620e+02
419 8381 4.857360e-01 2.449079e+01  9.914533417491840055e+02  9.952573293248691471e+02  9.960137003757884031e+02  9.965826102765184942e+02
420 8401 4.838018e-01 2.449550e+01  9.914533417491840055e+02  9.950311526042688683e+02  9.960982907805921513e+02  9.988025382805731169e+02
421 8421 4.822551e-01 2.450095e+01  9.914533417491840055e+02  9.944643538340606028e+02  9.961241848253414446e+02  9.965440741144606136e+02
422 8441 4.808071e-01 2.450195e+01  9.914533417491840055e+02  9.947453314707246363e+02  9.959771890536505907e+02  9.966087482394965491e+02
423 8461 4.777736e-01 2.451255e+01  9.914533417491840055e+02  9.956091381476635434e+02  9.960806361713791830e+02  9.965452220933514127e+02
424 8481 4.745464e-01 2.451455e+01  9.914533417491840055e+02  9.950249497937988963e+02  9.961124423995161123e+02  9.964897967639705030e+02
425 8501 4.737463e-01 2.452324e+01  9.914533417491840055e+02  9.951464347416574583e+02  9.960116149277241675e+02  9.965039928003631076e+02
426 8521 4.730791e-01 2.452582e+01  9.914533417491840055e+02  9.944790750579653604e+02  9.960409045679774636e+02  9.966634285304406831e+02
427 8541 4.716755e-01 2.452403e+01  9.914533417491840055e+02  9.940140550341792505e+02  9.960018637924212044e+02  9.965878592270610170e+02
428 8561 4.697653e-01 2.452927e+01  9.914533417491840055e+02  9.943369807294989187e+02  9.959884540838498879e+02  9.967786967637705402e+02
429 8581 4.675660e-01 2.454064e+01  9.914533417491840055e+02  9.928509317084831309e+02  9.958697406964813581e+02  9.965828389437709802e+02
430 8601 4.663946e-01 2.454335e+01  9.914533417491840055e+02  9.952123841619201130e+02  9.960170911248781067e+02  9.965884224304472809e+02
431 8621 4.661704e-01 2.454455e+01  9.914533417491840055e+02  9.948400000000000318e+02  9.959525073675673639e+02  9.965700000000000500e+02
432 8641 4.636416e-01 2.455107e+01  9.914533417491840055e+02  9.946415621113042107e+02  9.960154975237492181e+02  9.965637185939899609e+02
433 8661 4.609044e-01 2.456265e+01  9.914533417491840055e+02  9.951650052598176899e+02  9.959903349377517543e+02  9.964390235309747368e+02
434 8681 4.580724e-01 2.459661e+01  9.914533417491840055e+02  9.951154767673909873e+02  9.960942446811052378e+02  9.965021206627031916e+02
435 8701 4.546333e-01 2.460278e+01  9.914533417491840055e+02  9.954475812757093536e+02  9.960373710697174374e+02  9.962899999999999636e+02
436 8721 4.497934e-01 2.461195e+01  9.914533417491840055e+02  9.945859419852863539e+02  9.959109801234723136e+02  9.966128225244151508e+02
437 8741 4.464700e-01 2.462972e+01  9.914533417491840055e+02  9.936620106224503388e+02  9.959633665690919315e+02  9.965186042649963838e+02
438 8761 4.430958e-01 2.463859e+01  9.914533417491840055e+02  9.944245268135694005e+02  9.959120958588396206e+02  9.964667393843567424e+02
439 8781 4.385174e-01 2.464311e+01  9.914533417491840055e+02  9.946743633413227599e+02  9.959836595967362882e+02  9.965698280814955297e+02
440 8801 4.358574e-01 2.464927e+01  9.914533417491840055e+02  9.954597705019613159e+02  9.960548458136358931e+02  9.965107547412893609e+02
441 8821 4.362249e-01 2.465226e+01  9.914533417491840055e+02  9.949821551591130628e+02  9.961075994689001618e+02  9.965100764686305865e+02
442 8841 4.379313e-01 2.466975e+01  9.914533417491840055e+02  9.945401991469389031e+02  9.959039586904473254e+02  9.966242642289463447e+02
443 8861 4.393421e-01 2.467961e+01  9.914533417491840055e+02  9.939352711846108832e+02  9.958802975298731326e+02  9.965273533983712468e+02
444 8881 4.392591e-01 2.467797e+01  9.914533417491840055e+02  9.945588680852182506e+02  9.959987788675689444e+02  9.965308535095937259e+02
445 8901 4.396328e-01 2.468343e+01  9.914533417491840055e+02  9.935676487444711711e+02  9.960628078026163621e+02  9.964060024494148138e+02
446 8921 4.399709e-01 2.469177e+01  9.914533417491840055e+02  9.944052425577950771e+02  9.960325255606653627e+02  9.964623614289605484e+02
447 8941 4.398915e-01 2.469865e+01  9.914533417491840055e+02  9.929417884265329803e+02  9.960753048207271831e+02  9.963751625027132377e+02
448 8961 4.361559e-01 2.470681e+01  9.914533417491840055e+02  9.948058722635540789e+02  9.958704443144233664e+02  9.964145952956127985e+02
449 8981 4.327392e-01 2.470462e+01  9.914533417491840055e+02  9.953921588649527621e+02  9.959253818383815542e+02  9.964675113496571157e+02
450 9001 4.291047e-01 2.471222e+01  9.914533417491840055e+02  9.938904533125418084e+02  9.959382407397888528e+02  9.963693140677156634e+02
451 9021 4.263795e-01 2.474526e+01  9.914533417491840055e+02  9.943843160061877597e+02  9.958012230380511483e+02  9.966273530962558880e+02
452 9041 4.270997e-01 2.477442e+01  9.914533417491840055e+02  9.939206861696648048e+02  9.958071172045913499e+02  9.962333499948374538e+02
453 9061 4.254221e-01 2.479556e+01  9.914533417491840055e+02  9.950694636182098520e+02  9.960850806163344942e+02  9.964772422205743396e+02
454 9081 4.238026e-01 2.481312e+01  9.914533417491840055e+02  9.943661361861725254e+02  9.959826027290703223e+02  9.965240865457092241e+02
455 9101 4.237589e-01 2.483055e+01  9.914533417491840055e+02  9.941749816814522092e+02  9.959734647421305453e+02  9.965135255007180604e+02
456 9121 4.251894e-01 2.485495e+01  9.914533417491840055e+02  9.936434880461647481e+02  9.958238877535825395e+02  9.964640515010781883e+02
457 9141 4.260840e-01 2.485965e+01  9.914533417491840055e+02  9.938999999999999773e+02  9.958337423390440790e+02  9.965147388729162685e+02
458 9161 4.264284e-01 2.486883e+01  9.914533417491840055e+02  9.955660324380112343e+02  9.958697108147047174e+02  9.966418321774253855e+02
459 9181 4.249471e-01 2.489940e+01  9.914533417491840055e+02  9.936523263071518386e+02  9.960993706184885923e+02  9.963469328644704319e+02
460 9201 4.207831e-01 2.493015e+01  9.914533417491840055e+02  9.948029258151170779e+02  9.959379914177193314e+02  9.966071616687762571e+02
461 9221 4.178123e-01 2.495769e+01  9.914533417491840055e+02  9.941655432776395855e+02  9.960224585470180045e+02  9.963647995719587698e+02
462 9241 4.165208e-01 2.499551e+01  9.914533417491840055e+02  9.952061450307589894e+02  9.959906902273100968e+02  9.964190392938534160e+02
463 9261 4.187482e-01 2.502486e+01  9.914533417491840055e+02  9.941633935429694020e+02  9.960402583569655235e+02  9.967100000000000364e+02
464 9281 4.236172e-01 2.507430e+01  9.914533417491840055e+02  9.951735224458428775e+02  9.959666134141768907e+02  9.964243803148217467e+02
465 9301 4.250774e-01 2.510614e+01  9.914533417491840055e+02  9.936901449373328887e+02  9.959652863099427123e+02  9.965158453268817311e+02
466 9321 4.259753e-01 2.513152e+01  9.914533417491840055e+02  9.949440944550170798e+02  9.958682965776667970e+02  9.965140443844842366e+02
467 9341 4.272973e-01 2.515266e+01  9.914533417491840055e+02  9.940889099962239470e+02  9.957556448145176091e+02  9.966431503864411070e+02
468 9361 4.296028e-01 2.517825e+01  9.914533417491840055e+02  9.931282508482951243e+02  9.958626470542637890e+02  9.966502832492119524e+02
469 9381 4.298042e-01 2.520777e+01  9.914533417491840055e+02  9.938578029578681026e+02  9.959121597412602114e+02  9.963348683376609642e+02
470 9401 4.308533e-01 2.523059e+01  9.914533417491840055e+02  9.943429641304775259e+02  9.958210706616321204e+02  9.963977117926266374e+02
471 9421 4.316793e-01 2.524423e+01  9.914533417491840055e+02  9.946745614237950122e+02  9.959191534220076392e+02  9.964904071450154106e+02
472 9441 4.309287e-01 2.525664e+01  9.914533417491840055e+02  9.948568213337136967e+02  9.957722962610888544e+02  9.964048728949837823e+02
473 9461 4.305048e-01 2.527765e+01  9.914533417491840055e+02  9.952203712795314914e+02  9.959188232800152036e+02  9.965642995620664806e+02
474 9481 4.319025e-01 2.531226e+01  9.914533417491840055e+02  9.947885304827699429e+02  9.959727866654000081e+02  9.963974695589911335e+02
475 9501 4.331271e-01 2.533774e+01  9.914533417491840055e+02  9.947846672512465602e+02  9.958689910023778111e+02  9.964926234784986718e+02
476 9521 4.359463e-01 2.535093e+01  9.914533417491840055e+02  9.945933959594034377e+02  9.956742386004566470e+02  9.962950380319723536e+02
477 9541 4.391035e-01 2.536450e+01  9.914533417491840055e+02  9.951977660271195418e+02  9.960394825259190839e+02  9.963311257517813146e+02
478 9561 4.398607e-01 2.537060e+01  9.914533417491840055e+02  9.948786834717324155e+02  9.960113931538523957e+02  9.963312870098206986e+02
479 9581 4.405395e-01 2.539217e+01  9.914533417491840055e+02  9.949732217364547751e+02  9.960920292350466525e+02  9.964474958777966549e+02
480 9601 4.410867e-01 2.539504e+01  9.914533417491840055e+02  9.942884462268817742e+02  9.958997385994352953e+02  9.965582156866149717e+02
481 9621 4.425784e-01 2.542368e+01  9.914533417491840055e+02  9.941181139044408610e+02  9.960917689342680887e+02  9.966182153802776611e+02
482 9641 4.465384e-01 2.544106e+01  9.914533417491840055e+02  9.923290889223470685e+02  9.958368533302764263e+02  9.963047418759723541e+02
483 9661 4.500173e-01 2.545716e+01  9.914533417491840055e+02  9.944531508224674781e+02  9.956354354584771045e+02  9.962345123594362803e+02
484 9681 4.549283e-01 2.546901e+01  9.914533417491840055e+02  9.942155840451686117e+02  9.959621478974872844e+02  9.963851861390641034e+02
485 9701 4.605489e-01 2.548047e+01  9.914533417491840055e+02  9.951897358138353411e+02  9.959596070030468127e+02  9.964588427629486205e+02
486 9721 4.632475e-01 2.549502e+01  9.914533417491840055e+02  9.950819037352008536e+02  9.958707754820563878e+02  9.964578541973978645e+02
487 9741 4.647727e-01 2.552198e+01  9.914533417491840055e+02  9.945837448931678182e+02  9.958594334074389280e+02  9.966594073834838809e+02
488 9761 4.661609e-01 2.553956e+01  9.914533417491840055e+02  9.947937479880258707e+02  9.959879470144785500e+02  9.963236053236363432e+02
489 9781 4.687060e-01 2.556735e+01  9.914533417491840055e+02  9.942324479387760903e+02  9.958096438787772513e+02  9.964708599551877342e+02
490 9801 4.696083e-01 2.559511e+01  9.914533417491840055e+02  9.952689618824867921e+02  9.960554064818288680e+02  9.964957885428358395e+02
491 9821 4.703693e-01 2.560571e+01  9.914533417491840055e+02  9.951123835018354384e+02  9.958838356481271603e+02  9.966591901767278614e+02
492 9841 4.696430e-01 2.562889e+01  9.914533417491840055e+02  9.949851967646681032e+02  9.960448054483317719e+02  9.964721309436860111e+02
493 9861 4.671102e-01 2.565877e+01  9.914533417491840055e+02  9.948640982653768106e+02  9.960151004855014207e+02  9.965051780946774898e+02
494 9881 4.644543e-01 2.568195e+01  9.914533417491840055e+02  9.944164815401331907e+02  9.959675697210016097e+02  9.963522588907775344e+02
495 9901 4.626500e-01 2.572058e+01  9.914533417491840055e+02  9.947927070791400865e+02  9.959381238781394359e+02  9.964485957943091989e+02
496 9921 4.587776e-01 2.574161e+01  9.914533417491840055e+02  9.949567128199853414e+02  9.961321399458219048e+02  9.964650851003979142e+02
497 9941 4.538074e-01 2.577004e+01  9.914533417491840055e+02  9.945800000000000409e+02  9.958391721501568554e+02  9.966600509051942254e+02
498 9961 4.504866e-01 2.579939e+01  9.914533417491840055e+02  9.943850012275329391e+02  9.960440237492150573e+02  9.965737201295900149e+02
499 9981 4.469054e-01 2.581415e+01  9.914533417491840055e+02  9.950960505841489976e+02  9.961601380003153281e+02  9.965299999999999727e+02
500 10001 4.443655e-01 2.584288e+01  9.914533417491840055e+02  9.952645112622035413e+02  9.960930051904920219e+02  9.966399999999999864e+02
501 10021 4.406621e-01 2.588053e+01  9.914533417491840055e+02  9.950199999999999818e+02  9.959936408516954316e+02  9.966149868492667565e+02
502 10041 4.377907e-01 2.588894e+01  9.914533417491840055e+02  9.953797939940579909e+02  9.959486298714996337e+02  9.965246778649535599e+02
503 10061 4.367485e-01 2.591652e+01  9.914533417491840055e+02  9.947938664978601082e+02  9.957397606366359923e+02  9.965969007955857251e+02
504 10081 4.349252e-01 2.593066e+01  9.914533417491840055e+02  9.949417550504463179e+02  9.958337009823389963e+02  9.965451887909413244e+02
505 10101 4.332751e-01 2.597125e+01  9.914533417491840055e+02  9.945735987294165170e+02  9.960701592634750341e+02  9.963860942022811287e+02
506 10121 4.330859e-01 2.602753e+01  9.914533417491840055e+02  9.951313456175989813e+02  9.959398630767595932e+02  9.962547510400521560e+02
507 10141 4.334227e-01 2.605747e+01  9.914533417491840055e+02  9.945808804931753002e+02  9.960633585220621171e+02  9.966837582543964800e+02
508 10161 4.336879e-01 2.610000e+01  9.914533417491840055e+02  9.951379574425803867e+02  9.959054290343201501e+02  9.965847478528545480e+02
509 10181 4.352823e-01 2.613441e+01  9.914533417491840055e+02  9.945577237733581342e+02  9.959379327959700277e+02  9.964875446852666983e+02
510 10201 4.362314e-01 2.616693e+01  9.914533417491840055e+02  9.941168306275696978e+02  9.958623161125234446e+02  9.964668981906515910e+02
511 10221 4.395885e-01 2.620107e+01  9.914533417491840055e+02  9.944491909107138099e+02  9.959464775473319378e+02  9.964026185493272578e+02
512 10241 4.419165e-01 2.622994e+01  9.914533417491840055e+02  9.932592159045607332e+02  9.961924660911847695e+02  9.966036871555143080e+02
513 10261 4.423347e-01 2.625566e+01  9.914533417491840055e+02  9.952200000000000273e+02  9.960211360331190917e+02  9.965913088954838486e+02
514 10281 4.418261e-01 2.629327e+01  9.914533417491840055e+02  9.947057441868512342e+02  9.959305741678437016e+02  9.963217678740061274e+02
515 10301 4.415376e-01 2.632337e+01  9.914533417491840055e+02  9.946641753123009266e+02  9.958636257065390964e+02  9.965320386019089938e+02
516 10321 4.412300e-01 2.635265e+01  9.914533417491840055e+02  9.945136698680151994e+02  9.959319589328915754e+02  9.965208173727588701e+02
517 10341 4.407407e-01 2.641188e+01  9.914533417491840055e+02  9.944813629705415678e+02  9.960315905682803077e+02  9.965980652025325526e+02
518 10361 4.423989e-01 2.647189e+01  9.914533417491840055e+02  9.936869783865936370e+02  9.958879034439289626e+02  9.965084041874240484e+02
519 10381 4.462981e-01 2.651299e+01  9.914533417491840055e+02  9.945813737799775254e+02  9.959810064906321259e+02  9.962759298158892989e+02
520 10401 4.508597e-01 2.654457e+01  9.914533417491840055e+02  9.944312070485786990e+02  9.960554186172612390e+02  9.966933714562704836e+02
521 10421 4.543193e-01 2.656030e+01  9.914533417491840055e+02  9.936723690472537101e+02  9.957981354345356522e+02  9.965231299803409684e+02
522 10441 4.557438e-01 2.659349e+01  9.914533417491840055e+02  9.947503736857366903e+02  9.961098417533492011e+02  9.965828500820879299e+02
523 10461 4.554703e-01 2.663102e+01  9.914533417491840055e+02  9.943869774674204791e+02  9.958331950926267382e+02  9.964897167508180473e+02
524 10481 4.580018e-01 2.665829e+01  9.914533417491840055e+02  9.933577211055991256e+02  9.958486883311488782e+02  9.965864469228998814e+02
525 10501 4.612162e-01 2.667407e+01  9.914533417491840055e+02  9.940784871660343924e+02  9.958515394437404211e+02  9.965703935930492889e+02
526 10521 4.648204e-01 2.669581e+01  9.914533417491840055e+02  9.946011815174557569e+02  9.958547726234668289e+02  9.965217533224126782e+02
527 10541 4.677637e-01 2.671434e+01  9.914533417491840055e+02  9.948612115789989048e+02  9.959569150890763467e+02  9.963790200129252526e+02
528 10561 4.687335e-01 2.672285e+01  9.914533417491840055e+02  9.945140373209104609e+02  9.958913751355200930e+02  9.963313133578055840e+02
529 10581 4.667358e-01 2.674985e+01  9.914533417491840055e+02  9.953053301035166669e+02  9.958799753836792661e+02  9.965538716670411077e+02
530 10601 4.652749e-01 2.675972e+01  9.914533417491840055e+02  9.936722101479041385e+02  9.958797293645266109e+02  9.965651993827830211e+02
531 10621 4.644585e-01 2.676944e+01  9.914533417491840055e+02  9.952412133710155331e+02  9.958900481331575065e+02  9.965376996689718680e+02
532 10641 4.647142e-01 2.677982e+01  9.914533417491840055e+02  9.942759250557031692e+02  9.958781757603496771e+02  9.964656322464392133e+02
533 10661 4.645614e-01 2.677629e+01  9.914533417491840055e+02  9.954367176779019246e+02  9.959890878853668710e+02  9.966872586344012461e+02
534 10681 4.628889e-01 2.678172e+01  9.914533417491840055e+02  9.943312585535509243e+02  9.957241009914829419e+02  9.965081934644688317e+02
535 10701 4.600600e-01 2.678442e+01  9.914533417491840055e+02  9.953083505788914636e+02  9.960126627018071304e+02  9.964183334974677564e+02
536 10721 4.589829e-01 2.678812e+01  9.914533417491840055e+02  9.916629207537795310e+02  9.960163826127229640e+02  9.964800000000000182e+02
537 10741 4.598206e-01 2.678889e+01  9.914533417491840055e+02  9.945335111932261043e+02  9.959033761941186640e+02  9.964929506614023467e+02
538 10761 4.595536e-01 2.678060e+01  9.914533417491840055e+02  9.949757167530570996e+02  9.959293668147151948e+02  9.964980784658298489e+02
539 10781 4.592369e-01 2.678772e+01  9.914533417491840055e+02  9.940707320403790845e+02  9.958839937192060461e+02  9.965307928370343689e+02
540 10801 4.571680e-01 2.678406e+01  9.914533417491840055e+02  9.953465020501143954e+02  9.958987756568110399e+02  9.963989681404602834e+02
541 10821 4.551767e-01 2.678684e+01  9.914533417491840055e+02  9.941073153239639169e+02  9.958318942060911922e+02  9.963232055513187788e+02
542 10841 4.524829e-01 2.678354e+01  9.914533417491840055e+02  9.950512036426648592e+02  9.959856312067802264e+02  9.965042327698822646e+02
543 10861 4.499344e-01 2.679174e+01  9.914533417491840055e+02  9.940497249186464614e+02  9.959567214003304798e+02  9.967772935717894143e+02
544 10881 4.476438e-01 2.678588e+01  9.914533417491840055e+02  9.944247964173251830e+02  9.958739582659156895e+02  9.967123278363841337e+02
545 10901 4.449795e-01 2.678703e+01  9.914533417491840055e+02  9.946506476757875816e+02  9.959066123480242823e+02  9.963651349903118444e+02
546 10921 4.413746e-01 2.679516e+01  9.914533417491840055e+02  9.948843103178064666e+02  9.960148721170738781e+02  9.965023075658964444e+02
547 10941 4.388339e-01 2.681659e+01  9.914533417491840055e+02  9.942059564809002268e+02  9.958618705485687315e+02  9.962918608322411274e+02
548 10961 4.373365e-01 2.682796e+01  9.914533417491840055e+02  9.950069837461188627e+02  9.957640102844627563e+02  9.963696587051773577e+02
549 10981 4.361842e-01 2.683987e+01  9.914533417491840055e+02  9.949108657442924368e+02  9.960782558987694983e+02  9.963732185700303035e+02
550 11001 4.338755e-01 2.684962e+01  9.914533417491840055e+02  9.941544497735244477e+02  9.958554930233781306e+02  9.965021884488141950e+02
551 11021 4.319726e-01 2.684806e+01  9.914533417491840055e+02  9.939337555724509912e+02  9.957270829724741361e+02  9.964276100656051085e+02
552 11041 4.274469e-01 2.687218e+01  9.914533417491840055e+02  9.941653950155817938e+02  9.958673972122101077e+02  9.965419916128805653e+02
553 11061 4.229451e-01 2.688267e+01  9.914533417491840055e+02  9.954511400513682702e+02  9.960658970706526816e+02  9.964083242532708482e+02
554 11081 4.202345e-01 2.690807e+01  9.914533417491840055e+02  9.945551491343984480e+02  9.960853964620932857e+02  9.964051895659554248e+02
555 11101 4.162652e-01 2.693273e+01  9.914533417491840055e+02  9.942852966577690950e+02  9.958416912300474451e+02  9.963770901570438809e+02
556 11121 4.097149e-01 2.695358e+01  9.914533417491840055e+02  9.946093048605616787e+02  9.959991492985595869e+02  9.965113122764902300e+02
557 11141 4.049382e-01 2.696024e+01  9.914533417491840055e+02  9.928409654990776971e+02  9.957520192819902149e+02  9.963522374635579126e+02
558 11161 3.997310e-01 2.696388e+01  9.914533417491840055e+02  9.943631839211629995e+02  9.959046739010670990e+02  9.964531528113277545e+02
559 11181 3.958386e-01 2.697490e+01  9.914533417491840055e+02  9.942864180733292869e+02  9.958142301780683283e+02  9.964759343556662543e+02
560 11201 3.921212e-01 2.698130e+01  9.914533417491840055e+02  9.952276777627305364e+02  9.958676734550615492e+02  9.963545402720329776e+02
561 11221 3.880703e-01 2.699084e+01  9.914533417491840055e+02  9.947907973368486410e+02  9.959714089833186108e+02  9.963105667756050252e+02
562 11241 3.844254e-01 2.701575e+01  9.914533417491840055e+02  9.943836274767131727e+02  9.959447880255763721e+02  9.964692854806673949e+02
563 11261 3.806329e-01 2.702810e+01  9.914533417491840055e+02  9.951318218337910366e+02  9.959594376256043233e+02  9.964618022814744336e+02
564 11281 3.766859e-01 2.703200e+01  9.914533417491840055e+02  9.941334751098531797e+02  9.958129059803061409e+02  9.964017733776246359e+02
565 11301 3.730064e-01 2.704855e+01  9.914533417491840055e+02  9.935202751077475796e+02  9.956879534327192687e+02  9.964939306159780017e+02
566 11321 3.688225e-01 2.706134e+01  9.914533417491840055e+02  9.946375877399754017e+02  9.959074640165263190e+02  9.963069367958121347e+02
567 11341 3.642676e-01 2.706379e+01  9.914533417491840055e+02  9.922564675401575869e+02  9.959209854357952736e+02  9.964218932996435569e+02
568 11361 3.606358e-01 2.708063e+01  9.914533417491840055e+02  9.953020902834851995e+02  9.958482162887871709e+02  9.964205953085155443e+02
569 11381 3.558454e-01 2.709583e+01  9.914533417491840055e+02  9.944447260497931893e+02  9.957307754107573601e+02  9.962532136322804490e+02
570 11401 3.518548e-01 2.710825e+01  9.914533417491840055e+02  9.948674095894238008e+02  9.958238604806681451e+02  9.963545319296190428e+02
571 11421 3.491606e-01 2.713430e+01  9.914533417491840055e+02  9.949783866145501179e+02  9.957738851286270574e+02  9.962683385701120642e+02
572 11441 3.478567e-01 2.714516e+01  9.914533417491840055e+02  9.943238189623464223e+02  9.958716837177083789e+02  9.964563186635817829e+02
573 11461 3.476444e-01 2.716584e+01  9.914533417491840055e+02  9.932331857619286666e+02  9.958491630762230216e+02  9.963205725145886618e+02
574 11481 3.474235e-01 2.717576e+01  9.914533417491840055e+02  9.937436741495389469e+02  9.958639430118532800e+02  9.964208149945247897e+02
575 11501 3.484679e-01 2.718651e+01  9.914533417491840055e+02  9.944804919717633993e+02  9.959581683157209682e+02  9.962773442859006536e+02
576 11521 3.477926e-01 2.722197e+01  9.914533417491840055e+02  9.940866288264016930e+02  9.958853187593815619e+02  9.965115625741382246e+02
577 11541 3.466918e-01 2.724393e+01  9.914533417491840055e+02  9.944765575268863813e+02  9.959388297285993303e+02  9.964946006174212698e+02
578 11561 3.435511e-01 2.725884e+01  9.914533417491840055e+02  9.943117314860182887e+02  9.956526432801708779e+02  9.961355023872669108e+02
579 11581 3.405890e-01 2.730283e+01  9.914533417491840055e+02  9.945555548400152475e+02  9.958326504423401957e+02  9.964084393790699323e+02
580 11601 3.383356e-01 2.731301e+01  9.914533417491840055e+02  9.940374182794969329e+02  9.958156132974888806e+02  9.963627616577600747e+02
581 11621 3.354144e-01 2.733778e+01  9.914533417491840055e+02  9.941318584729672239e+02  9.958411387212545378e+02  9.964132081483012371e+02
582 11641 3.322573e-01 2.735470e+01  9.914533417491840055e+02  9.949025538778546434e+02  9.957125449302261586e+02  9.963018659584166699e+02
583 11661 3.297440e-01 2.737394e+01  9.914533417491840055e+02  9.948550123658402526e+02  9.959129302619742248e+02  9.963413641306455020e+02
584 11681 3.265121e-01 2.737870e+01  9.914533417491840055e+02  9.952330534487523437e+02  9.957871598930381651e+02  9.963914726806219733e+02
585 11701 3.241448e-01 2.739048e+01  9.914533417491840055e+02  9.944337749547435124e+02  9.956720797076353620e+02  9.962488220699008252e+02
586 11721 3.211131e-01 2.740121e+01  9.914533417491840055e+02  9.941659544490826192e+02  9.957250505042910618e+02  9.962296461226464999e+02
587 11741 3.211187e-01 2.741547e+01  9.914533417491840055e+02  9.946433917880086710e+02  9.958044721400419803e+02  9.965078412054605224e+02
588 11761 3.206866e-01 2.743525e+01  9.914533417491840055e+02  9.944148267329526334e+02  9.957832288475203768e+02  9.965006640445093353e+02
589 11781 3.196406e-01 2.744578e+01  9.914533417491840055e+02  9.946362719640146679e+02  9.957652435577081178e+02  9.962974718957427740e+02
590 11801 3.193943e-01 2.744854e+01  9.914533417491840055e+02  9.949427353087420443e+02  9.957765783071420174e+02  9.962164788390290369e+02
591 11821 3.197274e-01 2.745196e+01  9.914533417491840055e+02  9.949064753481535490e+02  9.958803372736963411e+02  9.963086702158399248e+02
592 11841 3.199501e-01 2.746660e+01  9.914533417491840055e+02  9.935945077150641964e+02  9.958430975316748572e+02  9.963708260287899066e+02
593 11861 3.204432e-01 2.747253e+01  9.914533417491840055e+02  9.941753337690256558e+02  9.958183122416157858e+02  9.963838051267728133e+02
594 11881 3.203370e-01 2.747826e+01  9.914533417491840055e+02  9.945704831569372573e+02  9.958265373772630937e+02  9.963547997435948673e+02
595 11901 3.209028e-01 2.749751e+01  9.914533417491840055e+02  9.950353745147796189e+02  9.958942457482942245e+02  9.963059606924691707e+02
596 11921 3.205609e-01 2.751028e+01  9.914533417491840055e+02  9.942095754219499213e+02  9.959202541223328353e+02  9.963072789396062490e+02
597 11941 3.215098e-01 2.753641e+01  9.914533417491840055e+02  9.938208463695577848e+02  9.957781186844380272e+02  9.964116796278387937e+02
598 11961 3.226697e-01 2.754857e+01  9.914533417491840055e+02  9.937686225682795111e+02  9.957532661296515926e+02  9.965112605062923876e+02
599 11981 3.242403e-01 2.754923e+01  9.914533417491840055e+02  9.937449657311296960e+02  9.955360284838375264e+02  9.963700000000000045e+02
600 12001 3.260310e-01 2.755597e+01  9.914533417491840055e+02  9.951145314534812769e+02  9.958906975526908809e+02  9.963221519367845076e+02
