%  columns="iteration, evaluation, sigma, axis ratio, bestever, best, median, worst fitness function value, further objective values of best" (startseed=208063, 2017/10/7 16:30:0.64)
1 21 1.073849e+00 2.241082e+01  2.075944286376106973e+01  2.381840273652725415e+01  9.975689789846965141e+02  9.984507249230825892e+02
2 41 1.040275e+00 2.241588e+01  2.075944286376106973e+01  2.276083691413488452e+01  9.971652283750754577e+02  9.999891249668216915e+02
3 61 1.012725e+00 2.242936e+01  2.075944286376106973e+01  2.332369571282903919e+01  9.958973804439763171e+02  9.984826626347413594e+02
4 81 9.914224e-01 2.243643e+01  2.075944286376106973e+01  2.235300381827891769e+01  9.968827347012224891e+02  9.983044402485005548e+02
5 101 9.736125e-01 2.244518e+01  2.075944286376106973e+01  2.333778490532277416e+01  9.971514914917337364e+02  9.982508488086342595e+02
6 121 9.555202e-01 2.245776e+01  2.075944286376106973e+01  2.385864467913251730e+01  9.968099999999999454e+02  9.983682045162619261e+02
7 141 9.393533e-01 2.247285e+01  2.075944286376106973e+01  2.303322467863459977e+01  9.957361015657079406e+02  9.981356413265319816e+02
8 161 9.233838e-01 2.247538e+01  2.075944286376106973e+01  2.342285617628338912e+01  9.966700277834972894e+02  9.983786240058823296e+02
9 181 9.117354e-01 2.248508e+01  2.075944286376106973e+01  2.355377584450842221e+01  9.956755152998042604e+02  9.978112187410962406e+02
10 201 9.021843e-01 2.248981e+01  2.075944286376106973e+01  2.325096534611874333e+01  9.959507304315172860e+02  9.982305796100728230e+02
11 221 8.957228e-01 2.249132e+01  2.075944286376106973e+01  2.342365215409190071e+01  9.952375235642659845e+02  9.972184014121836526e+02
12 241 8.932143e-01 2.249130e+01  2.075944286376106973e+01  2.384470474125730988e+01  9.967304679581202436e+02  9.984365175641326005e+02
13 261 8.895465e-01 2.249022e+01  2.075944286376106973e+01  2.376920705375253462e+01  9.950134810137814156e+02  9.982728342126898724e+02
14 281 8.903582e-01 2.249682e+01  2.075944286376106973e+01  2.474272755264550838e+01  9.961073591416130739e+02  9.983036884605912746e+02
15 301 8.912447e-01 2.250551e+01  2.075944286376106973e+01  2.339992996180807694e+01  9.964419942551980967e+02  9.982866112408006529e+02
16 321 8.923118e-01 2.250614e+01  2.075944286376106973e+01  2.360196250604346702e+01  9.963211751809158159e+02  9.983758415071081345e+02
17 341 8.934567e-01 2.250927e+01  2.075944286376106973e+01  2.302228746191368103e+01  9.962250759796645525e+02  9.984240297889485873e+02
18 361 8.985188e-01 2.251399e+01  2.075944286376106973e+01  2.365317943115509181e+01  9.960210778130182234e+02  9.983415228293478094e+02
19 381 9.058390e-01 2.251505e+01  2.075944286376106973e+01  2.505161783599956493e+01  9.960100462728373714e+02  9.983125756594855602e+02
20 401 9.143907e-01 2.251893e+01  2.075944286376106973e+01  2.599740454461740313e+01  9.963951161183297245e+02  9.982566595477333067e+02
21 421 9.188026e-01 2.252294e+01  2.075944286376106973e+01  2.407766162876992055e+01  9.951767149727949118e+02  9.980144109658475600e+02
22 441 9.224136e-01 2.252584e+01  2.075944286376106973e+01  2.477119848569331850e+01  9.964904076798682127e+02  9.983454204184389482e+02
23 461 9.266738e-01 2.253239e+01  2.075944286376106973e+01  2.378305582412641428e+01  9.960375051014968903e+02  9.983672548483601759e+02
24 481 9.375810e-01 2.254250e+01  2.075944286376106973e+01  2.386633499292532079e+01  9.972603275934567364e+02  9.980291988535167320e+02
25 501 9.406753e-01 2.254920e+01  2.075944286376106973e+01  2.312208784987767274e+01  9.938902770516398277e+02  9.977936907391175509e+02
26 521 9.449899e-01 2.255866e+01  2.075944286376106973e+01  2.287485203861585958e+01  9.961535519810631740e+02  9.981780130646997122e+02
27 541 9.496987e-01 2.257372e+01  2.075944286376106973e+01  2.264286062654129594e+01  9.970709379971518729e+02  9.982849192892050496e+02
28 561 9.555393e-01 2.258158e+01  2.075944286376106973e+01  2.314485144048784804e+01  9.953027552262205973e+02  9.982779646702459786e+02
29 581 9.595829e-01 2.258474e+01  2.075944286376106973e+01  9.852052468557504881e+02  9.968845160782116182e+02  9.983703820265933473e+02
30 601 9.610769e-01 2.258237e+01  2.075944286376106973e+01  2.313432800508062215e+01  9.967880448658941077e+02  9.987859849767341984e+02
31 621 9.607166e-01 2.259100e+01  2.075944286376106973e+01  9.870652318888036234e+02  9.964594026282470622e+02  9.989176828246884270e+02
32 641 9.634991e-01 2.259509e+01  2.075944286376106973e+01  2.823837178728880914e+01  9.968663867232636449e+02  9.982579419624586308e+02
33 661 9.656218e-01 2.260211e+01  2.075944286376106973e+01  2.407549640393636281e+01  9.968163123201904909e+02  9.981649042318819056e+02
34 681 9.708888e-01 2.261193e+01  2.075944286376106973e+01  2.353342443346782176e+01  9.961869890958449787e+02  9.978656277864786261e+02
35 701 9.666073e-01 2.260995e+01  2.075944286376106973e+01  2.526740557233934226e+01  9.971683227226421877e+02  9.982232891796546710e+02
36 721 9.614811e-01 2.261622e+01  2.075944286376106973e+01  2.338740762982340726e+01  9.957968050039327181e+02  9.980282606737142714e+02
37 741 9.577911e-01 2.261613e+01  2.075944286376106973e+01  2.260254645470163481e+01  9.963963153455906649e+02  9.982023019621220783e+02
38 761 9.537820e-01 2.261864e+01  2.075944286376106973e+01  2.386694513957668562e+01  9.962116416933406526e+02  9.983476481524833162e+02
39 781 9.532345e-01 2.262863e+01  2.075944286376106973e+01  2.466699246213527985e+01  9.953041142780424479e+02  9.982699999999999818e+02
40 801 9.504872e-01 2.263211e+01  2.075944286376106973e+01  2.388605303896462573e+01  9.962389365689911074e+02  9.984027701279156872e+02
41 821 9.464637e-01 2.263618e+01  2.075944286376106973e+01  9.918936357778079582e+02  9.972482575676008310e+02  9.987497119837366881e+02
42 841 9.399419e-01 2.264741e+01  2.075944286376106973e+01  2.242707571909887321e+01  9.966061935931390963e+02  9.980564419339106053e+02
43 861 9.345574e-01 2.265395e+01  2.075944286376106973e+01  2.455283324025286262e+01  9.957686926896471959e+02  9.980241752029767213e+02
44 881 9.321100e-01 2.266375e+01  2.075944286376106973e+01  2.351356172379713172e+01  9.958948054192089785e+02  9.977040945061824004e+02
45 901 9.311316e-01 2.267731e+01  2.075944286376106973e+01  2.408674554348906938e+01  9.963751864220578227e+02  9.983402104722322292e+02
46 921 9.320004e-01 2.269050e+01  2.075944286376106973e+01  2.325872441573888949e+01  9.958083988671555744e+02  9.983233852788540617e+02
47 941 9.333957e-01 2.270207e+01  2.075944286376106973e+01  9.910886405859303068e+02  9.973037561489511518e+02  9.980551929150709611e+02
48 961 9.332850e-01 2.272536e+01  2.075944286376106973e+01  2.271261908945125896e+01  9.959437269602454990e+02  9.977065926661250614e+02
49 981 9.323701e-01 2.273351e+01  2.075944286376106973e+01  2.482618175385373505e+01  9.961227892307774709e+02  9.982999999999999545e+02
50 1001 9.308207e-01 2.275239e+01  2.075944286376106973e+01  2.427033010390086076e+01  9.962273766957191583e+02  9.983969346018761826e+02
51 1021 9.266645e-01 2.275879e+01  2.075944286376106973e+01  2.402301197603981819e+01  9.973541852106670831e+02  9.984096466871723123e+02
52 1041 9.226577e-01 2.276634e+01  2.075944286376106973e+01  2.377696430786028259e+01  9.960123109575283706e+02  9.980740132806295151e+02
53 1061 9.183789e-01 2.277321e+01  2.075944286376106973e+01  2.442997029850856094e+01  9.957787628133991120e+02  9.979557761217723737e+02
54 1081 9.142389e-01 2.278488e+01  2.075944286376106973e+01  2.588111422861443955e+01  9.973077696961208858e+02  9.983095916800076566e+02
55 1101 9.115751e-01 2.279108e+01  2.075944286376106973e+01  2.418703572094479526e+01  9.906262208679690957e+02  9.982755795199318527e+02
56 1121 9.086943e-01 2.279162e+01  2.075944286376106973e+01  2.389245200464760543e+01  9.931843857768340058e+02  9.982267168459243294e+02
57 1141 9.075986e-01 2.279471e+01  2.075944286376106973e+01  2.371816563083350005e+01  9.963259522797806085e+02  9.983311269459489949e+02
58 1161 9.037020e-01 2.281272e+01  2.075944286376106973e+01  2.316764564198122045e+01  9.974476041550864238e+02  9.982224027327647491e+02
59 1181 8.994972e-01 2.281683e+01  2.075944286376106973e+01  2.510009290411208838e+01  9.969380749037400165e+02  9.983637293518718252e+02
60 1201 8.967016e-01 2.282458e+01  2.075944286376106973e+01  2.438013428061520216e+01  9.958030760599674522e+02  9.978099999999999454e+02
61 1221 8.947632e-01 2.282535e+01  2.075944286376106973e+01  2.290880879900375788e+01  9.949673443729061546e+02  9.978636415554353789e+02
62 1241 8.931572e-01 2.283575e+01  2.075944286376106973e+01  2.424111273273601697e+01  9.960119846055154085e+02  9.982722975081894674e+02
63 1261 8.926404e-01 2.284488e+01  2.075944286376106973e+01  2.456801358887546272e+01  9.962898362633285387e+02  9.982189048256735759e+02
64 1281 8.929864e-01 2.284672e+01  2.075944286376106973e+01  2.419206741036183672e+01  9.954054705741248199e+02  9.981349508614721344e+02
65 1301 8.928923e-01 2.284683e+01  2.075944286376106973e+01  2.580034786529300561e+01  9.966006765516456198e+02  9.981507946674262257e+02
66 1321 8.934734e-01 2.284580e+01  2.075944286376106973e+01  2.396955131474966194e+01  9.968132717539276655e+02  9.981442507268226336e+02
67 1341 8.940538e-01 2.283668e+01  2.075944286376106973e+01  2.425529779546382159e+01  9.970822865231930336e+02  9.985652167167407924e+02
68 1361 8.942109e-01 2.282937e+01  2.075944286376106973e+01  2.366603615152089191e+01  9.960035714651800163e+02  9.981758017582444609e+02
69 1381 8.920213e-01 2.282207e+01  2.075944286376106973e+01  2.417942668043988874e+01  9.967432346111845618e+02  9.981833972404084534e+02
70 1401 8.933729e-01 2.282028e+01  2.075944286376106973e+01  2.406085359202440799e+01  9.969026114770704226e+02  9.984814129092918620e+02
71 1421 8.937084e-01 2.282478e+01  2.075944286376106973e+01  2.440212539609470710e+01  9.958607290076386107e+02  9.981344997394892289e+02
72 1441 8.876283e-01 2.281923e+01  2.075944286376106973e+01  2.329763141029242490e+01  9.973762867467487467e+02  9.982559656770844185e+02
73 1461 8.809865e-01 2.282745e+01  2.075944286376106973e+01  2.328776209025294364e+01  9.965497586758918942e+02  9.981238174008287842e+02
74 1481 8.740116e-01 2.283328e+01  2.075944286376106973e+01  2.417190821411082169e+01  9.958834885497045661e+02  9.983737032396717268e+02
75 1501 8.652349e-01 2.283221e+01  2.075944286376106973e+01  2.364875797486537934e+01  9.955581567333306339e+02  9.999917661924444019e+02
76 1521 8.561258e-01 2.283507e+01  2.075944286376106973e+01  2.429807718117244164e+01  9.969453478268403614e+02  9.986534179626946752e+02
77 1541 8.507771e-01 2.283471e+01  2.075944286376106973e+01  2.331311308071787991e+01  9.965813438907678119e+02  9.982899999999999636e+02
78 1561 8.408596e-01 2.283867e+01  2.075944286376106973e+01  2.357722899007381301e+01  9.928227895401030310e+02  9.986526483668848186e+02
79 1581 8.246882e-01 2.283932e+01  2.075944286376106973e+01  2.330936690859831373e+01  9.962956176114289519e+02  9.983155811501500239e+02
80 1601 8.100471e-01 2.284243e+01  2.075944286376106973e+01  2.406958082401957455e+01  9.939568667695998556e+02  9.982068357332771029e+02
81 1621 7.965032e-01 2.285006e+01  2.075944286376106973e+01  2.428620791674375567e+01  9.971706193989280109e+02  9.987767755570364443e+02
82 1641 7.848144e-01 2.284985e+01  2.075944286376106973e+01  2.382790693236435686e+01  9.944578681968218916e+02  9.981444203629716867e+02
83 1661 7.728340e-01 2.285192e+01  2.075944286376106973e+01  2.437768901726602522e+01  9.974088043974952598e+02  9.988195231308255870e+02
84 1681 7.634327e-01 2.284343e+01  2.075944286376106973e+01  2.399705899934453868e+01  9.961772931429304663e+02  9.986043847799199966e+02
85 1701 7.588918e-01 2.285483e+01  2.075944286376106973e+01  2.345697105087152323e+01  9.965258866523178085e+02  9.984256878695463229e+02
86 1721 7.538788e-01 2.285447e+01  2.075944286376106973e+01  2.348779183575339857e+01  9.961717667302873451e+02  9.980676803072458370e+02
87 1741 7.460275e-01 2.286705e+01  2.075944286376106973e+01  2.414051908822838044e+01  9.962075433872428221e+02  9.983828273360435333e+02
88 1761 7.404497e-01 2.287378e+01  2.075944286376106973e+01  2.256737910238724609e+01  9.913853892529333507e+02  9.986910544519935229e+02
89 1781 7.336654e-01 2.289105e+01  2.075944286376106973e+01  2.296193237980531521e+01  9.969186359401887785e+02  9.982285389588538465e+02
90 1801 7.284551e-01 2.289495e+01  2.075944286376106973e+01  2.350661335871994950e+01  9.952731336046897468e+02  9.981692642908952848e+02
91 1821 7.241249e-01 2.289470e+01  2.075944286376106973e+01  2.324565755032566727e+01  9.947132492386615468e+02  9.984316765853807283e+02
92 1841 7.202116e-01 2.289554e+01  2.075944286376106973e+01  2.318294799020521424e+01  9.952910396376835251e+02  9.983587859577143035e+02
93 1861 7.201255e-01 2.289910e+01  2.075944286376106973e+01  2.261225311766860102e+01  9.953710145269222949e+02  9.982810458183340643e+02
94 1881 7.164528e-01 2.289914e+01  2.075944286376106973e+01  2.385770117946136537e+01  9.955133420017020853e+02  9.984013356468562961e+02
95 1901 7.115927e-01 2.289728e+01  2.075944286376106973e+01  2.364272278264908067e+01  9.929102648841530936e+02  9.973926944790591733e+02
96 1921 7.091877e-01 2.290251e+01  2.075944286376106973e+01  2.329921232201277803e+01  9.939082723824049026e+02  9.982525056687480856e+02
97 1941 7.055260e-01 2.291052e+01  2.075944286376106973e+01  2.300922118698784402e+01  9.960108270860355333e+02  9.982939404723863390e+02
98 1961 7.026957e-01 2.291116e+01  2.075944286376106973e+01  2.282661369777818194e+01  9.938719494487577322e+02  9.982271960996043845e+02
99 1981 6.997764e-01 2.292187e+01  2.075944286376106973e+01  2.386650854416792100e+01  9.946689516135227223e+02  9.984107619607565312e+02
100 2001 6.989436e-01 2.292231e+01  2.075944286376106973e+01  2.288102546399554171e+01  9.954884231208824303e+02  9.983214046662890269e+02
101 2021 6.978713e-01 2.292273e+01  2.075944286376106973e+01  2.327538871835501055e+01  9.978824840538633225e+02  9.984022731225973075e+02
102 2041 6.965841e-01 2.292549e+01  2.075944286376106973e+01  2.296222624616193286e+01  9.950061594163119025e+02  9.983894316118053212e+02
103 2061 6.971619e-01 2.293492e+01  2.075944286376106973e+01  2.298899768439050817e+01  9.960029823196769030e+02  9.984588029469900903e+02
104 2081 6.947175e-01 2.293759e+01  2.075944286376106973e+01  2.412701457873519573e+01  9.961705071594703895e+02  9.984375144309498182e+02
105 2101 6.927029e-01 2.295212e+01  2.075944286376106973e+01  2.398559226945858569e+01  9.959484946361938000e+02  9.983078202996865684e+02
106 2121 6.906706e-01 2.295924e+01  2.075944286376106973e+01  2.568000720881647325e+01  9.962515515683098783e+02  9.982439783777035700e+02
107 2141 6.915969e-01 2.295626e+01  2.075944286376106973e+01  2.476395142106763103e+01  9.948845685571984632e+02  9.983526519499006326e+02
108 2161 6.955733e-01 2.295494e+01  2.075944286376106973e+01  2.439732872211511605e+01  9.953671809534333761e+02  9.983052408522437418e+02
109 2181 6.978683e-01 2.295988e+01  2.075944286376106973e+01  2.331432508024644434e+01  9.957031937027657023e+02  9.984643477548239616e+02
110 2201 6.993380e-01 2.297819e+01  2.075944286376106973e+01  2.422542199844820487e+01  9.956973172025096801e+02  9.983357066893197498e+02
111 2221 7.007039e-01 2.298795e+01  2.075944286376106973e+01  2.388218298133021378e+01  9.954549315780486722e+02  9.983290729819590297e+02
112 2241 7.023729e-01 2.301060e+01  2.075944286376106973e+01  2.471181255642874675e+01  9.955145141508893403e+02  9.983827758920857605e+02
113 2261 7.085365e-01 2.302178e+01  2.075944286376106973e+01  2.330367055328094494e+01  9.950686245426387586e+02  9.987246392675285733e+02
114 2281 7.135569e-01 2.302655e+01  2.075944286376106973e+01  2.466740036675393810e+01  9.967391586703304256e+02  9.983302888118780629e+02
115 2301 7.136688e-01 2.304130e+01  2.075944286376106973e+01  2.336572317617926586e+01  9.950416798549431405e+02  9.982408547935150409e+02
116 2321 7.142654e-01 2.304265e+01  2.075944286376106973e+01  2.191205996768408681e+01  9.963216906393943191e+02  9.981821310047916995e+02
117 2341 7.152370e-01 2.304932e+01  2.075944286376106973e+01  2.294958265387087692e+01  9.946877598452094844e+02  9.982822521546614780e+02
118 2361 7.166478e-01 2.305268e+01  2.075944286376106973e+01  2.442941005180598424e+01  9.960693466859967202e+02  9.983612878346345951e+02
119 2381 7.168057e-01 2.305224e+01  2.075944286376106973e+01  2.316430354950806603e+01  9.964681641227703039e+02  9.982713833754180541e+02
120 2401 7.166766e-01 2.306239e+01  2.075944286376106973e+01  2.292338528769891326e+01  9.953718138811588005e+02  9.982345124796396476e+02
121 2421 7.121751e-01 2.306215e+01  2.075944286376106973e+01  2.410557296798461380e+01  9.953466009084233974e+02  9.982465377192628466e+02
122 2441 7.055444e-01 2.306626e+01  2.075944286376106973e+01  2.297689007831949937e+01  9.928849524380736966e+02  9.984387917333762061e+02
123 2461 7.005138e-01 2.307179e+01  2.075944286376106973e+01  2.378251033425931737e+01  9.973916326516402933e+02  9.985267462025259420e+02
124 2481 6.936616e-01 2.307957e+01  2.075944286376106973e+01  2.375386789968920453e+01  9.943155644541345737e+02  9.983187843286000316e+02
125 2501 6.856141e-01 2.308679e+01  2.075944286376106973e+01  2.338873674418862691e+01  9.936154057586338695e+02  9.983607773959844280e+02
126 2521 6.769605e-01 2.308235e+01  2.075944286376106973e+01  2.192258908820994279e+01  9.942067480635504353e+02  9.983016705315459376e+02
127 2541 6.705686e-01 2.309516e+01  2.075944286376106973e+01  2.291194093498324236e+01  9.922244672900922069e+02  9.999870669880318701e+02
128 2561 6.655329e-01 2.311221e+01  2.075944286376106973e+01  2.331818105754386039e+01  9.939582511831340526e+02  9.979765331956243699e+02
129 2581 6.609649e-01 2.311437e+01  2.075944286376106973e+01  2.320039975011352595e+01  9.948377284898415382e+02  9.985946343443297337e+02
130 2601 6.539978e-01 2.312365e+01  2.075944286376106973e+01  2.408120839874649732e+01  9.945612240365503567e+02  9.982909317594607046e+02
131 2621 6.451810e-01 2.312308e+01  2.075944286376106973e+01  2.435699157190611430e+01  9.942597297107220129e+02  9.984207558248939449e+02
132 2641 6.410636e-01 2.312848e+01  2.075944286376106973e+01  2.404925726499117999e+01  9.928530099240763320e+02  9.981936989248594045e+02
133 2661 6.374410e-01 2.313564e+01  2.075944286376106973e+01  2.284223334196883215e+01  9.914075554225755695e+02  9.984703479688422476e+02
134 2681 6.346606e-01 2.314183e+01  2.075944286376106973e+01  2.252790487069433567e+01  9.928859870280588211e+02  9.981969465550050700e+02
135 2701 6.338794e-01 2.314045e+01  2.075944286376106973e+01  2.365257418607183837e+01  9.927282530544981682e+02  9.983418082948528536e+02
136 2721 6.335010e-01 2.314062e+01  2.075944286376106973e+01  2.307232182385336827e+01  5.077592212480771536e+02  9.982557393565108441e+02
137 2741 6.322878e-01 2.314596e+01  2.075944286376106973e+01  2.253843157135790420e+01  9.873238446275768183e+02  9.982084635951662221e+02
138 2761 6.311748e-01 2.314507e+01  2.075944286376106973e+01  2.242996340592138438e+01  9.929368603015670942e+02  9.970922136165015672e+02
139 2781 6.327265e-01 2.314571e+01  2.075944286376106973e+01  2.263557616043736687e+01  9.917573266926067390e+02  9.981512538915031882e+02
140 2801 6.349913e-01 2.315168e+01  2.075944286376106973e+01  2.227226518556851431e+01  9.866177755047908704e+02  9.982503440426137331e+02
141 2821 6.360968e-01 2.315008e+01  2.075944286376106973e+01  2.268468922361839191e+01  9.935650000000000546e+02  9.982450504820739070e+02
142 2841 6.383553e-01 2.315254e+01  2.075944286376106973e+01  2.267391452826030829e+01  2.507079646555537522e+01  9.984323693262169854e+02
143 2861 6.393106e-01 2.316223e+01  2.075944286376106973e+01  2.318358856680310964e+01  9.933779057788319733e+02  9.983086360935913035e+02
144 2881 6.383603e-01 2.316220e+01  2.075944286376106973e+01  2.281342584747654456e+01  9.941122177836346054e+02  9.982309088441307949e+02
145 2901 6.405390e-01 2.316317e+01  2.075944286376106973e+01  2.302570166572387222e+01  9.955650583706752741e+02  9.982921312081708720e+02
146 2921 6.406569e-01 2.316342e+01  2.075944286376106973e+01  2.149873263036484872e+01  2.444870208647751042e+01  9.982867484670823615e+02
147 2941 6.429507e-01 2.317016e+01  2.075944286376106973e+01  2.263127489240709167e+01  2.458370414109000990e+01  9.982805978346292477e+02
148 2961 6.445826e-01 2.317412e+01  2.075944286376106973e+01  2.206449255313630431e+01  9.951065710137932001e+02  9.982529715212411929e+02
149 2981 6.454160e-01 2.318136e+01  2.075944286376106973e+01  2.286278080030166038e+01  9.945301643983789290e+02  9.983701797960620752e+02
150 3001 6.506274e-01 2.318496e+01  2.075944286376106973e+01  2.296180208316447491e+01  9.923538466058873837e+02  9.982608681014099830e+02
151 3021 6.551229e-01 2.319471e+01  2.075944286376106973e+01  2.155211053919518704e+01  5.066001558729061003e+02  9.983285300736590671e+02
152 3041 6.598044e-01 2.320652e+01  2.075944286376106973e+01  2.294622048528660230e+01  9.958312362846692167e+02  9.982860115630979863e+02
153 3061 6.665304e-01 2.320913e+01  2.075944286376106973e+01  2.252202423936181575e+01  5.072225520016896212e+02  9.981416047179824318e+02
154 3081 6.712597e-01 2.321121e+01  2.075944286376106973e+01  2.329017223322236418e+01  9.942416773192298933e+02  9.982251120292988844e+02
155 3101 6.767378e-01 2.321124e+01  2.075944286376106973e+01  2.304593742628927799e+01  9.939272266274210779e+02  9.984602080642335977e+02
156 3121 6.861916e-01 2.321253e+01  2.075944286376106973e+01  2.247082999642701395e+01  9.900451765068704617e+02  9.977596963550943201e+02
157 3141 6.900095e-01 2.322169e+01  2.075944286376106973e+01  2.232728538751962333e+01  2.462507157041076056e+01  9.983368703337869192e+02
158 3161 6.912948e-01 2.322314e+01  2.075944286376106973e+01  2.250206720126820414e+01  9.882579037087764391e+02  9.979769736254374948e+02
159 3181 6.929116e-01 2.323862e+01  2.075944286376106973e+01  2.211117119144874721e+01  9.926603519086627330e+02  9.999925252566165454e+02
160 3201 6.944663e-01 2.323936e+01  2.075944286376106973e+01  2.220169295360039285e+01  5.067079599331142958e+02  9.982229095597487003e+02
161 3221 6.971180e-01 2.323972e+01  2.075944286376106973e+01  2.212889057767536372e+01  9.936303489750090421e+02  9.979076913521822689e+02
162 3241 7.020256e-01 2.324071e+01  2.075944286376106973e+01  2.251097768507259644e+01  9.949748783673189791e+02  9.982810841815064578e+02
163 3261 7.085694e-01 2.325204e+01  2.075944286376106973e+01  2.187647865923579360e+01  9.946919865962516951e+02  9.980399999999999636e+02
164 3281 7.156684e-01 2.325576e+01  2.075944286376106973e+01  2.222847347032907805e+01  9.961496616101537711e+02  9.983131639566549893e+02
165 3301 7.221848e-01 2.325844e+01  2.075944286376106973e+01  2.188027979089407893e+01  5.088968879165767589e+02  9.982567139170849941e+02
166 3321 7.250675e-01 2.328142e+01  2.075944286376106973e+01  2.098769040305860756e+01  9.948540467866936297e+02  9.984557098771692836e+02
167 3341 7.300822e-01 2.328110e+01  2.075944286376106973e+01  2.360855878199048519e+01  9.966183743126296122e+02  9.999908742163826219e+02
168 3361 7.350546e-01 2.328928e+01  2.075944286376106973e+01  2.307107405364557451e+01  9.944227834792720842e+02  9.999915545235137415e+02
169 3381 7.417307e-01 2.329506e+01  2.075944286376106973e+01  2.324455750203586035e+01  9.963979972136733068e+02  9.980756611496501591e+02
170 3401 7.448795e-01 2.330013e+01  2.075944286376106973e+01  2.206622469940898412e+01  9.954067358180918745e+02  9.980099999999999909e+02
171 3421 7.438572e-01 2.330101e+01  2.075944286376106973e+01  2.253332158169981270e+01  9.868053143989434375e+02  9.983279389607374696e+02
172 3441 7.438097e-01 2.329838e+01  2.075944286376106973e+01  2.235557317072309402e+01  9.960850000000000364e+02  9.982899999999999636e+02
173 3461 7.408959e-01 2.330688e+01  2.075944286376106973e+01  2.205455386655648198e+01  5.095636840696067225e+02  9.982575340226760545e+02
174 3481 7.385015e-01 2.330522e+01  2.075944286376106973e+01  2.181287320461135337e+01  5.093706307117928418e+02  9.982304771106479393e+02
175 3501 7.388440e-01 2.330608e+01  2.075944286376106973e+01  2.199104389502192447e+01  9.946093316156402580e+02  9.982114418986706141e+02
176 3521 7.344068e-01 2.332538e+01  2.075944286376106973e+01  2.261599682816206780e+01  9.953928682816936089e+02  9.983223399462218595e+02
177 3541 7.330708e-01 2.332584e+01  2.075944286376106973e+01  2.236064848433167285e+01  9.951234269393557952e+02  9.982699999999999818e+02
178 3561 7.308751e-01 2.332387e+01  2.075944286376106973e+01  2.249202341012902195e+01  9.947389679729798218e+02  9.983371887692867404e+02
179 3581 7.266327e-01 2.332299e+01  2.075944286376106973e+01  2.282230328418322785e+01  9.952365271888261304e+02  9.980981126354779462e+02
180 3601 7.242638e-01 2.332781e+01  2.075944286376106973e+01  2.202777499979451292e+01  9.966023158726809470e+02  9.981052736839806130e+02
181 3621 7.235849e-01 2.332722e+01  2.075944286376106973e+01  2.281366364763583476e+01  9.956853181060812403e+02  9.981027291984540852e+02
182 3641 7.219360e-01 2.333086e+01  2.075944286376106973e+01  2.137495617504608703e+01  9.923163427284600857e+02  9.981799999999999500e+02
183 3661 7.218476e-01 2.333115e+01  2.075944286376106973e+01  2.181349141299756766e+01  9.960883329470228773e+02  9.979773839270736744e+02
184 3681 7.273445e-01 2.333111e+01  2.075944286376106973e+01  2.200482186857540867e+01  9.966086345973544667e+02  9.977994972407150271e+02
185 3701 7.330683e-01 2.333991e+01  2.075944286376106973e+01  2.214691726971083696e+01  9.951297597741499885e+02  9.976825661362823894e+02
186 3721 7.364451e-01 2.333866e+01  2.075944286376106973e+01  2.264596700581779487e+01  9.955328698373820089e+02  9.982646060254201075e+02
187 3741 7.361275e-01 2.335308e+01  2.075944286376106973e+01  2.174804077549003978e+01  9.953111029058783288e+02  9.978615724260158686e+02
188 3761 7.383137e-01 2.335337e+01  2.075944286376106973e+01  2.290969471860001505e+01  9.950704133028295928e+02  9.980656288389167230e+02
189 3781 7.388892e-01 2.335917e+01  2.075944286376106973e+01  2.185716913711455334e+01  9.947482249540687462e+02  9.974320199533132154e+02
190 3801 7.380738e-01 2.335036e+01  2.075944286376106973e+01  2.241884604672789649e+01  9.963729567896432400e+02  9.982918697476609395e+02
191 3821 7.380122e-01 2.335570e+01  2.075944286376106973e+01  2.211385015149893718e+01  9.959757415856422540e+02  9.982473628014341784e+02
192 3841 7.396923e-01 2.335874e+01  2.075944286376106973e+01  2.172350178238601259e+01  9.952758465657977922e+02  9.982443385018267463e+02
193 3861 7.437688e-01 2.335753e+01  2.075944286376106973e+01  2.155477366628909053e+01  9.950553335701680453e+02  9.979638720520841844e+02
194 3881 7.452595e-01 2.337055e+01  2.075944286376106973e+01  2.181869708581164957e+01  9.957778342967296794e+02  9.982114588680786937e+02
195 3901 7.444027e-01 2.336937e+01  2.075944286376106973e+01  2.215888599113229418e+01  9.958781172700651041e+02  9.980672560663069817e+02
196 3921 7.393636e-01 2.337181e+01  2.075944286376106973e+01  2.122134029360928409e+01  9.949688070449967654e+02  9.980443481133457908e+02
197 3941 7.334658e-01 2.338601e+01  2.075944286376106973e+01  2.096475123258656481e+01  9.936590953574503828e+02  9.983025791320775397e+02
198 3961 7.292963e-01 2.339407e+01  2.075944286376106973e+01  2.197914792693667962e+01  9.966952364338671941e+02  9.982969046973265677e+02
199 3981 7.230651e-01 2.339215e+01  2.075944286376106973e+01  2.168404325426770285e+01  9.941708520577519721e+02  9.981721162940727936e+02
200 4001 7.159686e-01 2.338994e+01  2.075944286376106973e+01  2.142422939943706339e+01  9.961995214317257705e+02  9.982039152228445573e+02
201 4021 7.069453e-01 2.339319e+01  2.075944286376106973e+01  2.094196488645054188e+01  9.952853533133205701e+02  9.982389877035669770e+02
202 4041 6.965384e-01 2.339402e+01  2.075944286376106973e+01  2.105235875820547520e+01  9.931273656587027290e+02  9.982734804507763329e+02
203 4061 6.889921e-01 2.341260e+01  2.075944286376106973e+01  2.118457317287734298e+01  9.957353364775474347e+02  9.982593962142050259e+02
204 4081 6.822199e-01 2.341803e+01  2.075944286376106973e+01  2.296505572122806882e+01  9.965846348138759367e+02  9.984686632924641572e+02
205 4101 6.766745e-01 2.342330e+01  2.075944286376106973e+01  2.223404264022790855e+01  9.947632933189440791e+02  9.984361727413988774e+02
206 4121 6.729505e-01 2.342394e+01  2.075944286376106973e+01  2.157580174295424058e+01  9.945230375676783297e+02  9.982375394271811047e+02
207 4141 6.667764e-01 2.344044e+01  2.075944286376106973e+01  2.200115889196238328e+01  9.947410641026714302e+02  9.982107996420797917e+02
208 4161 6.627502e-01 2.344739e+01  2.075944286376106973e+01  2.262479577561249044e+01  9.954743343688890036e+02  9.983775206064700569e+02
209 4181 6.578169e-01 2.346664e+01  2.031464323234062874e+01  2.031464323234062874e+01  9.952739179579784832e+02  9.977742628181755435e+02
210 4201 6.544014e-01 2.346763e+01  2.031464323234062874e+01  2.254154091089466050e+01  9.955019918670834613e+02  9.977874340480592537e+02
211 4221 6.490606e-01 2.347022e+01  2.031464323234062874e+01  2.060253956765465588e+01  9.930051573466414538e+02  9.980499999999999545e+02
212 4241 6.483304e-01 2.346959e+01  2.031464323234062874e+01  2.133786314089599756e+01  9.932185942186376906e+02  9.983236254187315808e+02
213 4261 6.520758e-01 2.346824e+01  2.031464323234062874e+01  2.131191584410540685e+01  9.973683806330452626e+02  9.982513156306039264e+02
214 4281 6.553478e-01 2.347464e+01  2.031464323234062874e+01  2.187323899010799622e+01  9.942046104958491242e+02  9.983104990561287195e+02
215 4301 6.585723e-01 2.347766e+01  2.031464323234062874e+01  2.224143622048170243e+01  9.952228077550716989e+02  9.982111080157158085e+02
216 4321 6.636265e-01 2.348132e+01  2.031464323234062874e+01  2.200180497475920305e+01  9.949239298303373289e+02  9.981826054566282664e+02
217 4341 6.629287e-01 2.348787e+01  2.031464323234062874e+01  2.101743756976125610e+01  9.949325816452405888e+02  9.983764238702649436e+02
218 4361 6.631757e-01 2.349221e+01  2.031464323234062874e+01  2.083316664425753117e+01  9.938189558902133740e+02  9.981513650795582180e+02
219 4381 6.644214e-01 2.350210e+01  2.031464323234062874e+01  2.127177656092051805e+01  9.945523081490500772e+02  9.982951485433670769e+02
220 4401 6.641555e-01 2.350490e+01  2.031464323234062874e+01  2.173804482482258749e+01  9.937752033678218595e+02  9.979178246109360089e+02
221 4421 6.605155e-01 2.350443e+01  2.031464323234062874e+01  2.117552072717253253e+01  2.319568907794315038e+01  9.971937253602415012e+02
222 4441 6.585374e-01 2.349821e+01  2.031464323234062874e+01  2.064186286893565381e+01  9.922484209890534430e+02  9.980111558919828667e+02
223 4461 6.577145e-01 2.350092e+01  2.031464323234062874e+01  2.109508800367724390e+01  9.940309290762531873e+02  9.982745101891348440e+02
224 4481 6.570312e-01 2.350327e+01  2.031464323234062874e+01  2.140285177193100097e+01  9.932928738977042258e+02  9.977461675030490369e+02
225 4501 6.557673e-01 2.350559e+01  2.031464323234062874e+01  2.135883907106631341e+01  9.954698706408869384e+02  9.981217671614422215e+02
226 4521 6.572180e-01 2.351640e+01  2.031464323234062874e+01  2.117597771719733402e+01  5.101575508170169542e+02  9.982605019832254811e+02
227 4541 6.557815e-01 2.351547e+01  2.031464323234062874e+01  2.062988367947339796e+01  2.318083924556093223e+01  9.984754579840522410e+02
228 4561 6.549190e-01 2.352038e+01  2.031464323234062874e+01  2.070677123141509668e+01  9.941130232592684024e+02  9.985508154601637898e+02
229 4581 6.570252e-01 2.352489e+01  2.031464323234062874e+01  2.065213087161562555e+01  9.959496773921898694e+02  9.982505020786582008e+02
230 4601 6.595412e-01 2.352410e+01  2.029108719284873885e+01  2.029108719284873885e+01  9.949137039292753570e+02  9.982999999999999545e+02
231 4621 6.607514e-01 2.353090e+01  2.027453664879143957e+01  2.027453664879143957e+01  9.947751095413814255e+02  9.978887427250422206e+02
232 4641 6.619107e-01 2.353141e+01  2.027453664879143957e+01  2.069483761181925630e+01  9.933849097659930294e+02  9.979918342849041437e+02
233 4661 6.600009e-01 2.353083e+01  2.027453664879143957e+01  2.045841072585691833e+01  9.947579158637784076e+02  9.983683256515482753e+02
234 4681 6.583919e-01 2.352959e+01  2.013718291131326055e+01  2.013718291131326055e+01  9.933061927780458973e+02  9.982164877778207028e+02
235 4701 6.564564e-01 2.354074e+01  2.013718291131326055e+01  2.069397773857819800e+01  9.960769013139711205e+02  9.980732856595628846e+02
236 4721 6.554592e-01 2.354704e+01  2.013718291131326055e+01  2.118951091624006722e+01  2.258328858272867734e+01  9.977968638869466531e+02
237 4741 6.549450e-01 2.355372e+01  2.013718291131326055e+01  2.197028722847613835e+01  9.951795301689423923e+02  9.983444440322539322e+02
238 4761 6.502039e-01 2.356208e+01  1.980084277877364229e+01  1.980084277877364229e+01  9.951362640091258527e+02  9.982903587180987870e+02
239 4781 6.424225e-01 2.356356e+01  1.980084277877364229e+01  2.105180894009145476e+01  9.953130925644557010e+02  9.982928147032693005e+02
240 4801 6.358546e-01 2.356856e+01  1.980084277877364229e+01  2.098804675672398545e+01  9.953812848504328485e+02  9.985730796996716663e+02
241 4821 6.313029e-01 2.357088e+01  1.980084277877364229e+01  2.114716845503243547e+01  2.276521739520719123e+01  9.981480763535766982e+02
242 4841 6.258109e-01 2.357268e+01  1.980084277877364229e+01  2.083919806732999547e+01  9.921235749195708422e+02  9.988560521060476276e+02
243 4861 6.213039e-01 2.357138e+01  1.980084277877364229e+01  2.160672813715877538e+01  9.930603320059377666e+02  9.981258234868986392e+02
244 4881 6.155431e-01 2.357785e+01  1.980084277877364229e+01  2.052003635608601684e+01  2.259266810089039268e+01  9.975782799031816239e+02
245 4901 6.112097e-01 2.356833e+01  1.980084277877364229e+01  2.049895543348495153e+01  9.951064360976884018e+02  9.982663586263845446e+02
246 4921 6.072957e-01 2.357012e+01  1.980084277877364229e+01  2.073283057896950510e+01  9.894302826978780558e+02  9.984600000000000364e+02
247 4941 6.047276e-01 2.357221e+01  1.980084277877364229e+01  2.158001593586984157e+01  9.968067025590601133e+02  9.988960335238688231e+02
248 4961 6.017086e-01 2.357358e+01  1.980084277877364229e+01  2.050739943279187827e+01  9.929450723762543021e+02  9.982011181370028226e+02
249 4981 5.980129e-01 2.357246e+01  1.980084277877364229e+01  2.119340577121145230e+01  9.963065632048860607e+02  9.981797771176433116e+02
250 5001 5.952354e-01 2.357263e+01  1.980084277877364229e+01  2.136745571581251824e+01  9.955460966040471931e+02  9.988857235712636111e+02
251 5021 5.906983e-01 2.357340e+01  1.980084277877364229e+01  2.079159915846605955e+01  9.948504191676397568e+02  9.979338846889610295e+02
252 5041 5.881925e-01 2.358029e+01  1.980084277877364229e+01  2.138554723141813696e+01  9.943597303922358606e+02  9.982610273553507341e+02
253 5061 5.889697e-01 2.358220e+01  1.980084277877364229e+01  2.132705305322309997e+01  9.961993328138989909e+02  9.981167858512565090e+02
254 5081 5.931891e-01 2.357856e+01  1.980084277877364229e+01  2.032927332511563634e+01  9.951353649655605977e+02  9.982599999999999909e+02
255 5101 5.955140e-01 2.358179e+01  1.980084277877364229e+01  1.991596286480969269e+01  9.950108800067378070e+02  9.980529227192133703e+02
256 5121 5.957639e-01 2.359044e+01  1.980084277877364229e+01  2.032224524595691051e+01  9.915413821088861823e+02  9.982315107948971900e+02
257 5141 5.972215e-01 2.358916e+01  1.980084277877364229e+01  2.152885344205590457e+01  9.946634354349953355e+02  9.982318956606637812e+02
258 5161 6.000717e-01 2.359169e+01  1.980084277877364229e+01  2.091383852874822935e+01  9.928419468717045220e+02  9.982948442622733864e+02
259 5181 6.008863e-01 2.359193e+01  1.980084277877364229e+01  2.078079550450710755e+01  9.952142056658801721e+02  9.986029040461671684e+02
260 5201 6.016587e-01 2.359431e+01  1.980084277877364229e+01  2.073970915890653544e+01  9.933464756436810603e+02  9.981801476521497989e+02
261 5221 5.999524e-01 2.358393e+01  1.980084277877364229e+01  2.083112758652028162e+01  9.951014385191590463e+02  9.977112639871282909e+02
262 5241 6.003175e-01 2.357727e+01  1.980084277877364229e+01  2.088848885578206449e+01  2.279213346976644772e+01  9.977333033263423658e+02
263 5261 6.013575e-01 2.357584e+01  1.980084277877364229e+01  2.138430655115448431e+01  9.957824562267678630e+02  9.981804934767468467e+02
264 5281 5.994468e-01 2.358050e+01  1.980084277877364229e+01  2.178290014631128457e+01  9.958053713353762078e+02  9.977412922944324691e+02
265 5301 6.005743e-01 2.358418e+01  1.980084277877364229e+01  2.145164542572359068e+01  9.932190781805609276e+02  9.976020567381132196e+02
266 5321 5.989561e-01 2.359497e+01  1.980084277877364229e+01  2.044118901642663388e+01  9.961673684653126202e+02  9.982488636457778739e+02
267 5341 5.967942e-01 2.359488e+01  1.980084277877364229e+01  2.042255093703099078e+01  9.956090240293372062e+02  9.982549823297840703e+02
268 5361 5.945529e-01 2.360372e+01  1.980084277877364229e+01  1.996839560450498396e+01  9.951784648062221095e+02  9.982125136138946573e+02
269 5381 5.936714e-01 2.360652e+01  1.980084277877364229e+01  2.073861651748895341e+01  9.887553440478260427e+02  9.979633356687337482e+02
270 5401 5.951092e-01 2.361756e+01  1.980084277877364229e+01  2.034157896485680084e+01  9.934870049380889441e+02  9.983400000000000318e+02
271 5421 5.956655e-01 2.362336e+01  1.980084277877364229e+01  2.124939220773028836e+01  9.960826797848795877e+02  9.980841932425107643e+02
272 5441 5.951065e-01 2.362045e+01  1.980084277877364229e+01  2.086100532493695425e+01  9.883999937257135571e+02  9.978932837606256498e+02
273 5461 5.949588e-01 2.362183e+01  1.980084277877364229e+01  2.069118871638078616e+01  9.963755743783219714e+02  9.983322471812235790e+02
274 5481 5.936490e-01 2.363033e+01  1.980084277877364229e+01  2.084503357834344683e+01  9.951029256655192512e+02  9.979884867956275230e+02
275 5501 5.906947e-01 2.364041e+01  1.980084277877364229e+01  2.116775753206426458e+01  9.951682071315916573e+02  9.982960501954036090e+02
276 5521 5.908166e-01 2.364098e+01  1.980084277877364229e+01  2.072527307771634497e+01  9.952296486565967371e+02  9.982094281057021590e+02
277 5541 5.879644e-01 2.364673e+01  1.980084277877364229e+01  2.070854992504202130e+01  9.959910408173413998e+02  9.983506611923070295e+02
278 5561 5.874332e-01 2.365057e+01  1.980084277877364229e+01  2.198603708689548597e+01  9.936184484825525942e+02  9.979845612798948196e+02
279 5581 5.818528e-01 2.365550e+01  1.980084277877364229e+01  2.113052449620658280e+01  9.957727933803853375e+02  9.987831504678924830e+02
280 5601 5.764005e-01 2.365593e+01  1.980084277877364229e+01  2.166458215381668850e+01  9.892622105764746721e+02  9.981040879131362544e+02
281 5621 5.746912e-01 2.365838e+01  1.980084277877364229e+01  2.163685174410545287e+01  2.293053638036408515e+01  9.981774947580843218e+02
282 5641 5.734599e-01 2.365697e+01  1.980084277877364229e+01  2.117205172291732396e+01  2.291219734874216130e+01  9.985163088475060249e+02
283 5661 5.737395e-01 2.366030e+01  1.980084277877364229e+01  2.091180644079803130e+01  9.904201088194574822e+02  9.981669767583153998e+02
284 5681 5.722668e-01 2.366375e+01  1.980084277877364229e+01  2.084234059040801768e+01  5.053667818862774652e+02  9.971711979373886834e+02
285 5701 5.697005e-01 2.367600e+01  1.980084277877364229e+01  2.123485075065451255e+01  9.928553141727784350e+02  9.979271398171636065e+02
286 5721 5.679425e-01 2.368713e+01  1.980084277877364229e+01  2.042488014021347098e+01  9.938066373280398693e+02  9.975503594414490180e+02
287 5741 5.658732e-01 2.369022e+01  1.980084277877364229e+01  2.174068258399951148e+01  9.945414603442345651e+02  9.980791769285650616e+02
288 5761 5.646875e-01 2.368320e+01  1.980084277877364229e+01  2.166069871352009102e+01  9.909676234891928743e+02  9.981332172036568409e+02
289 5781 5.635665e-01 2.368495e+01  1.980084277877364229e+01  2.213020920344176545e+01  9.942997310830955939e+02  9.979568101595716598e+02
290 5801 5.645625e-01 2.368753e+01  1.980084277877364229e+01  2.009450473409316373e+01  5.075944296759866461e+02  9.984604147702863202e+02
291 5821 5.665151e-01 2.368541e+01  1.980084277877364229e+01  2.092227951787482354e+01  9.921802075607592997e+02  9.981571748410678993e+02
292 5841 5.689883e-01 2.368994e+01  1.980084277877364229e+01  2.155609024194446732e+01  9.943353879720032182e+02  9.982756702843719268e+02
293 5861 5.724778e-01 2.368923e+01  1.980084277877364229e+01  2.143097691924791803e+01  9.930641948134874610e+02  9.981873409034625411e+02
294 5881 5.738209e-01 2.368630e+01  1.980084277877364229e+01  2.162511790347079099e+01  9.942194581250167857e+02  9.982623059870956013e+02
295 5901 5.736379e-01 2.368489e+01  1.980084277877364229e+01  2.076730571295127703e+01  9.894101565564307066e+02  9.956144623261355946e+02
296 5921 5.746075e-01 2.369350e+01  1.980084277877364229e+01  2.005069841293186883e+01  9.940206655543094030e+02  9.980660652611667274e+02
297 5941 5.771238e-01 2.368989e+01  1.980084277877364229e+01  2.009571502224493145e+01  9.891761075449052214e+02  9.973102511196589148e+02
298 5961 5.767983e-01 2.369490e+01  1.980084277877364229e+01  2.008190085582997497e+01  9.937943716528209279e+02  9.980042855609848402e+02
299 5981 5.756226e-01 2.369897e+01  1.980084277877364229e+01  2.117209268250926257e+01  9.948492113487334336e+02  9.980953410375774411e+02
300 6001 5.730188e-01 2.369541e+01  1.980084277877364229e+01  2.038635554804702466e+01  5.043903405900854295e+02  9.981309425418058936e+02
301 6021 5.708763e-01 2.369882e+01  1.980084277877364229e+01  2.061038022913139756e+01  9.924065546178575232e+02  9.971131275728380388e+02
302 6041 5.717204e-01 2.370344e+01  1.980084277877364229e+01  2.073246035500380913e+01  9.905303914039277515e+02  9.974441387789929649e+02
303 6061 5.709519e-01 2.370943e+01  1.980084277877364229e+01  2.071741135924128940e+01  9.956742587203158337e+02  9.982812558414449313e+02
304 6081 5.690566e-01 2.371107e+01  1.980084277877364229e+01  2.178099633520525202e+01  9.946333379468680960e+02  9.979442805351084189e+02
305 6101 5.660365e-01 2.371432e+01  1.980084277877364229e+01  2.164880503747693297e+01  9.943965255603468449e+02  9.980399999999999636e+02
306 6121 5.647021e-01 2.370865e+01  1.965730277201772225e+01  1.965730277201772225e+01  9.947740581398809354e+02  9.980989461986305287e+02
307 6141 5.613686e-01 2.371604e+01  1.965730277201772225e+01  2.256684095234138709e+01  9.956075758260919883e+02  9.982064237376031315e+02
308 6161 5.574543e-01 2.371519e+01  1.965730277201772225e+01  2.111494823240536434e+01  9.952971730130668675e+02  9.982995285309199289e+02
309 6181 5.544661e-01 2.372129e+01  1.965730277201772225e+01  2.077527035920384790e+01  9.946811904821770440e+02  9.981493203685104163e+02
310 6201 5.519455e-01 2.373617e+01  1.965730277201772225e+01  2.049219657571417130e+01  2.271919537117414478e+01  9.977723758809208903e+02
311 6221 5.509494e-01 2.374327e+01  1.965730277201772225e+01  2.117338952114463524e+01  9.924694407569174928e+02  9.981699999999999591e+02
312 6241 5.488867e-01 2.375094e+01  1.965730277201772225e+01  2.069113657801294437e+01  2.261959494020470629e+01  9.980299999999999727e+02
313 6261 5.465141e-01 2.376201e+01  1.965730277201772225e+01  2.153717671288280755e+01  9.952236601386443908e+02  9.973529816871662206e+02
314 6281 5.494325e-01 2.377501e+01  1.965730277201772225e+01  2.048680480819307803e+01  9.857620094038579737e+02  9.967272138694222576e+02
315 6301 5.490032e-01 2.378797e+01  1.965730277201772225e+01  2.084635990152093044e+01  9.951577320271928784e+02  9.982344671110644185e+02
316 6321 5.474425e-01 2.380521e+01  1.965730277201772225e+01  2.185268138573529484e+01  9.948381966658073452e+02  9.981768215298504856e+02
317 6341 5.460385e-01 2.381470e+01  1.965730277201772225e+01  2.061966043608169130e+01  9.895594771041642161e+02  9.982569221680917053e+02
318 6361 5.468678e-01 2.382957e+01  1.965730277201772225e+01  2.164406621998359626e+01  9.942008717248615994e+02  9.977591236509620103e+02
319 6381 5.508001e-01 2.384173e+01  1.965730277201772225e+01  2.107412869977006054e+01  9.954850138079364115e+02  9.981116521047604238e+02
320 6401 5.486890e-01 2.385576e+01  1.965730277201772225e+01  2.155920204730868051e+01  5.082802220129838702e+02  9.982170545126394927e+02
321 6421 5.485969e-01 2.386313e+01  1.965730277201772225e+01  2.153810025942355821e+01  5.074878016280721909e+02  9.982424830419641921e+02
322 6441 5.501495e-01 2.387204e+01  1.965730277201772225e+01  1.984889898356889759e+01  5.064859200002844091e+02  9.971077365819129454e+02
323 6461 5.522580e-01 2.388051e+01  1.965730277201772225e+01  2.145947489097239114e+01  9.920888848674322844e+02  9.980606324849260318e+02
324 6481 5.535187e-01 2.390012e+01  1.965730277201772225e+01  2.135924181367333929e+01  2.300626077019828131e+01  9.973949997145801944e+02
325 6501 5.557840e-01 2.390537e+01  1.965730277201772225e+01  2.148881998676202443e+01  9.958303565401336073e+02  9.982807160954355368e+02
326 6521 5.577520e-01 2.391391e+01  1.965730277201772225e+01  2.184722566688916601e+01  9.953555557625757046e+02  9.981857077283726767e+02
327 6541 5.603578e-01 2.392854e+01  1.965730277201772225e+01  2.142896670969358297e+01  9.936420417475512750e+02  9.972961404070050548e+02
328 6561 5.620734e-01 2.393182e+01  1.965730277201772225e+01  2.064515634675127842e+01  9.937094527777620669e+02  9.984831258648288212e+02
329 6581 5.647580e-01 2.394494e+01  1.965730277201772225e+01  2.108054347672624829e+01  9.923615833148953698e+02  9.982799999999999727e+02
330 6601 5.669083e-01 2.395886e+01  1.965730277201772225e+01  2.049079683537295793e+01  9.901179315966005561e+02  9.981529544538576602e+02
331 6621 5.675916e-01 2.397107e+01  1.965730277201772225e+01  2.209136618777786509e+01  9.962796655735803597e+02  9.999907711541593471e+02
332 6641 5.699411e-01 2.396686e+01  1.965730277201772225e+01  2.067765594582439093e+01  9.951184773401505481e+02  9.999881351166865215e+02
333 6661 5.734142e-01 2.396682e+01  1.965730277201772225e+01  2.089493521512824259e+01  9.953337719565405450e+02  9.982409826428430506e+02
334 6681 5.768700e-01 2.397088e+01  1.965730277201772225e+01  2.173698813017769993e+01  9.945164759365873124e+02  9.982641322304051528e+02
335 6701 5.803169e-01 2.397153e+01  1.965730277201772225e+01  2.101721611891940000e+01  9.959706103861303745e+02  9.982177633536999792e+02
336 6721 5.834484e-01 2.397503e+01  1.965730277201772225e+01  2.121986343185394475e+01  9.962976256250071856e+02  9.981537811711070844e+02
337 6741 5.830750e-01 2.397746e+01  1.965730277201772225e+01  2.126584470717349973e+01  9.947037103210236637e+02  9.983244478344923891e+02
338 6761 5.816274e-01 2.398349e+01  1.965730277201772225e+01  2.090282683574438849e+01  9.945988111469250725e+02  9.981692714315087187e+02
339 6781 5.795667e-01 2.399383e+01  1.965730277201772225e+01  2.116620674820235237e+01  9.951231033253191072e+02  9.974624724688998185e+02
340 6801 5.766036e-01 2.401409e+01  1.965730277201772225e+01  2.231886141631423470e+01  9.952353056664223914e+02  9.982396376106048592e+02
341 6821 5.730286e-01 2.402075e+01  1.965730277201772225e+01  2.162589755225116761e+01  9.933924612084808814e+02  9.999889854110165288e+02
342 6841 5.674727e-01 2.402460e+01  1.965730277201772225e+01  2.073966082509710418e+01  9.933416084480568315e+02  9.978566685307046100e+02
343 6861 5.613225e-01 2.402049e+01  1.965730277201772225e+01  2.068972561986540626e+01  9.919120155797054394e+02  9.981651725360535465e+02
344 6881 5.549234e-01 2.403583e+01  1.965730277201772225e+01  2.030675135308569423e+01  9.954424105467890058e+02  9.973850941191096808e+02
345 6901 5.497580e-01 2.404522e+01  1.965730277201772225e+01  2.143377629444457000e+01  9.906896279157920162e+02  9.979335051222792572e+02
346 6921 5.447236e-01 2.405569e+01  1.965730277201772225e+01  2.168385981259661222e+01  9.938168731257019317e+02  9.984112515940945514e+02
347 6941 5.403202e-01 2.405696e+01  1.965730277201772225e+01  2.040842790702794929e+01  9.909934975943137943e+02  9.978247922584832850e+02
348 6961 5.343102e-01 2.405982e+01  1.965730277201772225e+01  2.118103070474498395e+01  9.891613512192061535e+02  9.973305074099941976e+02
349 6981 5.287912e-01 2.405897e+01  1.965730277201772225e+01  2.090086224248757674e+01  9.954046298588634727e+02  9.999909464494753593e+02
350 7001 5.232570e-01 2.406204e+01  1.965730277201772225e+01  2.105903561788000644e+01  2.280917636644431568e+01  9.973420628073248508e+02
351 7021 5.178018e-01 2.406852e+01  1.965730277201772225e+01  2.206017550541665528e+01  9.952030505468336514e+02  9.977034769405524912e+02
352 7041 5.118110e-01 2.406892e+01  1.965730277201772225e+01  2.054796764037699219e+01  2.215640812963800244e+01  9.982693552795279857e+02
353 7061 5.070402e-01 2.408385e+01  1.965730277201772225e+01  2.071458752984854357e+01  9.945748837018586528e+02  9.983200000000000500e+02
354 7081 5.035904e-01 2.407992e+01  1.965730277201772225e+01  2.064921162208545979e+01  9.939067094713705046e+02  9.979951044368150406e+02
355 7101 5.009066e-01 2.407920e+01  1.965730277201772225e+01  2.074818163113495117e+01  5.076539639010961764e+02  9.982044558029666632e+02
356 7121 4.981977e-01 2.408511e+01  1.965730277201772225e+01  2.122506797644559384e+01  9.926466347021132606e+02  9.983982344996504708e+02
357 7141 4.971462e-01 2.408908e+01  1.965730277201772225e+01  2.014875420409601148e+01  5.077446266546337483e+02  9.979232834559545608e+02
358 7161 4.964887e-01 2.408879e+01  1.965730277201772225e+01  2.086303453240094186e+01  9.928123923967664268e+02  9.973209747181298326e+02
359 7181 4.948743e-01 2.409599e+01  1.965730277201772225e+01  2.186209775303753844e+01  9.948025687781484976e+02  9.979646533012936516e+02
360 7201 4.923814e-01 2.410056e+01  1.965730277201772225e+01  2.168693701532144047e+01  2.300372575145832599e+01  9.982510819893507232e+02
361 7221 4.921265e-01 2.410116e+01  1.965730277201772225e+01  2.097625787120086471e+01  5.090762504598252463e+02  9.982675958664455038e+02
362 7241 4.911347e-01 2.411743e+01  1.965730277201772225e+01  2.079064291826515287e+01  2.339174082010540445e+01  9.986900000000000546e+02
363 7261 4.897890e-01 2.411113e+01  1.965730277201772225e+01  2.004293439443099345e+01  9.945252032375574345e+02  9.981377555451922490e+02
364 7281 4.903940e-01 2.412448e+01  1.965730277201772225e+01  2.035600590644138919e+01  9.950824684267713565e+02  9.981960654524123129e+02
365 7301 4.894977e-01 2.413400e+01  1.965730277201772225e+01  2.143187769922533903e+01  9.960955505977452731e+02  9.978548795872550272e+02
366 7321 4.853471e-01 2.414673e+01  1.965730277201772225e+01  2.094500340288673712e+01  5.065822493755387654e+02  9.982719788251273485e+02
367 7341 4.818268e-01 2.415747e+01  1.965730277201772225e+01  2.101266192581059400e+01  9.952389123799966910e+02  9.980305529471115733e+02
368 7361 4.788696e-01 2.416219e+01  1.965730277201772225e+01  2.122394543665823363e+01  9.938255646209892120e+02  9.981682714833131058e+02
369 7381 4.778999e-01 2.417378e+01  1.965730277201772225e+01  2.096509925425019105e+01  9.940146318438205526e+02  9.982277606042703155e+02
370 7401 4.786904e-01 2.417220e+01  1.965730277201772225e+01  2.053624141653688184e+01  9.950937492427574398e+02  9.981924370879348771e+02
371 7421 4.788644e-01 2.416740e+01  1.965730277201772225e+01  2.051897127153353040e+01  2.284182071894850452e+01  9.979056445826762456e+02
372 7441 4.798827e-01 2.417687e+01  1.965730277201772225e+01  2.099691326970749827e+01  2.256119598740463772e+01  9.967866331937500490e+02
373 7461 4.801175e-01 2.418637e+01  1.965730277201772225e+01  2.034090724571658271e+01  9.863366649314633605e+02  9.982637964864788955e+02
374 7481 4.793755e-01 2.418908e+01  1.965730277201772225e+01  2.012435585147270700e+01  9.958642724481421737e+02  9.984419687275560591e+02
375 7501 4.785335e-01 2.419542e+01  1.965730277201772225e+01  2.133189187166367873e+01  9.946918779899365290e+02  9.973873732826739342e+02
376 7521 4.767405e-01 2.419163e+01  1.965730277201772225e+01  2.074590552640733065e+01  9.944348088647827808e+02  9.977092168827315390e+02
377 7541 4.764152e-01 2.419623e+01  1.965730277201772225e+01  2.167324215665808751e+01  2.327459781050012211e+01  9.981974696867802095e+02
378 7561 4.763759e-01 2.419500e+01  1.965730277201772225e+01  2.123744271205068301e+01  9.950033593484824905e+02  9.980981159332010293e+02
379 7581 4.754537e-01 2.419683e+01  1.965730277201772225e+01  2.157491406202767337e+01  9.953098655537476134e+02  9.983480357720911798e+02
380 7601 4.741069e-01 2.419620e+01  1.965730277201772225e+01  2.132274078570316789e+01  5.054663661164664745e+02  9.978658321506391076e+02
381 7621 4.713011e-01 2.420066e+01  1.965730277201772225e+01  2.185990938751242041e+01  5.045000935222064413e+02  9.967912288524195219e+02
382 7641 4.715088e-01 2.421208e+01  1.965730277201772225e+01  2.165264576248743467e+01  9.944294363660960698e+02  9.979618826345266598e+02
383 7661 4.707393e-01 2.420775e+01  1.965730277201772225e+01  2.126363312759094626e+01  9.948117718437431449e+02  9.981813058592540528e+02
384 7681 4.718146e-01 2.421095e+01  1.965730277201772225e+01  2.086686799476800047e+01  2.261159368834337968e+01  9.982660366091662354e+02
385 7701 4.717025e-01 2.421285e+01  1.965730277201772225e+01  1.975197286395276919e+01  9.936722859213089123e+02  9.980212958130166498e+02
386 7721 4.724498e-01 2.421826e+01  1.965730277201772225e+01  2.137271552082591342e+01  9.945487599726934604e+02  9.982543487506535484e+02
387 7741 4.737114e-01 2.422138e+01  1.965730277201772225e+01  2.079531637435827207e+01  9.919140829759771805e+02  9.980811109622277399e+02
388 7761 4.735508e-01 2.422517e+01  1.965730277201772225e+01  2.139218152736729905e+01  9.919951941825991071e+02  9.976907299653287282e+02
389 7781 4.717507e-01 2.422111e+01  1.965730277201772225e+01  2.131696376090616241e+01  9.945953464391160423e+02  9.981754544203209889e+02
390 7801 4.681351e-01 2.422532e+01  1.965730277201772225e+01  2.031739360320860044e+01  9.953724590850765708e+02  9.983027917216350033e+02
391 7821 4.661097e-01 2.423574e+01  1.965730277201772225e+01  2.118349378022458041e+01  9.905283469714090643e+02  9.981060801829993352e+02
392 7841 4.637778e-01 2.424652e+01  1.965730277201772225e+01  2.057552900334445312e+01  9.933516981165516881e+02  9.977950771759582267e+02
393 7861 4.613563e-01 2.425700e+01  1.965730277201772225e+01  2.060434565512282035e+01  9.873988680817980139e+02  9.978585769515813126e+02
394 7881 4.569015e-01 2.427063e+01  1.965730277201772225e+01  2.146735334070744017e+01  9.946199814416921754e+02  9.979112023354458643e+02
395 7901 4.545687e-01 2.427246e+01  1.965730277201772225e+01  2.103897322537097736e+01  2.292759709217447650e+01  9.982014138484522618e+02
396 7921 4.528708e-01 2.427885e+01  1.965730277201772225e+01  2.103081300886898219e+01  9.886745094384266395e+02  9.970464878133949469e+02
397 7941 4.504906e-01 2.428311e+01  1.965730277201772225e+01  2.065849890639813680e+01  9.912527341849948925e+02  9.978994825877452968e+02
398 7961 4.474984e-01 2.428745e+01  1.965730277201772225e+01  2.108110886589498989e+01  9.941858482664451913e+02  9.981227128701090123e+02
399 7981 4.459249e-01 2.428715e+01  1.965730277201772225e+01  2.072321981028356674e+01  9.933785347492324718e+02  9.966788876866469309e+02
400 8001 4.447354e-01 2.429159e+01  1.965730277201772225e+01  2.010506623259377790e+01  9.932247671062280006e+02  9.980796496916412934e+02
401 8021 4.427167e-01 2.429510e+01  1.965730277201772225e+01  2.095227826617811218e+01  9.949133563599954186e+02  9.980308035380337515e+02
402 8041 4.422405e-01 2.429586e+01  1.965730277201772225e+01  2.080300031879076528e+01  9.922508314764925217e+02  9.975402903224892270e+02
403 8061 4.409821e-01 2.429679e+01  1.965730277201772225e+01  2.013487768181811433e+01  9.950237456724056528e+02  9.981135487768739267e+02
404 8081 4.375580e-01 2.429494e+01  1.965730277201772225e+01  2.072495234782244822e+01  9.951702201797077123e+02  9.981513517046627157e+02
405 8101 4.332242e-01 2.430609e+01  1.965730277201772225e+01  2.079894183710558764e+01  9.942456405124733010e+02  9.966504926665230641e+02
406 8121 4.297344e-01 2.430433e+01  1.965730277201772225e+01  2.049469380917093986e+01  9.893525718510140905e+02  9.980299999999999727e+02
407 8141 4.291328e-01 2.430988e+01  1.965730277201772225e+01  2.081761825699017621e+01  9.944424625557231820e+02  9.972172117724679765e+02
408 8161 4.278400e-01 2.431854e+01  1.965730277201772225e+01  2.096581810842989313e+01  9.945166388318725694e+02  9.974068214257854379e+02
409 8181 4.265291e-01 2.431707e+01  1.965730277201772225e+01  2.070686974341747444e+01  9.903817842573342887e+02  9.975921317708425704e+02
410 8201 4.254185e-01 2.432378e+01  1.965730277201772225e+01  2.053305386527193477e+01  2.199305620691531971e+01  9.974047306890705613e+02
411 8221 4.234625e-01 2.433315e+01  1.965730277201772225e+01  2.077758596171145200e+01  9.915569137405229867e+02  9.965997320866393920e+02
412 8241 4.226226e-01 2.432893e+01  1.965730277201772225e+01  2.054567199638436747e+01  9.941145154682327529e+02  9.982383359758225652e+02
413 8261 4.223235e-01 2.432635e+01  1.965730277201772225e+01  2.035840948609991585e+01  9.895935475760857116e+02  9.979447442749758466e+02
414 8281 4.215121e-01 2.433234e+01  1.965730277201772225e+01  2.021486752095173500e+01  9.947111313960917869e+02  9.975027658028334372e+02
415 8301 4.201361e-01 2.433836e+01  1.965730277201772225e+01  2.056024234538878304e+01  9.909820383324029081e+02  9.979285063094756651e+02
416 8321 4.190666e-01 2.433923e+01  1.965730277201772225e+01  2.073418844531760286e+01  9.877436171383845931e+02  9.964390469793028160e+02
417 8341 4.199381e-01 2.434289e+01  1.965730277201772225e+01  2.091797863591915174e+01  5.061423325200635190e+02  9.968652981123910877e+02
418 8361 4.192085e-01 2.435058e+01  1.965730277201772225e+01  2.106392328492174570e+01  9.901112878855273038e+02  9.982533813809603771e+02
419 8381 4.183657e-01 2.434946e+01  1.965730277201772225e+01  2.057377349731288163e+01  2.155158866379169069e+01  9.979996386361897294e+02
420 8401 4.173781e-01 2.434864e+01  1.965730277201772225e+01  2.092191200015760799e+01  5.053014328147697256e+02  9.959005249642214039e+02
421 8421 4.175816e-01 2.435395e+01  1.965730277201772225e+01  2.005663969180620398e+01  5.046847642767357343e+02  9.981784500511204214e+02
422 8441 4.179012e-01 2.436713e+01  1.965730277201772225e+01  2.060619347935281809e+01  5.084796931002380802e+02  9.975988446416043871e+02
423 8461 4.180532e-01 2.437007e+01  1.965730277201772225e+01  2.059394904550076788e+01  9.908932772804967044e+02  9.965900000000000318e+02
424 8481 4.178586e-01 2.436555e+01  1.965730277201772225e+01  2.052030353245227090e+01  5.043324064668904612e+02  9.980291962608666836e+02
425 8501 4.178920e-01 2.436685e+01  1.965730277201772225e+01  2.051626136714780557e+01  9.948916753649687053e+02  9.981252108463843342e+02
426 8521 4.156044e-01 2.437855e+01  1.965730277201772225e+01  2.135732036620757768e+01  9.945587004508620339e+02  9.976928151028162119e+02
427 8541 4.141922e-01 2.438337e+01  1.965730277201772225e+01  2.109599451588003660e+01  9.939483626738384601e+02  9.981935212131597837e+02
428 8561 4.137088e-01 2.438892e+01  1.965730277201772225e+01  2.123542635035305892e+01  9.935237962603323467e+02  9.981053476387922956e+02
429 8581 4.115949e-01 2.438859e+01  1.965730277201772225e+01  2.067770635669309698e+01  9.927911438538399125e+02  9.977434562176604231e+02
430 8601 4.090675e-01 2.438761e+01  1.965730277201772225e+01  2.068466164291534426e+01  9.908371163294527832e+02  9.977758190470731279e+02
431 8621 4.052202e-01 2.438945e+01  1.965730277201772225e+01  2.083431834440327179e+01  9.935059013659422362e+02  9.979500000000000455e+02
432 8641 4.005484e-01 2.439552e+01  1.965730277201772225e+01  2.110900032238090773e+01  9.938411120631299127e+02  9.981143142665275718e+02
433 8661 3.944211e-01 2.439895e+01  1.965730277201772225e+01  2.022753501124228848e+01  2.138234090676760957e+01  9.975519704782766439e+02
434 8681 3.889049e-01 2.439057e+01  1.965730277201772225e+01  2.065795712971183917e+01  9.878034540650560302e+02  9.981479897503539860e+02
435 8701 3.842257e-01 2.440166e+01  1.965730277201772225e+01  1.986903584049376903e+01  9.919579111939788163e+02  9.976474656918142045e+02
436 8721 3.801680e-01 2.440996e+01  1.965730277201772225e+01  1.972881957508522532e+01  9.902257758583793930e+02  9.980399999999999636e+02
437 8741 3.770855e-01 2.442489e+01  1.965730277201772225e+01  2.005897025256281552e+01  9.915706391186331530e+02  9.981101943268158720e+02
438 8761 3.756783e-01 2.443590e+01  1.965730277201772225e+01  2.033214099367089034e+01  2.134576611277104519e+01  9.976613260523085955e+02
439 8781 3.755305e-01 2.443968e+01  1.965730277201772225e+01  2.022304345587109253e+01  5.042599313463813928e+02  9.963951066649505037e+02
440 8801 3.748849e-01 2.443405e+01  1.965730277201772225e+01  2.013560177301591381e+01  2.159312818029013670e+01  9.981688954720000311e+02
441 8821 3.748082e-01 2.442183e+01  1.965730277201772225e+01  2.080131403180223515e+01  9.927011637082709967e+02  9.979940463953549852e+02
442 8841 3.754494e-01 2.442191e+01  1.965730277201772225e+01  2.047953708192564903e+01  2.201061544308101858e+01  9.979389328343469288e+02
443 8861 3.730507e-01 2.443396e+01  1.965730277201772225e+01  2.037201408159780414e+01  9.867987531376579682e+02  9.981392774919361273e+02
444 8881 3.715361e-01 2.443285e+01  1.965730277201772225e+01  2.016081785372368174e+01  2.198600656962214828e+01  9.968300000000000409e+02
445 8901 3.716208e-01 2.443268e+01  1.965730277201772225e+01  2.040812694054916676e+01  9.902419078007908411e+02  9.976808046780595305e+02
446 8921 3.728425e-01 2.443793e+01  1.965730277201772225e+01  2.034044988531500309e+01  2.171687348504065795e+01  9.973338426016628091e+02
447 8941 3.750744e-01 2.443742e+01  1.965730277201772225e+01  2.019533698346238282e+01  9.875372328799701336e+02  9.978797620725865727e+02
448 8961 3.771721e-01 2.443970e+01  1.952696190134737719e+01  1.952696190134737719e+01  2.155296333846373003e+01  9.976775804773217260e+02
449 8981 3.779387e-01 2.443889e+01  1.952696190134737719e+01  2.003262228068084738e+01  2.183163686195659281e+01  9.969927652649143965e+02
450 9001 3.788935e-01 2.444377e+01  1.952696190134737719e+01  2.055205357793213494e+01  9.920235303056044813e+02  9.973443795032693515e+02
451 9021 3.774282e-01 2.444868e+01  1.952696190134737719e+01  2.067084257448879470e+01  9.931676685937034108e+02  9.977100000000000364e+02
452 9041 3.760931e-01 2.443407e+01  1.952696190134737719e+01  2.083031812752950174e+01  2.217974260782563078e+01  9.987400000000000091e+02
453 9061 3.737275e-01 2.443606e+01  1.952696190134737719e+01  2.080214617379145636e+01  9.930492874817234679e+02  9.977432185668769762e+02
454 9081 3.714242e-01 2.444265e+01  1.952696190134737719e+01  2.008349928570246590e+01  5.062599324149700237e+02  9.963768355159012344e+02
455 9101 3.719181e-01 2.443495e+01  1.928389907162774719e+01  1.928389907162774719e+01  2.150569392359330578e+01  9.967810609490041998e+02
456 9121 3.712011e-01 2.443563e+01  1.928389907162774719e+01  1.975687829639028337e+01  9.937202639923002607e+02  9.985875747112122554e+02
457 9141 3.700261e-01 2.443256e+01  1.928389907162774719e+01  2.045448287063250348e+01  9.900660999500362323e+02  9.984500000000000455e+02
458 9161 3.683037e-01 2.443899e+01  1.928389907162774719e+01  1.997784764244468647e+01  5.068090324492524701e+02  9.977306787849855709e+02
459 9181 3.670721e-01 2.446972e+01  1.928389907162774719e+01  1.951508712832831449e+01  5.061867694979137582e+02  9.966343742647536601e+02
460 9201 3.656214e-01 2.447462e+01  1.928389907162774719e+01  2.004723787656268286e+01  9.905979255183602845e+02  9.976079178416119930e+02
461 9221 3.615341e-01 2.447941e+01  1.928389907162774719e+01  1.945036724570653774e+01  9.899137095158507691e+02  9.976997747475563756e+02
462 9241 3.591197e-01 2.447790e+01  1.928389907162774719e+01  1.948772923295020121e+01  9.895446248077645350e+02  9.979341958486988915e+02
463 9261 3.586923e-01 2.446933e+01  1.928389907162774719e+01  1.997616551580387068e+01  5.075239154791553347e+02  9.974400000000000546e+02
464 9281 3.582651e-01 2.446089e+01  1.928389907162774719e+01  1.949124696614188679e+01  2.168517478406475618e+01  9.981853818111569581e+02
465 9301 3.578531e-01 2.446668e+01  1.928389907162774719e+01  2.024947211691236504e+01  9.883437480930585934e+02  9.982893111912660515e+02
466 9321 3.583257e-01 2.447195e+01  1.928389907162774719e+01  1.975917159558747827e+01  9.911122559497994189e+02  9.982294280663705877e+02
467 9341 3.577049e-01 2.447675e+01  1.918123201453082771e+01  1.918123201453082771e+01  5.041880937631298707e+02  9.981928149583200138e+02
468 9361 3.582493e-01 2.447313e+01  1.918123201453082771e+01  1.919601554750527583e+01  9.922462961287052394e+02  9.988208225393980229e+02
469 9381 3.610156e-01 2.447212e+01  1.918123201453082771e+01  1.951924118516714302e+01  9.894463421242708137e+02  9.968380747904652708e+02
470 9401 3.633444e-01 2.446234e+01  1.918123201453082771e+01  2.013680188792935510e+01  9.956519000455512014e+02  9.979922830439353447e+02
471 9421 3.664855e-01 2.445708e+01  1.918123201453082771e+01  2.033682705664814705e+01  9.940848052175326757e+02  9.978615328691663535e+02
472 9441 3.685800e-01 2.445874e+01  1.918123201453082771e+01  1.979539730613020154e+01  9.892517400288930958e+02  9.967799999999999727e+02
473 9461 3.685317e-01 2.445547e+01  1.918123201453082771e+01  1.984564421222005137e+01  9.908819867400673047e+02  9.970384159925638414e+02
474 9481 3.689379e-01 2.445747e+01  1.918123201453082771e+01  1.994570751417897370e+01  2.213218913157976431e+01  9.978089291173167794e+02
475 9501 3.711087e-01 2.445956e+01  1.918123201453082771e+01  2.047870150327807792e+01  9.942293606505509160e+02  9.981883937217705807e+02
476 9521 3.725569e-01 2.445587e+01  1.918123201453082771e+01  2.030419083251912582e+01  5.051115392447296699e+02  9.979077663503472877e+02
477 9541 3.722445e-01 2.445428e+01  1.918123201453082771e+01  2.037712119238905828e+01  2.200710724155639042e+01  9.978009548695434887e+02
478 9561 3.714827e-01 2.445529e+01  1.918123201453082771e+01  1.948219919969833924e+01  9.947344701808051468e+02  9.981932928970463763e+02
479 9581 3.713451e-01 2.444950e+01  1.918123201453082771e+01  2.043557061046246304e+01  9.955554918012849157e+02  9.978607650678693517e+02
480 9601 3.713134e-01 2.444884e+01  1.918123201453082771e+01  2.134096803712289159e+01  9.948228722187252515e+02  9.979537266452417725e+02
481 9621 3.734029e-01 2.444477e+01  1.918123201453082771e+01  2.056993372790167740e+01  2.171980604500354772e+01  9.977784270360906476e+02
482 9641 3.735586e-01 2.445173e+01  1.918123201453082771e+01  2.050407805795893879e+01  9.938190730005139812e+02  9.967693702669779441e+02
483 9661 3.759870e-01 2.445387e+01  1.918123201453082771e+01  1.968571854745360739e+01  9.917821487799956230e+02  9.986590613870492916e+02
484 9681 3.790259e-01 2.445697e+01  1.918123201453082771e+01  2.019159675933938658e+01  9.945190634532432341e+02  9.975227046048717057e+02
485 9701 3.824738e-01 2.446921e+01  1.918123201453082771e+01  2.050565576515500155e+01  5.046249088848591100e+02  9.973776531149081848e+02
486 9721 3.860002e-01 2.446996e+01  1.918123201453082771e+01  2.019107689439272235e+01  5.037089049035027983e+02  9.960369039605698163e+02
487 9741 3.882852e-01 2.448008e+01  1.918123201453082771e+01  2.056313005035073971e+01  2.161303050349165034e+01  9.970346290055134659e+02
488 9761 3.890443e-01 2.448042e+01  1.918123201453082771e+01  1.977777283261213981e+01  5.066156791627718121e+02  9.974032039307547848e+02
489 9781 3.897108e-01 2.448738e+01  1.918123201453082771e+01  2.011023708058701231e+01  9.930001426057817753e+02  9.981870183180498088e+02
490 9801 3.894963e-01 2.448427e+01  1.918123201453082771e+01  1.977229722021417757e+01  5.053355423137639377e+02  9.969336076639547173e+02
491 9821 3.894185e-01 2.447963e+01  1.918123201453082771e+01  2.067755483989085263e+01  9.907247311200576405e+02  9.978364918712554754e+02
492 9841 3.869238e-01 2.447854e+01  1.918123201453082771e+01  1.960531094336715086e+01  5.054058302879597591e+02  9.965735673394557352e+02
493 9861 3.847624e-01 2.447765e+01  1.918123201453082771e+01  1.967673614617772770e+01  9.932817421433863956e+02  9.980398766001565036e+02
494 9881 3.828979e-01 2.447925e+01  1.911421913366292458e+01  1.911421913366292458e+01  2.142931539999969459e+01  9.982158890325620177e+02
495 9901 3.827416e-01 2.450572e+01  1.911421913366292458e+01  2.002248368997959460e+01  2.142617331585416451e+01  9.980167083203160701e+02
496 9921 3.823124e-01 2.451147e+01  1.911421913366292458e+01  2.016983332790668371e+01  9.875652340004576217e+02  9.984378327090845460e+02
497 9941 3.815940e-01 2.451758e+01  1.911421913366292458e+01  2.018364421091381189e+01  2.137775742545137803e+01  9.987929870620058637e+02
498 9961 3.801289e-01 2.452884e+01  1.911421913366292458e+01  1.921581347060032385e+01  9.891111497104659520e+02  9.980599999999999454e+02
499 9981 3.805782e-01 2.454920e+01  1.911421913366292458e+01  2.037677707903505109e+01  9.891312083322826538e+02  9.980985421162209832e+02
500 10001 3.814979e-01 2.456004e+01  1.911421913366292458e+01  1.958808832620409746e+01  2.191996020172961579e+01  9.988799999999999955e+02
501 10021 3.798647e-01 2.456254e+01  1.911421913366292458e+01  1.993544351103309964e+01  9.932718142825299310e+02  9.988657033337597113e+02
502 10041 3.784339e-01 2.456944e+01  1.911421913366292458e+01  2.041138098630928965e+01  5.039023197908442171e+02  9.969656023103759708e+02
503 10061 3.769256e-01 2.457096e+01  1.911421913366292458e+01  2.043285929472484952e+01  2.131871725776177584e+01  9.965126720761442130e+02
504 10081 3.747296e-01 2.457537e+01  1.911421913366292458e+01  1.969868983258583484e+01  2.183056738153107545e+01  9.981353525812072576e+02
505 10101 3.718032e-01 2.457336e+01  1.911421913366292458e+01  1.929707164032835465e+01  5.064021471007961281e+02  9.953845940038335129e+02
506 10121 3.686736e-01 2.456341e+01  1.911421913366292458e+01  2.052091512557145592e+01  2.162009395623231001e+01  9.975720253847309777e+02
507 10141 3.653977e-01 2.457115e+01  1.911421913366292458e+01  1.986417363815137094e+01  2.172419558664896044e+01  9.976836580298484023e+02
508 10161 3.637395e-01 2.457645e+01  1.911421913366292458e+01  1.973338832100145268e+01  9.887064249895290686e+02  9.980460563925913675e+02
509 10181 3.613515e-01 2.458284e+01  1.911421913366292458e+01  1.969783947910311994e+01  9.954182712788231129e+02  9.988753533631465871e+02
510 10201 3.585038e-01 2.457857e+01  1.911421913366292458e+01  1.923283975619579067e+01  9.892756322476072910e+02  9.980942315941011884e+02
511 10221 3.545105e-01 2.457800e+01  1.855941184656219178e+01  1.855941184656219178e+01  2.072634534176060583e+01  9.981184391430795131e+02
512 10241 3.528149e-01 2.457557e+01  1.855941184656219178e+01  1.893278402061496735e+01  5.029653960849533973e+02  9.959787094721788208e+02
513 10261 3.512427e-01 2.457491e+01  1.855941184656219178e+01  1.910111494197118631e+01  9.906184605177245430e+02  9.971145088820965157e+02
514 10281 3.507645e-01 2.458476e+01  1.855941184656219178e+01  1.925006686599372685e+01  9.864860232850317061e+02  9.989457566873114729e+02
515 10301 3.502219e-01 2.458427e+01  1.855941184656219178e+01  1.954018994323930869e+01  9.871847819995366535e+02  9.989275905940738767e+02
516 10321 3.499199e-01 2.458139e+01  1.855941184656219178e+01  1.987202343150266159e+01  9.916962276125693734e+02  9.987708657414220852e+02
517 10341 3.499249e-01 2.458923e+01  1.855941184656219178e+01  1.955024066362341983e+01  2.083137589961616243e+01  9.981113871285612049e+02
518 10361 3.483807e-01 2.458321e+01  1.855941184656219178e+01  1.939603825837841811e+01  5.034709896932334914e+02  9.982093813168105498e+02
519 10381 3.459831e-01 2.458473e+01  1.855941184656219178e+01  1.890590758993159426e+01  9.864815869054734776e+02  9.978126512897155180e+02
520 10401 3.433721e-01 2.458665e+01  1.855941184656219178e+01  1.908452801643433361e+01  5.071654031181836331e+02  9.981668952835402706e+02
521 10421 3.412212e-01 2.460093e+01  1.855941184656219178e+01  1.955384308899247259e+01  9.903003442937235832e+02  9.956200000000000045e+02
522 10441 3.399426e-01 2.460523e+01  1.855941184656219178e+01  1.946169585553692727e+01  9.899205310729923895e+02  9.981087788215764931e+02
523 10461 3.379965e-01 2.460046e+01  1.855941184656219178e+01  1.962918732569540126e+01  9.880644682193698145e+02  9.979194979448893719e+02
524 10481 3.365407e-01 2.460197e+01  1.855941184656219178e+01  1.974730527129461066e+01  9.870375030113743833e+02  9.980263143865543043e+02
525 10501 3.371970e-01 2.460738e+01  1.855941184656219178e+01  1.968641414755659014e+01  5.036614722461059159e+02  9.980979461642479009e+02
526 10521 3.376943e-01 2.461071e+01  1.855941184656219178e+01  1.916700737861201986e+01  2.066596633349121248e+01  9.981893037935750499e+02
527 10541 3.398414e-01 2.461348e+01  1.855941184656219178e+01  1.939093919039487091e+01  5.034054044440166535e+02  9.963523202105997143e+02
528 10561 3.408403e-01 2.463202e+01  1.855941184656219178e+01  1.986150373348508680e+01  2.136439218171431520e+01  9.973292288981607498e+02
529 10581 3.434685e-01 2.464109e+01  1.855941184656219178e+01  1.968019790435362992e+01  2.146307699742759212e+01  9.974785462347549583e+02
530 10601 3.466596e-01 2.464977e+01  1.855941184656219178e+01  2.003389926489176887e+01  2.125769011069976955e+01  9.954147035255184619e+02
531 10621 3.502847e-01 2.464449e+01  1.855941184656219178e+01  2.038844616827798717e+01  2.139726348565622871e+01  9.971329562723517483e+02
532 10641 3.538459e-01 2.464670e+01  1.855941184656219178e+01  2.022598365957462363e+01  2.190351255793983043e+01  9.979215954128528665e+02
533 10661 3.552597e-01 2.465460e+01  1.855941184656219178e+01  1.970187022276422439e+01  2.140871574910723041e+01  9.977278034041584078e+02
534 10681 3.571870e-01 2.465641e+01  1.855941184656219178e+01  1.933751689255525719e+01  2.116668033458574882e+01  9.974548565505948545e+02
535 10701 3.595574e-01 2.466662e+01  1.855941184656219178e+01  1.950633001235434349e+01  9.894565144286520990e+02  9.981948380349847412e+02
536 10721 3.617062e-01 2.467886e+01  1.855941184656219178e+01  2.009840060122144223e+01  9.869171490738162902e+02  9.976023957241669677e+02
537 10741 3.643856e-01 2.468279e+01  1.855941184656219178e+01  1.988911319821425749e+01  2.092266340096229627e+01  9.961475716939254426e+02
538 10761 3.653901e-01 2.469141e+01  1.855941184656219178e+01  1.967393783055160839e+01  9.877234194036823283e+02  9.978074995858889906e+02
539 10781 3.641269e-01 2.471770e+01  1.855941184656219178e+01  1.995619636797564667e+01  2.109437339547766044e+01  9.977865324653614607e+02
540 10801 3.625855e-01 2.472532e+01  1.855941184656219178e+01  1.923185477553620615e+01  9.897344957508560128e+02  9.976732145484501189e+02
541 10821 3.625830e-01 2.472611e+01  1.855941184656219178e+01  1.966994355870722444e+01  9.898696443226995143e+02  9.976837372573245375e+02
542 10841 3.623224e-01 2.472937e+01  1.855941184656219178e+01  1.952090839442376335e+01  9.915384025047842442e+02  9.978062072073827267e+02
543 10861 3.611385e-01 2.474655e+01  1.855941184656219178e+01  1.951238065950015255e+01  9.919636792822925599e+02  9.981254408643044371e+02
544 10881 3.596968e-01 2.476119e+01  1.855941184656219178e+01  1.963191108895080106e+01  2.136679015044003194e+01  9.981287458182654291e+02
545 10901 3.593747e-01 2.477916e+01  1.855941184656219178e+01  1.956587866353636329e+01  9.918472525657089136e+02  9.980634937251699057e+02
546 10921 3.576619e-01 2.478354e+01  1.855941184656219178e+01  1.967193158406157139e+01  9.896733709105568551e+02  9.983400000000000318e+02
547 10941 3.555896e-01 2.479879e+01  1.855941184656219178e+01  1.975505203099157114e+01  9.875010374288654020e+02  9.982614865369677091e+02
548 10961 3.548331e-01 2.479811e+01  1.855941184656219178e+01  1.994442998041799697e+01  2.122727659945658019e+01  9.973867598403160173e+02
549 10981 3.539794e-01 2.480578e+01  1.855941184656219178e+01  1.969276950927942949e+01  2.119627602853240944e+01  9.987792259113005002e+02
550 11001 3.525659e-01 2.481070e+01  1.855941184656219178e+01  1.908679847100664517e+01  2.074165830384342968e+01  9.989252510127371352e+02
551 11021 3.501969e-01 2.481047e+01  1.855941184656219178e+01  1.955281580348797377e+01  9.882703463797600989e+02  9.976000000000000227e+02
552 11041 3.493692e-01 2.482756e+01  1.855941184656219178e+01  1.949383741861315400e+01  9.916545070580566517e+02  9.980916288908988463e+02
553 11061 3.486809e-01 2.483551e+01  1.855941184656219178e+01  1.949479719739532868e+01  9.933061747476162964e+02  9.982571027866817985e+02
554 11081 3.484922e-01 2.483988e+01  1.855941184656219178e+01  1.972063989091684988e+01  9.892986056042627752e+02  9.987915074202966252e+02
555 11101 3.483484e-01 2.485893e+01  1.855941184656219178e+01  1.993235410012885467e+01  9.928512776152012975e+02  9.999902088671551610e+02
556 11121 3.469835e-01 2.486760e+01  1.855941184656219178e+01  1.908298971617103845e+01  2.302394314305031742e+01  9.987782527107281112e+02
557 11141 3.451910e-01 2.488492e+01  1.855941184656219178e+01  1.954771631647474806e+01  9.884520706616417556e+02  9.999911033913062965e+02
558 11161 3.427361e-01 2.490857e+01  1.855941184656219178e+01  1.974658198584961255e+01  9.907874696707432349e+02  9.981100000000000136e+02
559 11181 3.423009e-01 2.492334e+01  1.855941184656219178e+01  1.968122555723078193e+01  5.037080443203131495e+02  9.980888950704626268e+02
560 11201 3.419012e-01 2.494279e+01  1.855941184656219178e+01  1.950351574116615438e+01  2.104770274338369518e+01  9.980626324989145814e+02
561 11221 3.427088e-01 2.495674e+01  1.855941184656219178e+01  1.975444195085918153e+01  9.881401493397114564e+02  9.978801473787584655e+02
562 11241 3.426334e-01 2.497153e+01  1.855941184656219178e+01  1.913675843159968437e+01  9.911530872697223913e+02  9.978327899352169652e+02
563 11261 3.446066e-01 2.499410e+01  1.855941184656219178e+01  1.902331785626907745e+01  5.041154023011404774e+02  9.980510899646669714e+02
564 11281 3.470229e-01 2.500124e+01  1.855941184656219178e+01  1.969814343971414417e+01  9.863361854716954440e+02  9.982276464662828630e+02
565 11301 3.489852e-01 2.501994e+01  1.855941184656219178e+01  1.990353892063565766e+01  9.882909222386808779e+02  9.982633354562697150e+02
566 11321 3.496203e-01 2.502762e+01  1.855941184656219178e+01  2.000289091214192894e+01  9.930514397456008737e+02  9.982430362557130366e+02
567 11341 3.507093e-01 2.504053e+01  1.855941184656219178e+01  1.989158401151379962e+01  5.039029073809118131e+02  9.947444008018827617e+02
568 11361 3.522245e-01 2.505022e+01  1.855941184656219178e+01  2.017608346507826056e+01  9.908009459193224302e+02  9.981787799765087357e+02
569 11381 3.541440e-01 2.504947e+01  1.855941184656219178e+01  2.035189717700367851e+01  5.057034189646741424e+02  9.999891038097647424e+02
570 11401 3.554600e-01 2.506137e+01  1.855941184656219178e+01  2.056376555990093635e+01  9.892516175390395574e+02  9.975179933788208473e+02
571 11421 3.558401e-01 2.507295e+01  1.855941184656219178e+01  1.977203925117191829e+01  2.131353098464523299e+01  9.978215010972213577e+02
572 11441 3.576806e-01 2.508343e+01  1.855941184656219178e+01  1.985951898635245882e+01  9.883452869539373751e+02  9.987063046611085610e+02
573 11461 3.583406e-01 2.508896e+01  1.855941184656219178e+01  1.968476981543702919e+01  2.121838350452289745e+01  9.982062197446108485e+02
574 11481 3.577582e-01 2.510550e+01  1.855941184656219178e+01  1.992780959335956581e+01  9.932820270779228622e+02  9.978573529599693757e+02
575 11501 3.571403e-01 2.510905e+01  1.855941184656219178e+01  2.001187983176451368e+01  9.946200302509560061e+02  9.985307342348778548e+02
576 11521 3.567083e-01 2.510834e+01  1.855941184656219178e+01  1.984412694623057050e+01  9.895966600724718774e+02  9.979779587082177841e+02
577 11541 3.564670e-01 2.511428e+01  1.855941184656219178e+01  1.976387743178139189e+01  9.881803085590825049e+02  9.976593020884665748e+02
578 11561 3.561408e-01 2.512718e+01  1.855941184656219178e+01  1.996221771951432089e+01  9.937023860903490231e+02  9.976788618374371254e+02
579 11581 3.556943e-01 2.513317e+01  1.855941184656219178e+01  2.037837848195248114e+01  9.930194663640365889e+02  9.979855909729011501e+02
580 11601 3.567251e-01 2.514499e+01  1.855941184656219178e+01  2.010273050659356642e+01  2.098043227991986726e+01  9.981549423437086261e+02
581 11621 3.568124e-01 2.516735e+01  1.855941184656219178e+01  2.003046472030521130e+01  2.140678648064668010e+01  9.975483260901023641e+02
582 11641 3.569247e-01 2.516515e+01  1.855941184656219178e+01  1.951678005900874879e+01  9.910534300168540085e+02  9.976642519201654977e+02
583 11661 3.580880e-01 2.516922e+01  1.855941184656219178e+01  2.003511586992485860e+01  5.062896216089121140e+02  9.981031654073573236e+02
584 11681 3.577112e-01 2.518994e+01  1.855941184656219178e+01  1.977855164422597056e+01  2.148555380319121966e+01  9.982400000000000091e+02
585 11701 3.572299e-01 2.518263e+01  1.855941184656219178e+01  1.899355484214950707e+01  2.098558588679949821e+01  9.960114494850254232e+02
586 11721 3.572918e-01 2.518412e+01  1.855941184656219178e+01  1.965716071943024090e+01  9.908826532278055765e+02  9.999884417947376960e+02
587 11741 3.574799e-01 2.518652e+01  1.855941184656219178e+01  1.964654063223342106e+01  9.879134118966840106e+02  9.960734325777722233e+02
588 11761 3.569373e-01 2.518371e+01  1.855941184656219178e+01  1.952938477363239045e+01  2.168030956363235262e+01  9.981746803396719088e+02
589 11781 3.551638e-01 2.519440e+01  1.855941184656219178e+01  1.970966758896182824e+01  9.875574276130237195e+02  9.978876101120298472e+02
590 11801 3.542105e-01 2.521083e+01  1.855941184656219178e+01  1.986857078757029882e+01  5.035811019787026339e+02  9.980846027446530115e+02
591 11821 3.526305e-01 2.520757e+01  1.855941184656219178e+01  1.951668988794081727e+01  9.874995804359623435e+02  9.975990847067515688e+02
592 11841 3.502514e-01 2.523059e+01  1.855941184656219178e+01  1.977682753227443158e+01  2.083072333798572373e+01  9.980124338640813448e+02
593 11861 3.485466e-01 2.522227e+01  1.855941184656219178e+01  2.027150932514509307e+01  9.912879785118777818e+02  9.967010867405954286e+02
594 11881 3.478099e-01 2.522501e+01  1.855941184656219178e+01  1.977000139248688271e+01  2.095520898631095719e+01  9.967784168256283692e+02
595 11901 3.456680e-01 2.524110e+01  1.855941184656219178e+01  1.905153261201186865e+01  9.905330488574387573e+02  9.980902218852972965e+02
596 11921 3.442058e-01 2.524417e+01  1.855941184656219178e+01  1.969157504064424913e+01  9.930340992549479324e+02  9.975919715639440710e+02
597 11941 3.425156e-01 2.525034e+01  1.855941184656219178e+01  1.989040228302048874e+01  2.118219155701208933e+01  9.969753920836577663e+02
598 11961 3.404700e-01 2.525860e+01  1.855941184656219178e+01  2.010129732060113383e+01  2.111779470433531003e+01  9.963746764065126627e+02
599 11981 3.374447e-01 2.525354e+01  1.855941184656219178e+01  1.966403633009693053e+01  9.901924159662339662e+02  9.980728155473767629e+02
600 12001 3.342416e-01 2.524549e+01  1.855941184656219178e+01  1.982454595344039205e+01  5.076056247455596804e+02  9.981681298940898159e+02
