%  columns="iteration, evaluation, sigma, axis ratio, bestever, best, median, worst fitness function value, further objective values of best" (startseed=210010, 2017/08/1 18:53:3.11)
1 21 1.594475e+00 2.242050e+01  1.911658513953562455e+00  2.161877884633590874e+00  2.969129187478421805e+00  4.460834219403172263e+00
2 41 1.538286e+00 2.244001e+01  1.911658513953562455e+00  2.179522533989327382e+00  2.689719260543522061e+00  3.781175325018387046e+00
3 61 1.502159e+00 2.244575e+01  1.911658513953562455e+00  2.335335727578720100e+00  2.606276586484016278e+00  3.432027310836085032e+00
4 81 1.467180e+00 2.246984e+01  1.911658513953562455e+00  2.137338042516072179e+00  2.809105147778983014e+00  3.740997596600291963e+00
5 101 1.440338e+00 2.250076e+01  1.911658513953562455e+00  2.193434560564944569e+00  2.754294900772697563e+00  3.231662517919259958e+00
6 121 1.422194e+00 2.251869e+01  1.911658513953562455e+00  2.238641042016592753e+00  2.598800601484869244e+00  3.612936895405669535e+00
7 141 1.409265e+00 2.254094e+01  1.911658513953562455e+00  2.251149757298827492e+00  2.653107356892060675e+00  3.328832879978258497e+00
8 161 1.395837e+00 2.254480e+01  1.911658513953562455e+00  2.308155780417554759e+00  2.571732304546478609e+00  3.065814058123826680e+00
9 181 1.379184e+00 2.255014e+01  1.911658513953562455e+00  2.250212743780781288e+00  2.591588686362573224e+00  6.804570747600735103e+00
10 201 1.364524e+00 2.255035e+01  1.911658513953562455e+00  2.257288770990152571e+00  2.509699746274879573e+00  7.040825003558818018e+00
11 221 1.344657e+00 2.255647e+01  1.911658513953562455e+00  2.227927813605689700e+00  2.640130626186212304e+00  3.478773375160889803e+00
12 241 1.329035e+00 2.256590e+01  1.911658513953562455e+00  2.205861781707820768e+00  2.569787903837400300e+00  3.124516082724927646e+00
13 261 1.309850e+00 2.256784e+01  1.911658513953562455e+00  2.249090542739283549e+00  2.543883918189535187e+00  3.688802270436569497e+00
14 281 1.297051e+00 2.257757e+01  1.911658513953562455e+00  2.353254001871378787e+00  2.579303503556261923e+00  3.096791535792054795e+00
15 301 1.289311e+00 2.261853e+01  1.911658513953562455e+00  2.270384009423972671e+00  2.495271019055447681e+00  3.037863337017285392e+00
16 321 1.284891e+00 2.263050e+01  1.911658513953562455e+00  2.315285385013162944e+00  2.515008937648963716e+00  3.003309260040564865e+00
17 341 1.281570e+00 2.264121e+01  1.911658513953562455e+00  2.345812123563120188e+00  2.568553504476009053e+00  3.529044329605980579e+00
18 361 1.280382e+00 2.265552e+01  1.911658513953562455e+00  2.258095437835512254e+00  2.647198343529991060e+00  3.569994597351324295e+00
19 381 1.282924e+00 2.267912e+01  1.911658513953562455e+00  2.278564119530002596e+00  2.512063660146574229e+00  2.843517357824259406e+00
20 401 1.290608e+00 2.270315e+01  1.911658513953562455e+00  2.410517376418546132e+00  2.601502049498401359e+00  3.075089592767716873e+00
21 421 1.299427e+00 2.271807e+01  1.911658513953562455e+00  2.271863187914166637e+00  2.522109694574207417e+00  6.307173348789201661e+00
22 441 1.304976e+00 2.276163e+01  1.911658513953562455e+00  2.314894479239256064e+00  2.555719265645127969e+00  3.004098089437744701e+00
23 461 1.298702e+00 2.279023e+01  1.911658513953562455e+00  2.305066199974090235e+00  2.576394141525073955e+00  2.876530858697204263e+00
24 481 1.289620e+00 2.281532e+01  1.911658513953562455e+00  2.291840639234752786e+00  2.630397907127481449e+00  3.321728178592715519e+00
25 501 1.275391e+00 2.283940e+01  1.911658513953562455e+00  2.284478658156850805e+00  2.617829433209257317e+00  3.768451918756235752e+00
26 521 1.260639e+00 2.285779e+01  1.911658513953562455e+00  2.252213660894291536e+00  2.582484321407505501e+00  3.229154766687997835e+00
27 541 1.245665e+00 2.288080e+01  1.911658513953562455e+00  2.275750688830032065e+00  2.525727122588473428e+00  3.476712595286462371e+00
28 561 1.231017e+00 2.290971e+01  1.911658513953562455e+00  2.312370656174952188e+00  2.616182470104920110e+00  3.597480101768759209e+00
29 581 1.213760e+00 2.293066e+01  1.911658513953562455e+00  2.187874025298374381e+00  2.523394183575758731e+00  2.932568044764650050e+00
30 601 1.201477e+00 2.295214e+01  1.911658513953562455e+00  2.229712622170942460e+00  2.480506139983441827e+00  2.811041085100663306e+00
31 621 1.187304e+00 2.297067e+01  1.911658513953562455e+00  2.305404006633310132e+00  2.437995244750418067e+00  2.843536851591625503e+00
32 641 1.176574e+00 2.300924e+01  1.911658513953562455e+00  2.295560659300329487e+00  2.544653017621276714e+00  3.288364962945109049e+00
33 661 1.167384e+00 2.303927e+01  1.911658513953562455e+00  2.262895630828449800e+00  2.475418501189042608e+00  3.356752811736956943e+00
34 681 1.158947e+00 2.306377e+01  1.911658513953562455e+00  2.341139772892325333e+00  2.456336973234580778e+00  2.776303528554189270e+00
35 701 1.151198e+00 2.308126e+01  1.911658513953562455e+00  2.296968196884497715e+00  2.416912443672627475e+00  2.904697136108747912e+00
36 721 1.137189e+00 2.309751e+01  1.911658513953562455e+00  2.217341582695649294e+00  2.461853474601924052e+00  2.903751931286724819e+00
37 741 1.128829e+00 2.311937e+01  1.911658513953562455e+00  2.251220556492351754e+00  2.474771220077214728e+00  2.750527162507979462e+00
38 761 1.124828e+00 2.314666e+01  1.911658513953562455e+00  2.280809158819196991e+00  2.383832426711894215e+00  2.802016833168062604e+00
39 781 1.128873e+00 2.316418e+01  1.911658513953562455e+00  2.284733799446505564e+00  2.473477993347137360e+00  2.887764989660552395e+00
40 801 1.126717e+00 2.319571e+01  1.911658513953562455e+00  2.241152131613623144e+00  2.409259215123565667e+00  2.995615656643720648e+00
41 821 1.122681e+00 2.322172e+01  1.911658513953562455e+00  2.189097088073292063e+00  2.460721665720218887e+00  2.751839787700702811e+00
42 841 1.118674e+00 2.324103e+01  1.911658513953562455e+00  2.224929253121846084e+00  2.440050847669579248e+00  2.874060753929607248e+00
43 861 1.116137e+00 2.326012e+01  1.911658513953562455e+00  2.196657319591275304e+00  2.463280400773882217e+00  2.812263942048490062e+00
44 881 1.113584e+00 2.327854e+01  1.911658513953562455e+00  2.243723520673935212e+00  2.427148799548209279e+00  2.894407204941686462e+00
45 901 1.109760e+00 2.330068e+01  1.911658513953562455e+00  2.230154816971636311e+00  2.353079876705159279e+00  2.693304729137543596e+00
46 921 1.112455e+00 2.331896e+01  1.911658513953562455e+00  2.271807275246974012e+00  2.410176083373249512e+00  2.627770936573165628e+00
47 941 1.114955e+00 2.333794e+01  1.911658513953562455e+00  2.171247253809906574e+00  2.399499380017320771e+00  3.511324823727023148e+00
48 961 1.116860e+00 2.334681e+01  1.911658513953562455e+00  2.212022644335347010e+00  2.363832432991038068e+00  2.630880651754564870e+00
49 981 1.123277e+00 2.335997e+01  1.911658513953562455e+00  2.049568536145853770e+00  2.464988527475274971e+00  3.297961508657281549e+00
50 1001 1.133777e+00 2.336529e+01  1.911658513953562455e+00  2.145298316103508185e+00  2.294834861456795494e+00  3.059220873113498662e+00
51 1021 1.140564e+00 2.340002e+01  1.911658513953562455e+00  2.124027841583426390e+00  2.372254930577277321e+00  6.087902718212388820e+00
52 1041 1.139489e+00 2.342659e+01  1.911658513953562455e+00  2.172235453540293015e+00  2.333876363204730353e+00  2.735109679694359031e+00
53 1061 1.138274e+00 2.342846e+01  1.911658513953562455e+00  2.158397764327934620e+00  2.421633023649922833e+00  2.746519132978888500e+00
54 1081 1.134135e+00 2.344338e+01  1.911658513953562455e+00  2.174793882011877955e+00  2.331878173815091326e+00  6.220310517736332478e+00
55 1101 1.127184e+00 2.345019e+01  1.911658513953562455e+00  2.149996132595636489e+00  2.351323823998752616e+00  2.749723935060256252e+00
56 1121 1.123556e+00 2.344941e+01  1.911658513953562455e+00  2.162143017908280562e+00  2.250878362658760956e+00  2.924625718967440946e+00
57 1141 1.117467e+00 2.345547e+01  1.911658513953562455e+00  2.132951761800303991e+00  2.344468605997721333e+00  2.852032862235444277e+00
58 1161 1.114561e+00 2.346483e+01  1.911658513953562455e+00  2.035471139916167349e+00  2.389398162266100911e+00  2.661658769733845631e+00
59 1181 1.104659e+00 2.347693e+01  1.911658513953562455e+00  2.157446319353311992e+00  2.353604335075315745e+00  3.051285203381052913e+00
60 1201 1.096646e+00 2.350945e+01  1.911658513953562455e+00  2.138062460624919225e+00  2.523640064876423672e+00  2.691625668774696667e+00
61 1221 1.083736e+00 2.351651e+01  1.911658513953562455e+00  2.113588194434470324e+00  2.280193941943769786e+00  2.831742478081553660e+00
62 1241 1.077331e+00 2.351417e+01  1.911658513953562455e+00  2.134719822025507252e+00  2.293009561276929009e+00  2.889532369918688115e+00
63 1261 1.064940e+00 2.351333e+01  1.911658513953562455e+00  2.056696913846010499e+00  2.375982391793294735e+00  2.850555459228198973e+00
64 1281 1.052557e+00 2.350899e+01  1.911658513953562455e+00  2.146864454552976920e+00  2.309579384325354479e+00  2.973056213701193773e+00
65 1301 1.039941e+00 2.352215e+01  1.911658513953562455e+00  2.156508096164768240e+00  2.325614354328798150e+00  2.677669856953348582e+00
66 1321 1.027759e+00 2.352990e+01  1.911658513953562455e+00  2.177551607042144344e+00  2.400521097959591899e+00  2.797836887162548969e+00
67 1341 1.021662e+00 2.353178e+01  1.911658513953562455e+00  2.159468735217447311e+00  2.314156468595407912e+00  2.626735195657732280e+00
68 1361 1.017645e+00 2.353930e+01  1.911658513953562455e+00  2.175553674162332474e+00  2.338699919043158104e+00  2.818244217973406407e+00
69 1381 1.010365e+00 2.353975e+01  1.911658513953562455e+00  2.166936789287048803e+00  2.307942409036128240e+00  2.803809148625920233e+00
70 1401 1.004978e+00 2.354082e+01  1.911658513953562455e+00  2.118163862155569621e+00  2.319268889565091918e+00  2.805436020218509796e+00
71 1421 9.984915e-01 2.356182e+01  1.911658513953562455e+00  2.139048159520786641e+00  2.297087454689853203e+00  2.557431212275114163e+00
72 1441 9.890217e-01 2.356998e+01  1.911658513953562455e+00  2.122404402427437997e+00  2.341628290745382479e+00  3.125441228884649814e+00
73 1461 9.789100e-01 2.357806e+01  1.911658513953562455e+00  2.132010739313291214e+00  2.356597064041097145e+00  2.714222231811337593e+00
74 1481 9.689682e-01 2.358767e+01  1.911658513953562455e+00  2.198321628272677408e+00  2.351195606781236513e+00  2.785552661641195193e+00
75 1501 9.627840e-01 2.359762e+01  1.911658513953562455e+00  2.031956229934165137e+00  2.340609341659975584e+00  2.897087427008423255e+00
76 1521 9.581399e-01 2.362727e+01  1.911658513953562455e+00  2.119117425543859845e+00  2.275965187355279973e+00  2.950014341307851673e+00
77 1541 9.489126e-01 2.363407e+01  1.911658513953562455e+00  2.139591834326476594e+00  2.334747166657654915e+00  2.714195903195622872e+00
78 1561 9.390611e-01 2.364216e+01  1.911658513953562455e+00  2.012738979261813999e+00  2.353222245125286882e+00  2.958296656083747589e+00
79 1581 9.338192e-01 2.365846e+01  1.911658513953562455e+00  2.102162713801791760e+00  2.225349472371100479e+00  2.863195045312181719e+00
80 1601 9.285968e-01 2.366392e+01  1.911658513953562455e+00  2.063487802133441740e+00  2.221494218546463006e+00  2.460420495499282101e+00
81 1621 9.187928e-01 2.367528e+01  1.911658513953562455e+00  2.048272836971810396e+00  2.295757742533805157e+00  2.688889780143063568e+00
82 1641 9.098112e-01 2.368337e+01  1.911658513953562455e+00  2.088826076265364318e+00  2.238259375186380851e+00  2.484561545700315843e+00
83 1661 9.010476e-01 2.369541e+01  1.911658513953562455e+00  2.061121714351502821e+00  2.228394007450664294e+00  2.447145867782241524e+00
84 1681 8.902807e-01 2.370285e+01  1.911658513953562455e+00  2.069668885045586659e+00  2.234154432922690336e+00  2.560208602277680434e+00
85 1701 8.792237e-01 2.371747e+01  1.911658513953562455e+00  2.051894056564721236e+00  2.212355466861411379e+00  2.508465255890502732e+00
86 1721 8.726733e-01 2.373567e+01  1.911658513953562455e+00  2.057135378464433284e+00  2.243291065223655956e+00  3.211666608696938763e+00
87 1741 8.699919e-01 2.374085e+01  1.911658513953562455e+00  2.116896724839693711e+00  2.247150261423971340e+00  2.563826278260403324e+00
88 1761 8.629400e-01 2.374854e+01  1.911658513953562455e+00  2.074691488480838508e+00  2.241503911717702913e+00  2.761496575594569958e+00
89 1781 8.610491e-01 2.376656e+01  1.911658513953562455e+00  2.118928770611657963e+00  2.239355525173869932e+00  2.663503590734170867e+00
90 1801 8.594439e-01 2.378035e+01  1.911658513953562455e+00  2.110844163193449585e+00  2.344607866490670212e+00  2.683577216847993441e+00
91 1821 8.583362e-01 2.378271e+01  1.911658513953562455e+00  2.045278157187583545e+00  2.273877306925560671e+00  2.719924155892160300e+00
92 1841 8.535429e-01 2.378575e+01  1.911658513953562455e+00  2.073769059707069040e+00  2.319167919297403291e+00  2.739126450428705617e+00
93 1861 8.506255e-01 2.379004e+01  1.911658513953562455e+00  2.127540114954113104e+00  2.287003060900774987e+00  2.789240967863812148e+00
94 1881 8.486082e-01 2.379318e+01  1.911658513953562455e+00  2.091379634446682179e+00  2.284976403006976575e+00  2.653332498080954949e+00
95 1901 8.443757e-01 2.378733e+01  1.911658513953562455e+00  2.140565334882222892e+00  2.346698759231719222e+00  2.510641360642063002e+00
96 1921 8.350052e-01 2.379935e+01  1.911658513953562455e+00  2.061911726585014648e+00  2.312191387232986450e+00  2.668909361024241367e+00
97 1941 8.255103e-01 2.382288e+01  1.911658513953562455e+00  2.075523418570728307e+00  2.271331210027596192e+00  2.611485353321019609e+00
98 1961 8.160347e-01 2.383543e+01  1.911658513953562455e+00  2.134750364150957314e+00  2.269761250664340313e+00  2.717015027480969014e+00
99 1981 8.017445e-01 2.383868e+01  1.911658513953562455e+00  2.052702366762072295e+00  2.209705080609811301e+00  2.602213900179291883e+00
100 2001 7.889242e-01 2.385796e+01  1.911658513953562455e+00  2.018660233834638440e+00  2.146527056589015992e+00  2.697762453932418314e+00
101 2021 7.777497e-01 2.385786e+01  1.911658513953562455e+00  2.037279573821339618e+00  2.204720124786176960e+00  2.501703618593425382e+00
102 2041 7.691556e-01 2.387817e+01  1.911658513953562455e+00  2.096140161759194154e+00  2.187305429458028971e+00  2.564802737124046939e+00
103 2061 7.612443e-01 2.389051e+01  1.911658513953562455e+00  2.043318740510521092e+00  2.228563518485502826e+00  3.320090391851120870e+00
104 2081 7.554979e-01 2.389012e+01  1.911658513953562455e+00  2.021654183312161734e+00  2.255510477628844601e+00  2.362429804476485540e+00
105 2101 7.463912e-01 2.389979e+01  1.911658513953562455e+00  2.022296853956636831e+00  2.226987980502098896e+00  2.753864185302558276e+00
106 2121 7.391879e-01 2.390874e+01  1.911658513953562455e+00  2.057073114152484283e+00  2.257991981884493349e+00  2.461107272567174764e+00
107 2141 7.301428e-01 2.391135e+01  1.911658513953562455e+00  2.021536203251113939e+00  2.188973888476137830e+00  2.357359803365084883e+00
108 2161 7.181015e-01 2.392731e+01  1.911658513953562455e+00  2.064532272311732530e+00  2.138737607152635611e+00  2.443709287092201254e+00
109 2181 7.068034e-01 2.392536e+01  1.911658513953562455e+00  2.093073123500816646e+00  2.236794515353500046e+00  2.637284834088474916e+00
110 2201 6.948605e-01 2.392687e+01  1.911658513953562455e+00  2.095475129236639145e+00  2.224888978748047030e+00  2.289800451410043181e+00
111 2221 6.836674e-01 2.392941e+01  1.911658513953562455e+00  2.035127597951586598e+00  2.220747614314918739e+00  2.379370001078880303e+00
112 2241 6.718655e-01 2.393156e+01  1.911658513953562455e+00  2.049665966013967555e+00  2.181889316345837493e+00  2.387940652758542281e+00
113 2261 6.587820e-01 2.395867e+01  1.911658513953562455e+00  2.055820534349221518e+00  2.215960695974438455e+00  2.451905600447647604e+00
114 2281 6.514465e-01 2.396892e+01  1.911658513953562455e+00  2.040858637856178159e+00  2.178045757249864156e+00  2.382302477506307081e+00
115 2301 6.463261e-01 2.397944e+01  1.911658513953562455e+00  2.067983058773153360e+00  2.162481408778717196e+00  2.364805028135410048e+00
116 2321 6.413257e-01 2.398964e+01  1.911658513953562455e+00  2.051681135107777276e+00  2.154254596992918991e+00  2.259010445676929102e+00
117 2341 6.372959e-01 2.401817e+01  1.911658513953562455e+00  2.054263659341852843e+00  2.162602498740640034e+00  2.440070280171484640e+00
118 2361 6.307406e-01 2.402407e+01  1.911658513953562455e+00  2.068557576861633773e+00  2.139212446963687952e+00  2.337060760683729921e+00
119 2381 6.249714e-01 2.403911e+01  1.911658513953562455e+00  2.054094898428718619e+00  2.152483193852352095e+00  2.315710201482084951e+00
120 2401 6.199322e-01 2.404552e+01  1.911658513953562455e+00  2.056908960935682096e+00  2.160228002902157218e+00  2.263130636829404185e+00
121 2421 6.169123e-01 2.404229e+01  1.911658513953562455e+00  2.058463348435981999e+00  2.159011137619086806e+00  2.322701376679452867e+00
122 2441 6.170604e-01 2.405381e+01  1.911658513953562455e+00  2.039619171571336320e+00  2.138783484447821071e+00  2.562705525160968723e+00
123 2461 6.171106e-01 2.407718e+01  1.911658513953562455e+00  2.028221636792169935e+00  2.141139475948285131e+00  2.375781273227947299e+00
124 2481 6.170695e-01 2.408971e+01  1.911658513953562455e+00  2.040905344336334526e+00  2.118094917284423673e+00  5.049351562666084980e+00
125 2501 6.189869e-01 2.410632e+01  1.911658513953562455e+00  2.058229126046069890e+00  2.151635674765945527e+00  2.286673400642867726e+00
126 2521 6.190013e-01 2.411350e+01  1.911658513953562455e+00  2.093159411550503446e+00  2.180650331426831734e+00  2.523939884104331899e+00
127 2541 6.168892e-01 2.411828e+01  1.911658513953562455e+00  2.082329343001859012e+00  2.169357482997289033e+00  2.422211877548597236e+00
128 2561 6.144548e-01 2.413418e+01  1.911658513953562455e+00  2.038650837113966663e+00  2.186645946127852902e+00  2.448124648398630310e+00
129 2581 6.111114e-01 2.414588e+01  1.911658513953562455e+00  2.046918036584590705e+00  2.155956761416175205e+00  2.350229545273972764e+00
130 2601 6.045008e-01 2.415825e+01  1.911658513953562455e+00  2.058565988566329441e+00  2.189378991111406325e+00  3.460176302593361175e+00
131 2621 5.963963e-01 2.416548e+01  1.911658513953562455e+00  2.051610436851392105e+00  2.191540154102468829e+00  2.401235502563631385e+00
132 2641 5.876609e-01 2.417502e+01  1.911658513953562455e+00  2.001884035778935811e+00  2.202423477607808877e+00  2.342158483307422490e+00
133 2661 5.762251e-01 2.418604e+01  1.911658513953562455e+00  2.037699431641545988e+00  2.103177325768507799e+00  2.232403313409928813e+00
134 2681 5.667610e-01 2.420165e+01  1.911658513953562455e+00  2.050801383549467172e+00  2.099651200502351323e+00  2.363231781472248993e+00
135 2701 5.585506e-01 2.420455e+01  1.911658513953562455e+00  2.038213230680014032e+00  2.141426586307731306e+00  2.456502728747061770e+00
136 2721 5.549875e-01 2.421650e+01  1.911658513953562455e+00  2.023232914648941616e+00  2.147343996614549333e+00  2.450982773798849212e+00
137 2741 5.511851e-01 2.422343e+01  1.911658513953562455e+00  2.022601780777100622e+00  2.139737509460751586e+00  3.400205718940158661e+00
138 2761 5.524096e-01 2.423690e+01  1.911658513953562455e+00  2.028824614776471691e+00  2.083957914352621010e+00  2.258491264558103673e+00
139 2781 5.521314e-01 2.425546e+01  1.911658513953562455e+00  2.011003496429147663e+00  2.089858867603186177e+00  2.357274023619554626e+00
140 2801 5.530500e-01 2.426649e+01  1.911658513953562455e+00  2.042995553032450395e+00  2.132113963908188303e+00  3.492755676771751361e+00
141 2821 5.524627e-01 2.427957e+01  1.911658513953562455e+00  2.037069867078652674e+00  2.110163457850616098e+00  2.367094570806708376e+00
142 2841 5.513171e-01 2.427311e+01  1.911658513953562455e+00  2.028153318817718986e+00  2.119342916540922772e+00  2.191459067102043967e+00
143 2861 5.512935e-01 2.428734e+01  1.911658513953562455e+00  2.019234628615960148e+00  2.110950659131552332e+00  2.256607812011495628e+00
144 2881 5.527873e-01 2.430729e+01  1.911658513953562455e+00  2.003154526462906926e+00  2.093911000468172912e+00  2.704533246374835720e+00
145 2901 5.544037e-01 2.431744e+01  1.911658513953562455e+00  2.016479275450976605e+00  2.074851549037298959e+00  2.301197007762137314e+00
146 2921 5.539413e-01 2.432454e+01  1.911658513953562455e+00  2.018574400629086885e+00  2.115906529763251775e+00  2.257956995766203345e+00
147 2941 5.582727e-01 2.434042e+01  1.911658513953562455e+00  2.030593106346643584e+00  2.084525112887365417e+00  2.428392591092784158e+00
148 2961 5.609167e-01 2.434569e+01  1.911658513953562455e+00  1.976007904286433581e+00  2.098012389303045566e+00  2.544866162363125461e+00
149 2981 5.627521e-01 2.434481e+01  1.911658513953562455e+00  2.011191753543100980e+00  2.096988379032573846e+00  2.384099214138965639e+00
150 3001 5.630994e-01 2.435660e+01  1.911658513953562455e+00  2.002595757693287570e+00  2.122306483708348068e+00  2.325054289130017882e+00
151 3021 5.615439e-01 2.437477e+01  1.911658513953562455e+00  2.038325617782101418e+00  2.123514694315121965e+00  2.300908165691600171e+00
152 3041 5.611547e-01 2.437224e+01  1.911658513953562455e+00  2.006519484039498646e+00  2.146260126688783743e+00  2.367535182005687577e+00
153 3061 5.597040e-01 2.439410e+01  1.911658513953562455e+00  2.013232653895583368e+00  2.067798838753323043e+00  2.204125434951540452e+00
154 3081 5.580557e-01 2.439036e+01  1.911658513953562455e+00  2.018858791497869731e+00  2.101581676397111131e+00  2.246443113928446422e+00
155 3101 5.561665e-01 2.439137e+01  1.911658513953562455e+00  2.009862423190607039e+00  2.113755081381628820e+00  2.306160532378237704e+00
156 3121 5.587921e-01 2.440242e+01  1.911658513953562455e+00  2.026223753792497639e+00  2.116400709676939940e+00  2.309997952217417883e+00
157 3141 5.630076e-01 2.440799e+01  1.911658513953562455e+00  2.027786555036036553e+00  2.128298440071509479e+00  2.367929484676779328e+00
158 3161 5.603648e-01 2.440784e+01  1.911658513953562455e+00  1.987508301484337991e+00  2.095766091474014381e+00  2.378439906645761770e+00
159 3181 5.584063e-01 2.443091e+01  1.911658513953562455e+00  2.011281770807595404e+00  2.096393003780072206e+00  2.336681788898256062e+00
160 3201 5.583924e-01 2.443086e+01  1.911658513953562455e+00  2.020933359666942764e+00  2.122792768109273531e+00  2.374865594340464625e+00
161 3221 5.563942e-01 2.443467e+01  1.911658513953562455e+00  2.016334058272421625e+00  2.096903748439912007e+00  2.231680052150963878e+00
162 3241 5.574686e-01 2.446563e+01  1.911658513953562455e+00  2.017261956247080157e+00  2.087404689594666962e+00  2.423052788204706598e+00
163 3261 5.587865e-01 2.448123e+01  1.911658513953562455e+00  2.046471813876436396e+00  2.114672586846665592e+00  2.584748737546752384e+00
164 3281 5.597292e-01 2.449848e+01  1.911658513953562455e+00  2.029480247097960266e+00  2.112914949278708487e+00  2.327426866602973821e+00
165 3301 5.610977e-01 2.451783e+01  1.911658513953562455e+00  1.998740570922280080e+00  2.095887025197390230e+00  2.447587402904480847e+00
166 3321 5.606683e-01 2.453672e+01  1.911658513953562455e+00  2.018361116666196775e+00  2.126305111936026115e+00  2.311664773248274685e+00
167 3341 5.592698e-01 2.455090e+01  1.911658513953562455e+00  2.016448134542322634e+00  2.160297106833210190e+00  2.489234005547758422e+00
168 3361 5.580632e-01 2.456440e+01  1.911658513953562455e+00  1.982161541170264440e+00  2.068020152810779777e+00  2.226578985568391733e+00
169 3381 5.556376e-01 2.457629e+01  1.911658513953562455e+00  2.004648575057339954e+00  2.082648270617037056e+00  2.360768800458671990e+00
170 3401 5.532916e-01 2.458236e+01  1.911658513953562455e+00  2.019196645805755530e+00  2.053120654437751824e+00  2.361535926759553927e+00
171 3421 5.480718e-01 2.458546e+01  1.911658513953562455e+00  2.010418684316873872e+00  2.070938451158672144e+00  2.251472525014211801e+00
172 3441 5.443511e-01 2.459470e+01  1.911658513953562455e+00  2.019089984072540922e+00  2.065975775690147564e+00  2.181090383359293838e+00
173 3461 5.393207e-01 2.460397e+01  1.911658513953562455e+00  2.001050072579872996e+00  2.122716047382269267e+00  2.350759569834402818e+00
174 3481 5.347138e-01 2.460406e+01  1.911658513953562455e+00  2.011622448117330375e+00  2.070414252079018080e+00  2.185656788131561612e+00
175 3501 5.280242e-01 2.462542e+01  1.911658513953562455e+00  2.009905641535272292e+00  2.077935343074412966e+00  2.244794009390977507e+00
176 3521 5.227431e-01 2.464077e+01  1.911658513953562455e+00  1.966264880220625288e+00  2.050926154325780626e+00  2.293449052633978802e+00
177 3541 5.208488e-01 2.465275e+01  1.911658513953562455e+00  1.997902357456465161e+00  2.059703197701552746e+00  2.260055437227825870e+00
178 3561 5.197463e-01 2.466675e+01  1.911658513953562455e+00  2.016523031020896362e+00  2.088536657952307252e+00  2.193060497766690098e+00
179 3581 5.164012e-01 2.468035e+01  1.911658513953562455e+00  2.015150457452157262e+00  2.055281927089267491e+00  2.303201266421068372e+00
180 3601 5.139321e-01 2.470157e+01  1.911658513953562455e+00  2.006510778397815997e+00  2.090319027977708188e+00  2.393025256753016361e+00
181 3621 5.097226e-01 2.471193e+01  1.911658513953562455e+00  1.992155380841496237e+00  2.094028835363097141e+00  2.213860040198268653e+00
182 3641 5.062059e-01 2.472436e+01  1.911658513953562455e+00  2.014662484032559320e+00  2.063046781811908037e+00  2.145015301884254377e+00
183 3661 5.040530e-01 2.474290e+01  1.911658513953562455e+00  2.000551379736674296e+00  2.067283780304411067e+00  2.253807306269744792e+00
184 3681 4.997674e-01 2.474901e+01  1.911658513953562455e+00  1.993708957521253433e+00  2.056501209844531886e+00  2.191529169451462256e+00
185 3701 4.981218e-01 2.476842e+01  1.911658513953562455e+00  1.995911650462520726e+00  2.063464873666091215e+00  2.219018772777854309e+00
186 3721 4.941115e-01 2.477198e+01  1.911658513953562455e+00  1.999034265494643581e+00  2.042928481131150775e+00  2.301468826214111640e+00
187 3741 4.894039e-01 2.478574e+01  1.911658513953562455e+00  1.975272716001629236e+00  2.049819871579633190e+00  2.173405630397963417e+00
188 3761 4.863198e-01 2.478240e+01  1.911658513953562455e+00  1.988514908194458197e+00  2.039849380798757217e+00  2.120640390849818591e+00
189 3781 4.798379e-01 2.480303e+01  1.911658513953562455e+00  1.976706981083394155e+00  2.037859462569953539e+00  2.291732588307848317e+00
190 3801 4.745011e-01 2.482249e+01  1.911658513953562455e+00  1.997744002218788228e+00  2.051839992808532465e+00  2.162717088452955405e+00
191 3821 4.702433e-01 2.484493e+01  1.911658513953562455e+00  1.974247147502169453e+00  2.011433494088501028e+00  2.131848081949451856e+00
192 3841 4.683392e-01 2.484853e+01  1.911658513953562455e+00  1.980808600210512527e+00  2.053597678206073418e+00  2.218003158479954440e+00
193 3861 4.670383e-01 2.486513e+01  1.911658513953562455e+00  1.992356525949531942e+00  2.025712178916845740e+00  2.269142676639396949e+00
194 3881 4.653120e-01 2.487367e+01  1.911658513953562455e+00  1.981972259833930661e+00  2.057402757191102438e+00  2.315288507874746049e+00
195 3901 4.617748e-01 2.489344e+01  1.911658513953562455e+00  1.963125695964081485e+00  2.037579909127890776e+00  2.310648240067387338e+00
196 3921 4.558940e-01 2.491125e+01  1.911658513953562455e+00  1.978609861414566184e+00  2.004974478494843115e+00  2.221560301806615456e+00
197 3941 4.531183e-01 2.491050e+01  1.911658513953562455e+00  1.971217774683832635e+00  2.045342990025677654e+00  2.244918415752686247e+00
198 3961 4.489235e-01 2.491102e+01  1.911658513953562455e+00  1.969319152442157383e+00  2.069957092633192275e+00  2.192586587894568950e+00
199 3981 4.472028e-01 2.494199e+01  1.911658513953562455e+00  1.957907970452775537e+00  2.045707837876642454e+00  2.203986817098568363e+00
200 4001 4.455062e-01 2.495527e+01  1.911658513953562455e+00  1.978115667968879610e+00  2.044922349132360928e+00  2.125650054401694078e+00
201 4021 4.444190e-01 2.496850e+01  1.911658513953562455e+00  1.966722955332875333e+00  2.042957802003293466e+00  2.174507609928218343e+00
202 4041 4.417313e-01 2.498527e+01  1.911658513953562455e+00  1.980217295538495348e+00  2.029715515946501903e+00  2.214040634391112317e+00
203 4061 4.382067e-01 2.499237e+01  1.911658513953562455e+00  1.986864169643998146e+00  2.063129351152942714e+00  2.236054953114607002e+00
204 4081 4.391761e-01 2.501149e+01  1.911658513953562455e+00  1.973696264784415622e+00  2.020336066346027692e+00  2.145313532620201524e+00
205 4101 4.417228e-01 2.502092e+01  1.911658513953562455e+00  1.989035035365539716e+00  2.032993272760556192e+00  2.248539005876636132e+00
206 4121 4.419346e-01 2.502357e+01  1.911658513953562455e+00  1.983078161319494770e+00  2.062190404048243941e+00  2.139623977392445919e+00
207 4141 4.396007e-01 2.504481e+01  1.911658513953562455e+00  1.968633005330332031e+00  2.039284327092827809e+00  2.166191308823567141e+00
208 4161 4.354267e-01 2.505856e+01  1.911658513953562455e+00  1.978711668081528874e+00  2.032383643525419892e+00  2.268064490201315841e+00
209 4181 4.315844e-01 2.509071e+01  1.911658513953562455e+00  1.964813313034600162e+00  2.040624222698446566e+00  2.196104921582271441e+00
210 4201 4.260567e-01 2.510864e+01  1.911658513953562455e+00  1.983922602139379654e+00  2.053816262984886176e+00  2.254513562533994708e+00
211 4221 4.230234e-01 2.511268e+01  1.911658513953562455e+00  1.985379242962080903e+00  2.078542229886298998e+00  2.163991329366634631e+00
212 4241 4.201490e-01 2.512224e+01  1.911658513953562455e+00  1.969896758687001537e+00  2.036757525923950762e+00  2.116227657036384713e+00
213 4261 4.171001e-01 2.515586e+01  1.911658513953562455e+00  1.963679486223895765e+00  2.020915708689853041e+00  2.198292486935331524e+00
214 4281 4.142255e-01 2.517489e+01  1.911658513953562455e+00  1.973461312274409352e+00  2.028282439498753753e+00  2.199370735614190053e+00
215 4301 4.111921e-01 2.516972e+01  1.911658513953562455e+00  1.982103224069977410e+00  2.053764396593963149e+00  2.155903631331414161e+00
216 4321 4.082017e-01 2.518981e+01  1.911658513953562455e+00  1.960013156009920543e+00  2.039460758097385806e+00  2.322189314937769034e+00
217 4341 4.052948e-01 2.521210e+01  1.911658513953562455e+00  1.972816516079285432e+00  2.005108553606079091e+00  2.163114342878560414e+00
218 4361 4.058571e-01 2.521537e+01  1.911658513953562455e+00  1.966826983538654483e+00  2.016406176987274534e+00  2.259091439814396640e+00
219 4381 4.066297e-01 2.523177e+01  1.911658513953562455e+00  1.972822970232731343e+00  2.024173991288519936e+00  2.184066979293268762e+00
220 4401 4.058941e-01 2.525219e+01  1.911658513953562455e+00  1.979004425763886577e+00  2.023696359047333360e+00  2.145416613484606660e+00
221 4421 4.033826e-01 2.525840e+01  1.911658513953562455e+00  1.970801696397907365e+00  2.023234578783969173e+00  2.240452123219704994e+00
222 4441 4.023661e-01 2.526260e+01  1.911658513953562455e+00  1.968948140895324217e+00  2.027587898253532472e+00  2.195823104546518412e+00
223 4461 3.989659e-01 2.527473e+01  1.911658513953562455e+00  1.975805163931209085e+00  2.012391299459776128e+00  2.183128219185906271e+00
224 4481 3.956482e-01 2.528493e+01  1.911658513953562455e+00  1.949237648149181767e+00  2.008083213804827682e+00  2.172685397572253319e+00
225 4501 3.938406e-01 2.531410e+01  1.911658513953562455e+00  1.958058293414912221e+00  2.009284832611243132e+00  2.073015457605721590e+00
226 4521 3.912847e-01 2.532084e+01  1.911658513953562455e+00  1.953225970299476311e+00  1.999518325481388192e+00  2.083496280911535603e+00
227 4541 3.903320e-01 2.533308e+01  1.911658513953562455e+00  1.958283370460749850e+00  2.053688695898120642e+00  2.410630022591959687e+00
228 4561 3.896019e-01 2.533738e+01  1.911658513953562455e+00  1.971532790974774629e+00  2.022290892824370356e+00  2.091913270459732299e+00
229 4581 3.882255e-01 2.534396e+01  1.911658513953562455e+00  1.967775126211946946e+00  2.013891125307157637e+00  2.118819403758043229e+00
230 4601 3.882916e-01 2.534898e+01  1.911658513953562455e+00  1.959461506598482616e+00  2.007625183354519560e+00  2.113478309815659983e+00
231 4621 3.879975e-01 2.534639e+01  1.911658513953562455e+00  1.969852959088652877e+00  2.009546869208596043e+00  2.165543403922451926e+00
232 4641 3.881818e-01 2.535420e+01  1.911658513953562455e+00  1.957507315070847742e+00  1.997090378860430615e+00  2.122471999033242795e+00
233 4661 3.883059e-01 2.536256e+01  1.911658513953562455e+00  1.949172303115970228e+00  2.013292490317213357e+00  2.306335099126389565e+00
234 4681 3.885744e-01 2.538266e+01  1.911658513953562455e+00  1.968306043728504928e+00  2.016744706692889189e+00  3.274046305981256566e+00
235 4701 3.880137e-01 2.539651e+01  1.911658513953562455e+00  1.944840031194011720e+00  1.981725931585325506e+00  2.298137400214796511e+00
236 4721 3.862857e-01 2.540964e+01  1.911658513953562455e+00  1.973210898557692161e+00  2.011991457275753792e+00  2.217638335974271069e+00
237 4741 3.864966e-01 2.540888e+01  1.911658513953562455e+00  1.953527493462677622e+00  2.013411194488616385e+00  2.151818200040273688e+00
238 4761 3.848053e-01 2.541685e+01  1.911658513953562455e+00  1.959640861468477713e+00  2.000958700775479659e+00  2.204702444057768940e+00
239 4781 3.790349e-01 2.542153e+01  1.911658513953562455e+00  1.956057600345002756e+00  1.993208240002532161e+00  2.209983199177944613e+00
240 4801 3.740706e-01 2.542449e+01  1.911658513953562455e+00  1.966102743046258094e+00  1.992305226727385747e+00  2.119806462826206772e+00
241 4821 3.691530e-01 2.542681e+01  1.911658513953562455e+00  1.972066885770425104e+00  2.010739163256013207e+00  2.110834379098984304e+00
242 4841 3.656386e-01 2.542943e+01  1.911658513953562455e+00  1.969112653846608607e+00  2.020623284036126677e+00  2.240190502804789485e+00
243 4861 3.630477e-01 2.542258e+01  1.911658513953562455e+00  1.956878857231509006e+00  1.997348477866507821e+00  2.127105600496686844e+00
244 4881 3.601301e-01 2.542707e+01  1.911658513953562455e+00  1.943973090141955185e+00  1.995576655530966192e+00  2.093330320992218052e+00
245 4901 3.589298e-01 2.543161e+01  1.911658513953562455e+00  1.950390961746144569e+00  1.990391314078765461e+00  2.535566745161713431e+00
246 4921 3.572989e-01 2.543946e+01  1.911658513953562455e+00  1.953744498688387621e+00  1.990588570124555590e+00  2.068112241238111437e+00
247 4941 3.557412e-01 2.544342e+01  1.911658513953562455e+00  1.964802747814258899e+00  2.009285164044478211e+00  2.098106958261848565e+00
248 4961 3.521475e-01 2.544848e+01  1.911658513953562455e+00  1.953206053302886991e+00  2.008836646742339305e+00  2.083625240399973322e+00
249 4981 3.500739e-01 2.545940e+01  1.911658513953562455e+00  1.949431161174581151e+00  1.994288608695439224e+00  2.356242150166370397e+00
250 5001 3.491877e-01 2.547533e+01  1.911658513953562455e+00  1.954858357023828486e+00  1.987830967066858801e+00  2.117190010023950464e+00
251 5021 3.480061e-01 2.547209e+01  1.911658513953562455e+00  1.958857641748356748e+00  2.002996893038913484e+00  2.084676043178020244e+00
252 5041 3.470692e-01 2.549320e+01  1.911658513953562455e+00  1.954033714933613108e+00  2.021474960405774901e+00  2.109376186969460054e+00
253 5061 3.465429e-01 2.549885e+01  1.911658513953562455e+00  1.948369409901353766e+00  1.982977966352494459e+00  2.066883492666284461e+00
254 5081 3.465032e-01 2.552594e+01  1.911658513953562455e+00  1.936787614213115294e+00  1.992791839468031734e+00  2.052964313115859696e+00
255 5101 3.468463e-01 2.553291e+01  1.911658513953562455e+00  1.941515572616596241e+00  2.011373562866096698e+00  2.142172308208457387e+00
256 5121 3.465499e-01 2.553442e+01  1.911658513953562455e+00  1.951022894810836128e+00  1.992150517744349703e+00  2.156224220944114034e+00
257 5141 3.441410e-01 2.554284e+01  1.911658513953562455e+00  1.946125671679230118e+00  1.975035920586024396e+00  2.043069039415090771e+00
258 5161 3.422547e-01 2.555263e+01  1.911658513953562455e+00  1.947407835692669398e+00  1.974159455532358276e+00  2.186069924206953008e+00
259 5181 3.392604e-01 2.557021e+01  1.911658513953562455e+00  1.945778497668900320e+00  1.987955096232127739e+00  2.233129658819724916e+00
260 5201 3.364248e-01 2.559243e+01  1.911658513953562455e+00  1.951231488213360121e+00  1.979677494328296650e+00  2.088050029889009451e+00
261 5221 3.325172e-01 2.559590e+01  1.911658513953562455e+00  1.938980948555432793e+00  1.979701439750048308e+00  2.080162971081718659e+00
262 5241 3.276159e-01 2.559880e+01  1.911658513953562455e+00  1.950610086292020151e+00  1.986583686766155488e+00  2.562120537129348286e+00
263 5261 3.214655e-01 2.559217e+01  1.911658513953562455e+00  1.948270417385603137e+00  1.985733719421286070e+00  2.073134732906968480e+00
264 5281 3.149624e-01 2.559509e+01  1.911658513953562455e+00  1.948006209291349489e+00  1.993561233043398051e+00  2.080842690925645666e+00
265 5301 3.084002e-01 2.560210e+01  1.911658513953562455e+00  1.947654148363363147e+00  1.979061218163343350e+00  2.108369019601048500e+00
266 5321 3.027767e-01 2.561056e+01  1.911658513953562455e+00  1.943826170790614816e+00  1.974354880869553464e+00  2.025499715251008137e+00
267 5341 2.984817e-01 2.561697e+01  1.911658513953562455e+00  1.942703619843512142e+00  1.966988505649605035e+00  2.035767992195754772e+00
268 5361 2.972381e-01 2.561181e+01  1.911658513953562455e+00  1.960273074560399786e+00  1.981658236368792902e+00  2.114373814789602957e+00
269 5381 2.954684e-01 2.561304e+01  1.911658513953562455e+00  1.937216600033831782e+00  1.984154247328383969e+00  2.498829524966692528e+00
270 5401 2.943338e-01 2.563490e+01  1.911658513953562455e+00  1.948887418383028702e+00  1.971065972956282941e+00  2.013923933652626452e+00
271 5421 2.942319e-01 2.565051e+01  1.911658513953562455e+00  1.939620682577470667e+00  1.983267315978440637e+00  2.175716265588765186e+00
272 5441 2.932378e-01 2.567894e+01  1.911658513953562455e+00  1.942079816200196651e+00  1.973618359896347929e+00  2.037101454130141764e+00
273 5461 2.913640e-01 2.570801e+01  1.911658513953562455e+00  1.947544331076739743e+00  1.967058119512651304e+00  2.177008587536069406e+00
274 5481 2.903863e-01 2.572712e+01  1.911658513953562455e+00  1.950271863569167818e+00  1.985131137278861591e+00  2.083096560718318280e+00
275 5501 2.902569e-01 2.572614e+01  1.911658513953562455e+00  1.947648526041916073e+00  1.965754660112118302e+00  2.436263756158898008e+00
276 5521 2.900836e-01 2.572144e+01  1.911658513953562455e+00  1.939560855906636627e+00  1.975800301381618329e+00  2.166365456239227605e+00
277 5541 2.895556e-01 2.573209e+01  1.911658513953562455e+00  1.946623123495242691e+00  1.975595212181506799e+00  2.154246258033254868e+00
278 5561 2.903128e-01 2.573507e+01  1.911658513953562455e+00  1.947125851602054869e+00  1.966143049365823181e+00  2.011319267555144563e+00
279 5581 2.916504e-01 2.574740e+01  1.911658513953562455e+00  1.940684299714308780e+00  1.980580502244715380e+00  2.020478053388384154e+00
280 5601 2.919921e-01 2.575599e+01  1.911658513953562455e+00  1.946595869822882019e+00  1.987330138493987430e+00  2.129258921224109091e+00
281 5621 2.917898e-01 2.575724e+01  1.911658513953562455e+00  1.934659203842084674e+00  1.973966989072922562e+00  2.150523812436203830e+00
282 5641 2.902403e-01 2.576369e+01  1.911658513953562455e+00  1.933481617536768615e+00  1.966682287115092409e+00  2.035395005442250937e+00
283 5661 2.900085e-01 2.577096e+01  1.911658513953562455e+00  1.938138577957266406e+00  1.975633878626597006e+00  2.049527571338643384e+00
284 5681 2.900095e-01 2.577914e+01  1.911658513953562455e+00  1.939788106864084538e+00  1.959612582753673227e+00  2.135347740621356571e+00
285 5701 2.898414e-01 2.577746e+01  1.911658513953562455e+00  1.941389340823817200e+00  1.957926700784503371e+00  2.039584447402173595e+00
286 5721 2.897979e-01 2.577844e+01  1.911658513953562455e+00  1.943096250794329460e+00  1.974373350442258923e+00  2.464691872598266720e+00
287 5741 2.885363e-01 2.580576e+01  1.911658513953562455e+00  1.947277678476563967e+00  1.977076454834275410e+00  2.034084881105517439e+00
288 5761 2.881461e-01 2.580648e+01  1.911658513953562455e+00  1.936691886620292680e+00  1.972450191806926156e+00  2.047740352760093696e+00
289 5781 2.875457e-01 2.581113e+01  1.911658513953562455e+00  1.938364749164865897e+00  1.982347977536653705e+00  2.137659489349319042e+00
290 5801 2.865245e-01 2.581582e+01  1.911658513953562455e+00  1.946752851053879185e+00  1.970115275266238530e+00  2.021270822402937206e+00
291 5821 2.847288e-01 2.581606e+01  1.911658513953562455e+00  1.934813733597856800e+00  1.968998255803830144e+00  2.029238898183989726e+00
292 5841 2.836191e-01 2.586676e+01  1.911658513953562455e+00  1.943835413071394180e+00  1.971162030796541842e+00  2.044476937511406245e+00
293 5861 2.816450e-01 2.588812e+01  1.911658513953562455e+00  1.945399339944382300e+00  1.969924941551540298e+00  2.005994400871532246e+00
294 5881 2.788376e-01 2.590902e+01  1.911658513953562455e+00  1.942280259090163996e+00  1.968862420588439743e+00  1.998069886735891476e+00
295 5901 2.759641e-01 2.592099e+01  1.911658513953562455e+00  1.937698996148582431e+00  1.978386077468353932e+00  2.189672983754593627e+00
296 5921 2.727796e-01 2.594023e+01  1.911658513953562455e+00  1.938662499342616474e+00  1.955828745440701288e+00  2.044341550951408237e+00
297 5941 2.702742e-01 2.594618e+01  1.911658513953562455e+00  1.935674574606093490e+00  1.971083050455233021e+00  2.154591546794631274e+00
298 5961 2.673029e-01 2.596301e+01  1.911658513953562455e+00  1.936154533597507443e+00  1.972832751416720320e+00  2.122469153922050378e+00
299 5981 2.648734e-01 2.597188e+01  1.911658513953562455e+00  1.939287613065644234e+00  1.978079942939422908e+00  2.034460995778143211e+00
300 6001 2.634908e-01 2.598761e+01  1.911658513953562455e+00  1.940223639714286241e+00  1.956614652219020867e+00  2.122608928111871851e+00
