%  columns="iteration, evaluation, sigma, axis ratio, bestever, best, median, worst fitness function value, further objective values of best" (startseed=204915, 2018/07/12 0:6:6.15)
1 22 1.732676e+00 1.190104e+02  3.560300313925802485e+00  3.560300313925802485e+00  1.993060991198912461e+03  1.997732298653819726e+03
2 43 1.680339e+00 1.190428e+02  3.560300313925802485e+00  1.975832221830891740e+03  1.992624603178124516e+03  1.999338553843614136e+03
3 64 1.631029e+00 1.189952e+02  3.560300313925802485e+00  1.976173320984900101e+03  1.991306256654539538e+03  1.994688842970220549e+03
4 85 1.597694e+00 1.189545e+02  3.560300313925802485e+00  4.420993935502550265e+00  1.991814541674453267e+03  1.995272700231026874e+03
5 106 1.569502e+00 1.190165e+02  3.560300313925802485e+00  3.885726310663582428e+00  1.990293226416349171e+03  2.001733231897067526e+03
6 127 1.553885e+00 1.189519e+02  3.532157672195854303e+00  3.532157672195854303e+00  1.987816461756278841e+03  1.996345127777203061e+03
7 148 1.540950e+00 1.189202e+02  3.073937792618472553e+00  3.073937792618472553e+00  1.979279903458515719e+03  2.002371030688340852e+03
8 169 1.538014e+00 1.188821e+02  3.073937792618472553e+00  3.607302438170350456e+00  1.988414575456358762e+03  1.995289418017731123e+03
9 190 1.534116e+00 1.187761e+02  3.073937792618472553e+00  4.040290869337717083e+00  1.990605599431985638e+03  1.999419908320256354e+03
10 211 1.529953e+00 1.186718e+02  3.073937792618472553e+00  3.328450908363087990e+00  1.983918501266021394e+03  1.998071263030634100e+03
11 232 1.523478e+00 1.185821e+02  3.073937792618472553e+00  4.273212647927113750e+00  1.987817339079726025e+03  1.999318787051426398e+03
12 253 1.516041e+00 1.185678e+02  3.073937792618472553e+00  3.536794600814146872e+00  1.983971211586641175e+03  1.996299257454435292e+03
13 274 1.516014e+00 1.185312e+02  3.073937792618472553e+00  3.669856954419583150e+00  1.980277408253480644e+03  1.999357839742041051e+03
14 295 1.519957e+00 1.184755e+02  3.073937792618472553e+00  4.171754002589785237e+00  1.986127978495871503e+03  1.993576590795441462e+03
15 316 1.523745e+00 1.184788e+02  3.073937792618472553e+00  3.497214948590991579e+00  1.977896762958657746e+03  1.998287748029527620e+03
16 337 1.527632e+00 1.184718e+02  2.826104334794601325e+00  2.826104334794601325e+00  1.983846776051444976e+03  1.998120969139986073e+03
17 358 1.528855e+00 1.184091e+02  2.826104334794601325e+00  2.958982677328776845e+00  1.973374508340461034e+03  1.994608003442026984e+03
18 379 1.525385e+00 1.184573e+02  2.826104334794601325e+00  3.280415912277273804e+00  1.984452530196545467e+03  2.000227794441208289e+03
19 400 1.518330e+00 1.185106e+02  2.826104334794601325e+00  3.277857247780260774e+00  1.989595311302736036e+03  1.999463683616145318e+03
20 421 1.517566e+00 1.184812e+02  2.633296487654266382e+00  2.633296487654266382e+00  4.610970438527689730e+00  1.998391110889666606e+03
21 442 1.520799e+00 1.184278e+02  2.633296487654266382e+00  2.833761768724762042e+00  9.848421747262748340e+02  1.991998111248414261e+03
22 463 1.520150e+00 1.184045e+02  2.633296487654266382e+00  2.753164336305663706e+00  1.986180339418059702e+03  1.999336104386520446e+03
23 484 1.522358e+00 1.185095e+02  2.633296487654266382e+00  2.751930527971855334e+00  1.986896894257258282e+03  1.992754495190856005e+03
24 505 1.556088e+00 1.185181e+02  2.633296487654266382e+00  3.301338325606651303e+00  1.980132774385996981e+03  1.998211069123307198e+03
25 526 1.557471e+00 1.185253e+02  2.024051515324204686e+00  2.024051515324204686e+00  1.990418999849036709e+03  1.999656216444822121e+03
26 547 1.561540e+00 1.185392e+02  2.024051515324204686e+00  2.878955523962027474e+00  1.980627533766012220e+03  1.997036386767371823e+03
27 568 1.566663e+00 1.185656e+02  1.911807369914053201e+00  1.911807369914053201e+00  1.980507867069841268e+03  2.000340226414334666e+03
28 589 1.560202e+00 1.185720e+02  1.911807369914053201e+00  2.077847695784758919e+00  1.992520722419440517e+03  1.999501583476184123e+03
29 610 1.552956e+00 1.185425e+02  1.911807369914053201e+00  2.475382311472700714e+00  1.978992820129234133e+03  1.999251770895262098e+03
30 631 1.546957e+00 1.185208e+02  1.911807369914053201e+00  2.601210877356806783e+00  1.987329707221762419e+03  2.000708137760421323e+03
31 652 1.542962e+00 1.185143e+02  1.911807369914053201e+00  3.456760355723381029e+00  1.987885324699750981e+03  1.999458378760227561e+03
32 673 1.539929e+00 1.185376e+02  1.911807369914053201e+00  2.572871151413034685e+00  1.986396179542748087e+03  1.999369699046499363e+03
33 694 1.535003e+00 1.185426e+02  1.911807369914053201e+00  4.067732181666691815e+00  1.986773953999080049e+03  1.999399305786432024e+03
34 715 1.530201e+00 1.185942e+02  1.911807369914053201e+00  2.811348544393387883e+00  1.983660197321489704e+03  1.997791292600843917e+03
35 736 1.524739e+00 1.185893e+02  1.911807369914053201e+00  3.259765863311284484e+00  1.990001077386085399e+03  2.000101827644079549e+03
36 757 1.520239e+00 1.185628e+02  1.911807369914053201e+00  2.870963813732632985e+00  1.990750558735860977e+03  1.999510392671710179e+03
37 778 1.513590e+00 1.185240e+02  1.911807369914053201e+00  3.142513283146013414e+00  1.991043656641006010e+03  1.999188583189085875e+03
38 799 1.510306e+00 1.185246e+02  1.911807369914053201e+00  3.205915004465472506e+00  1.989216567471929238e+03  1.999469751767161370e+03
39 820 1.507034e+00 1.185344e+02  1.911807369914053201e+00  3.553533916222525679e+00  1.984497201528488858e+03  2.001885857686688496e+03
40 841 1.506941e+00 1.185170e+02  1.911807369914053201e+00  4.312962441078160403e+00  1.990014646267310127e+03  1.999431944905108367e+03
41 862 1.513619e+00 1.185450e+02  1.911807369914053201e+00  3.807730798314945986e+00  1.986051524037394756e+03  1.999374616034715018e+03
42 883 1.518033e+00 1.185823e+02  1.911807369914053201e+00  3.825046048898734341e+00  1.985662253969411040e+03  1.999648682279229888e+03
43 904 1.516514e+00 1.185872e+02  1.911807369914053201e+00  3.108946805330328189e+00  1.991758944919623900e+03  1.999626189272963757e+03
44 925 1.513546e+00 1.186029e+02  1.911807369914053201e+00  3.840544275270927344e+00  1.985624268984109221e+03  1.999374310750156837e+03
45 946 1.502944e+00 1.186441e+02  1.911807369914053201e+00  3.148384985488040577e+00  1.985120397801783838e+03  1.996069168135227756e+03
46 967 1.497480e+00 1.187411e+02  1.911807369914053201e+00  3.024360644334657344e+00  1.990035713620900879e+03  1.999722146676044304e+03
47 988 1.498771e+00 1.187750e+02  1.911807369914053201e+00  2.176597749094864476e+00  1.987471250739825564e+03  1.998434902689948558e+03
48 1009 1.501697e+00 1.188440e+02  1.911807369914053201e+00  3.013432560729888632e+00  1.987061133877604789e+03  1.998325378906008609e+03
49 1030 1.500122e+00 1.188873e+02  1.911807369914053201e+00  3.280194326712659869e+00  1.973226523788212489e+03  1.994524873694098233e+03
50 1051 1.500039e+00 1.190063e+02  1.911807369914053201e+00  2.261650969340057937e+00  1.983294993069070870e+03  1.996263581931593535e+03
51 1072 1.499600e+00 1.190526e+02  1.911807369914053201e+00  1.994252102506852919e+00  1.978486298304661887e+03  1.998460740387771921e+03
52 1093 1.496540e+00 1.191301e+02  1.868204123726674659e+00  1.868204123726674659e+00  1.979776926966037990e+03  1.996650485631667834e+03
53 1114 1.496333e+00 1.191288e+02  1.868204123726674659e+00  2.692603527174573408e+00  1.988740977993013075e+03  1.996883448687415239e+03
54 1135 1.497142e+00 1.190898e+02  1.868204123726674659e+00  2.182311928660052747e+00  1.979376503313170588e+03  1.992993490022248807e+03
55 1156 1.489570e+00 1.190934e+02  1.682792049935054601e+00  1.682792049935054601e+00  1.981975099097870952e+03  1.998365040934000717e+03
56 1177 1.475735e+00 1.191736e+02  1.682792049935054601e+00  1.747726017003277343e+00  1.985855069445997742e+03  1.996708171007241162e+03
57 1198 1.493278e+00 1.192743e+02  1.682792049935054601e+00  1.687500327706294101e+00  9.872556180104194254e+02  1.998805123328740365e+03
58 1219 1.479171e+00 1.192683e+02  1.682792049935054601e+00  2.301713069009566848e+00  1.990453295695402176e+03  1.995861303625589926e+03
59 1240 1.466405e+00 1.193206e+02  1.682792049935054601e+00  1.915623467803591273e+00  1.989707900979045007e+03  1.997045066220700619e+03
60 1261 1.448425e+00 1.193464e+02  1.682792049935054601e+00  2.160847216339453425e+00  1.980763775446405361e+03  1.996541711560917520e+03
61 1282 1.434254e+00 1.193926e+02  1.682792049935054601e+00  2.116469192865948035e+00  3.488641552724387473e+00  1.996498694824561881e+03
62 1303 1.424779e+00 1.193973e+02  1.682792049935054601e+00  2.011039161087763372e+00  1.982773266398807436e+03  1.996456414429777396e+03
63 1324 1.419269e+00 1.193118e+02  1.619781571981140367e+00  1.619781571981140367e+00  3.705649381111165930e+00  1.994954085127891403e+03
64 1345 1.414917e+00 1.193102e+02  1.619781571981140367e+00  2.167984542913626633e+00  9.933404175722489526e+02  1.994120342077140549e+03
65 1366 1.414363e+00 1.192948e+02  1.619781571981140367e+00  2.671734803328086105e+00  1.981520966759553403e+03  1.999268921446931927e+03
66 1387 1.414466e+00 1.192701e+02  1.619781571981140367e+00  2.469066520222543470e+00  1.989936697496782926e+03  1.999198224212646437e+03
67 1408 1.421966e+00 1.192983e+02  1.619781571981140367e+00  1.829793732137910967e+00  1.989432486912211061e+03  1.997447956739217034e+03
68 1429 1.424271e+00 1.193438e+02  1.579171259350962586e+00  1.579171259350962586e+00  3.488570221807518301e+00  1.993979608873673214e+03
69 1450 1.424992e+00 1.193177e+02  1.579171259350962586e+00  2.201945330986432747e+00  3.822325553734326142e+00  1.998498576504019638e+03
70 1471 1.425643e+00 1.193749e+02  1.579171259350962586e+00  2.321604518344188683e+00  1.987181544403214957e+03  1.997880268960218245e+03
71 1492 1.431318e+00 1.193730e+02  1.579171259350962586e+00  1.732970934478062164e+00  1.988331108620583109e+03  1.998575397240643952e+03
72 1513 1.433127e+00 1.194297e+02  1.579171259350962586e+00  2.206895118749667262e+00  1.989714313550362021e+03  1.997235466023404342e+03
73 1534 1.456954e+00 1.194856e+02  1.579171259350962586e+00  1.930570608001830779e+00  9.876031937505446194e+02  1.997429648202283261e+03
