%  columns="iteration, evaluation, sigma, axis ratio, bestever, best, median, worst fitness function value, further objective values of best" (startseed=209722, 2017/05/22 17:28:8.23)
1 21 5.334987e-01 5.600819e+01  1.249899444956660055e+01  1.249899444956660055e+01  1.092157112097516887e+02  1.082398856739855091e+03
2 41 5.149280e-01 5.602869e+01  1.223393185673042893e+01  1.223393185673042893e+01  1.089978287743807357e+02  1.937667857066445777e+03
3 61 5.000185e-01 5.600261e+01  1.223393185673042893e+01  1.227526716652276306e+01  1.266591975085852440e+01  1.953930594260317548e+03
4 81 4.909040e-01 5.603391e+01  1.207129550632311776e+01  1.207129550632311776e+01  2.055488124414896163e+02  1.084226633619918175e+03
5 101 4.858829e-01 5.604772e+01  1.188957062530545095e+01  1.188957062530545095e+01  1.228077476187666583e+01  9.782288898741139747e+02
6 121 4.831185e-01 5.607699e+01  1.173951048453136181e+01  1.173951048453136181e+01  1.206563819006157168e+01  1.941373816127912505e+03
7 141 4.796392e-01 5.608704e+01  1.173951048453136181e+01  1.174472951893789485e+01  1.090184483347587161e+02  1.947036715997758165e+03
8 161 4.757603e-01 5.609389e+01  1.161538962203962200e+01  1.161538962203962200e+01  1.209007653816175676e+01  1.076117694509588546e+03
9 181 4.727190e-01 5.608657e+01  1.161538962203962200e+01  1.166842468617726603e+01  2.078413265940250199e+02  1.943796710995043668e+03
10 201 4.747774e-01 5.605097e+01  1.161538962203962200e+01  1.166985508363882751e+01  5.944031127955943248e+02  1.962764640227067503e+03
11 221 4.750560e-01 5.606269e+01  1.155729486020362984e+01  1.155729486020362984e+01  1.199822829046508588e+01  1.081877090431947408e+03
12 241 4.756881e-01 5.607877e+01  1.142776094779892304e+01  1.142776094779892304e+01  2.081217402408763348e+02  1.955514549213498640e+03
13 261 4.772443e-01 5.615164e+01  1.139684486723376899e+01  1.139684486723376899e+01  1.170966473242767947e+01  1.097940255824734322e+03
14 281 4.815108e-01 5.617224e+01  1.129459674000777802e+01  1.129459674000777802e+01  1.083745011074156821e+02  1.944378614276515236e+03
15 301 4.862684e-01 5.620532e+01  1.125655223961169682e+01  1.125655223961169682e+01  1.151937937343775431e+01  1.077973891472536479e+03
16 321 4.900334e-01 5.621819e+01  1.098214494508114569e+01  1.098214494508114569e+01  1.146141668116755064e+01  1.934392500912502783e+03
17 341 4.936812e-01 5.625291e+01  1.098214494508114569e+01  1.109595908874247527e+01  1.110352951478253090e+02  1.943496894138200787e+03
18 361 4.971479e-01 5.625170e+01  1.093045986615108411e+01  1.093045986615108411e+01  1.126214270409875340e+01  1.947779453571428803e+03
19 381 5.017965e-01 5.624373e+01  1.086112599876373608e+01  1.086112599876373608e+01  2.058732724405219301e+02  1.087288068875112913e+03
20 401 5.051650e-01 5.625166e+01  1.078320881854465618e+01  1.078320881854465618e+01  2.066882668178105860e+02  1.961972385555867504e+03
21 421 5.082295e-01 5.623484e+01  1.078320881854465618e+01  1.089236944539828222e+01  1.087310838668927175e+02  1.081026928472866530e+03
22 441 5.111554e-01 5.623965e+01  1.053091480993844797e+01  1.053091480993844797e+01  9.765763780313029656e+02  1.944005656095602717e+03
23 461 5.135302e-01 5.628298e+01  1.026502628370385928e+01  1.026502628370385928e+01  1.098049786434942732e+01  1.938826799954153103e+03
24 481 5.169859e-01 5.630209e+01  1.026502628370385928e+01  1.050300676916465648e+01  9.778064908713224668e+02  1.943846571668974320e+03
25 501 5.222579e-01 5.630039e+01  1.026502628370385928e+01  1.042393584624360159e+01  2.229851835362272823e+02  1.954153672821971213e+03
26 521 5.257855e-01 5.630939e+01  1.026502628370385928e+01  1.069162582335008160e+01  1.076935227659745578e+03  1.956349861349837965e+03
27 541 5.299405e-01 5.630517e+01  1.026502628370385928e+01  1.028195716434010620e+01  9.751287987143496139e+02  1.083777985295885856e+03
28 561 5.370456e-01 5.629340e+01  1.022754840632053330e+01  1.022754840632053330e+01  6.011661302821685240e+02  1.943315258277959856e+03
29 581 5.439964e-01 5.633294e+01  1.022754840632053330e+01  1.041816084459552094e+01  2.147404861686835602e+02  1.943665996181773153e+03
30 601 5.522358e-01 5.635959e+01  1.018086622116210016e+01  1.018086622116210016e+01  2.069039997712727939e+02  1.084934766927012788e+03
31 621 5.614157e-01 5.642757e+01  9.875298360052468638e+00  9.875298360052468638e+00  9.767317261956816310e+02  1.091883418149911449e+03
32 641 5.722598e-01 5.642881e+01  9.505681116260097596e+00  9.505681116260097596e+00  2.068415487349252544e+02  1.985128610191439293e+03
33 661 5.836336e-01 5.643809e+01  9.353377068580597253e+00  9.353377068580597253e+00  1.079451086360975864e+02  1.086245786202337968e+03
34 681 5.950004e-01 5.641407e+01  9.136160524649676873e+00  9.136160524649676873e+00  2.066190916103209361e+02  1.934216728979472919e+03
35 701 6.025763e-01 5.644270e+01  9.136160524649676873e+00  9.232066501336371189e+00  6.425540313234596397e+02  1.963667776892457823e+03
36 721 6.096449e-01 5.648463e+01  8.843271348729009773e+00  8.843271348729009773e+00  9.790665620157884632e+02  1.953616175935565252e+03
37 741 6.177885e-01 5.649018e+01  8.704796476622201240e+00  8.704796476622201240e+00  4.938476959899521717e+02  1.981553100374295809e+03
38 761 6.246827e-01 5.653417e+01  8.338097909935882512e+00  8.338097909935882512e+00  6.002988279509945642e+02  1.955650872674191305e+03
39 781 6.302492e-01 5.658887e+01  8.338097909935882512e+00  8.653082570655634242e+00  9.831069259759851775e+02  1.956669738628893356e+03
40 801 6.388704e-01 5.661326e+01  8.338097909935882512e+00  8.523539100000448343e+00  9.825464323282708392e+02  1.956381920966179223e+03
41 821 6.448829e-01 5.665067e+01  8.338097909935882512e+00  8.393586463639717721e+00  1.028883470763489186e+03  1.951726719166696967e+03
42 841 6.487715e-01 5.667172e+01  8.338097909935882512e+00  8.393468040500042804e+00  2.226449248437617143e+02  1.960251448141631727e+03
43 861 6.520895e-01 5.667234e+01  8.338097909935882512e+00  8.525564646915910316e+00  1.030704145687590199e+03  1.957344345672073359e+03
44 881 6.562886e-01 5.666488e+01  8.338097909935882512e+00  8.344487516193204613e+00  5.910918013194429932e+02  1.960394560355148997e+03
45 901 6.599889e-01 5.668891e+01  8.145530028172579762e+00  8.145530028172579762e+00  9.763006215286459337e+02  1.958195262494426288e+03
46 921 6.623313e-01 5.667168e+01  8.145530028172579762e+00  8.198267054506498397e+00  8.819906702856460612e+00  1.956923493296979586e+03
47 941 6.651006e-01 5.668656e+01  7.957607931551311076e+00  7.957607931551311076e+00  1.087847435163192102e+02  1.966297211582079399e+03
48 961 6.676903e-01 5.669897e+01  7.918282199385252795e+00  7.918282199385252795e+00  8.549935003696955249e+00  1.945538723027422748e+03
49 981 6.681942e-01 5.671008e+01  7.481807118979193483e+00  7.481807118979193483e+00  1.077261374297334669e+03  1.959006791901029828e+03
50 1001 6.665851e-01 5.674212e+01  7.481807118979193483e+00  7.927592418799863871e+00  9.754554785550026281e+02  1.966700667773659006e+03
51 1021 6.635086e-01 5.674092e+01  7.481807118979193483e+00  7.543115470667578037e+00  2.064689535438820656e+02  1.949247219509443994e+03
52 1041 6.600414e-01 5.675756e+01  7.481807118979193483e+00  7.957735451040858443e+00  2.128016214620405435e+02  1.958796377608141484e+03
53 1061 6.541556e-01 5.675686e+01  7.481807118979193483e+00  7.975923577769790995e+00  9.832873249782867333e+02  1.962697117636886560e+03
54 1081 6.515264e-01 5.679247e+01  7.481807118979193483e+00  7.668874301001125993e+00  9.778721077170692979e+02  1.950969616230850079e+03
55 1101 6.483367e-01 5.680056e+01  7.481807118979193483e+00  7.735279243652033010e+00  9.778439855254825943e+02  1.942950433681048253e+03
56 1121 6.444590e-01 5.678754e+01  7.481807118979193483e+00  7.753373766451073124e+00  6.032475504009684073e+02  1.961691985912078280e+03
57 1141 6.409111e-01 5.678629e+01  7.481807118979193483e+00  7.646079968391113368e+00  9.825160044393098815e+02  1.092619088436342281e+03
58 1161 6.379475e-01 5.681079e+01  7.481807118979193483e+00  7.508914390323608856e+00  9.771864047473231949e+02  1.093487400053603551e+03
59 1181 6.366156e-01 5.681988e+01  7.481807118979193483e+00  7.859068307215600235e+00  1.028111489285481412e+03  1.966927652172462331e+03
60 1201 6.359467e-01 5.684119e+01  7.481807118979193483e+00  7.547153422204278428e+00  2.066897330362350544e+02  1.088410247383923888e+03
61 1221 6.331753e-01 5.686549e+01  7.481807118979193483e+00  7.742459601882286435e+00  5.973330135819783209e+02  1.955610033175730678e+03
62 1241 6.327731e-01 5.688244e+01  7.481807118979193483e+00  7.659218874860250992e+00  1.080404066022365441e+03  1.955214219590432776e+03
63 1261 6.311924e-01 5.692525e+01  7.481807118979193483e+00  7.575756344195137437e+00  1.027656702459408280e+03  1.954245932823685507e+03
64 1281 6.295557e-01 5.696999e+01  7.481807118979193483e+00  7.488574239385777709e+00  6.025012295398723836e+02  1.096550980819393317e+03
65 1301 6.273015e-01 5.700846e+01  7.359102923801783547e+00  7.359102923801783547e+00  1.078112527699760449e+03  1.954236558728126511e+03
66 1321 6.266950e-01 5.700545e+01  7.289163229658264243e+00  7.289163229658264243e+00  1.028888696788779725e+03  1.951430180167257731e+03
67 1341 6.278518e-01 5.699989e+01  7.289163229658264243e+00  7.459503207078236997e+00  1.026117341151969185e+03  1.946109360430983543e+03
68 1361 6.299848e-01 5.702786e+01  7.289163229658264243e+00  7.462608717121426594e+00  5.935382219179305139e+02  1.951483079291547710e+03
69 1381 6.320968e-01 5.705041e+01  7.174147452549918924e+00  7.174147452549918924e+00  2.113661534450672264e+02  1.948450227880994134e+03
70 1401 6.336434e-01 5.708915e+01  7.174147452549918924e+00  7.232989316927286083e+00  9.796773291157229551e+02  1.955282478351515010e+03
71 1421 6.341026e-01 5.709176e+01  7.174147452549918924e+00  7.374110715020679052e+00  9.794975783297641101e+02  1.949670846467974343e+03
72 1441 6.331823e-01 5.709997e+01  7.164942664225446123e+00  7.164942664225446123e+00  9.775727899926122291e+02  1.953485710328086270e+03
73 1461 6.325393e-01 5.709905e+01  7.164942664225446123e+00  7.239854323860573260e+00  1.076262316689248337e+03  1.960158964874077355e+03
74 1481 6.292906e-01 5.710132e+01  7.164942664225446123e+00  7.281457079025966728e+00  1.085298220382377622e+03  1.966430391348456624e+03
75 1501 6.271588e-01 5.714034e+01  7.164942664225446123e+00  7.180259496711511424e+00  2.075173196077567184e+02  1.931407895000523695e+03
76 1521 6.245781e-01 5.712336e+01  7.164942664225446123e+00  7.376413906988902092e+00  2.067136738415687489e+02  1.957210776589292436e+03
77 1541 6.196651e-01 5.712681e+01  7.164942664225446123e+00  7.261862246835980805e+00  9.779683617467935619e+02  1.939817750004322534e+03
78 1561 6.151127e-01 5.712112e+01  7.164942664225446123e+00  7.205809275359499111e+00  9.768322305212004721e+02  1.092427441881155801e+03
79 1581 6.115413e-01 5.710128e+01  7.164942664225446123e+00  7.281666980161008773e+00  9.798461482365729580e+02  1.107732614338208577e+03
80 1601 6.088821e-01 5.711685e+01  7.164942664225446123e+00  7.398970950383484180e+00  5.962482616616626956e+02  1.947428442366700892e+03
81 1621 6.066182e-01 5.711297e+01  7.164942664225446123e+00  7.217698181523173773e+00  2.066229269405417313e+02  1.102633129401244560e+03
82 1641 6.056192e-01 5.710038e+01  7.011471977147483159e+00  7.011471977147483159e+00  5.954811062402352491e+02  1.946194536536725082e+03
83 1661 6.046475e-01 5.708521e+01  7.011471977147483159e+00  7.268989231378911953e+00  6.153871785000571890e+02  1.950387968095651104e+03
84 1681 6.062170e-01 5.707157e+01  7.011471977147483159e+00  7.291137880203165444e+00  9.801041431780731727e+02  1.959630692779754327e+03
85 1701 6.098451e-01 5.711573e+01  7.011471977147483159e+00  7.363455268119727393e+00  9.763455058986768336e+02  1.088318595389323264e+03
86 1721 6.133158e-01 5.710440e+01  7.011471977147483159e+00  7.132367945929050990e+00  9.817059675910721808e+02  1.957700057616945287e+03
87 1741 6.144294e-01 5.711160e+01  7.011471977147483159e+00  7.261188436487826969e+00  9.812410539888038556e+02  1.945766936099928671e+03
88 1761 6.136201e-01 5.709126e+01  7.011471977147483159e+00  7.309300110039493426e+00  9.763863459191745733e+02  1.958171240830085480e+03
89 1781 6.126375e-01 5.709492e+01  7.011471977147483159e+00  7.281304404772265038e+00  9.798413550860674377e+02  1.943427791638614963e+03
90 1801 6.118813e-01 5.708942e+01  7.011471977147483159e+00  7.428800900553200748e+00  9.779179651903255035e+02  1.098889148495058407e+03
91 1821 6.106045e-01 5.710858e+01  7.011471977147483159e+00  7.298221208612922339e+00  2.075729372480131190e+02  1.960465085886939505e+03
92 1841 6.068951e-01 5.710497e+01  7.011471977147483159e+00  7.350542396736532424e+00  1.025336125070746903e+03  1.959506871756223063e+03
93 1861 6.019641e-01 5.711279e+01  7.011471977147483159e+00  7.374868971470182721e+00  9.788812571033329277e+02  1.956111524542267944e+03
94 1881 5.987541e-01 5.712713e+01  7.011471977147483159e+00  7.376566079770798368e+00  1.082793545655674961e+03  1.955869675839749561e+03
95 1901 5.928130e-01 5.711500e+01  7.011471977147483159e+00  7.497929325356243346e+00  9.785757649007230157e+02  1.957526610611394744e+03
96 1921 5.928365e-01 5.709789e+01  7.011471977147483159e+00  7.374231798995969811e+00  1.082170651700045255e+03  1.962502346734326238e+03
97 1941 5.928397e-01 5.710266e+01  7.011471977147483159e+00  7.289827439004302079e+00  9.804459398839811684e+02  1.958532680001037306e+03
98 1961 5.933371e-01 5.703694e+01  7.011471977147483159e+00  7.426770426845337170e+00  1.078392201417989327e+03  1.948885048763893337e+03
99 1981 5.924839e-01 5.705873e+01  7.011471977147483159e+00  7.350442645536525710e+00  1.075092197659973408e+03  1.939678120426908663e+03
100 2001 5.876287e-01 5.702663e+01  7.011471977147483159e+00  7.414793572498782126e+00  9.803464697080114547e+02  1.951615507142779052e+03
101 2021 5.852514e-01 5.707730e+01  7.011471977147483159e+00  7.256439245251661063e+00  9.802941816983750414e+02  1.092579990982253776e+03
102 2041 5.820033e-01 5.708428e+01  7.011471977147483159e+00  7.065669166607838392e+00  9.746871360972891125e+02  1.944183601168254199e+03
103 2061 5.793762e-01 5.708315e+01  7.011471977147483159e+00  7.344753571765116895e+00  1.077135625418831751e+03  1.956243046998638647e+03
104 2081 5.782851e-01 5.706329e+01  7.011471977147483159e+00  7.222052714377122484e+00  1.028426008698791520e+03  1.947110175792001655e+03
105 2101 5.766898e-01 5.706989e+01  7.011471977147483159e+00  7.321853557821357050e+00  1.025339481568524661e+03  1.936549885106708643e+03
106 2121 5.741376e-01 5.704995e+01  7.011471977147483159e+00  7.361846354789882696e+00  9.827520300764867898e+02  1.940430081003307123e+03
107 2141 5.690544e-01 5.704629e+01  7.011471977147483159e+00  2.207622011808417426e+02  1.080345559697699173e+03  1.957496734738459054e+03
108 2161 5.616924e-01 5.703303e+01  7.011471977147483159e+00  7.289360402812611106e+00  9.756450814338604687e+02  1.088801291596606688e+03
109 2181 5.536478e-01 5.701328e+01  7.011471977147483159e+00  7.095340733596333216e+00  9.765825602794459428e+02  1.953972434589072236e+03
110 2201 5.448313e-01 5.702691e+01  6.996885728018742867e+00  6.996885728018742867e+00  2.130390855913231576e+02  1.966521775460420258e+03
111 2221 5.400660e-01 5.703871e+01  6.996885728018742867e+00  7.191640936894647673e+00  9.764906736776840717e+02  1.956688527580841765e+03
112 2241 5.342303e-01 5.703091e+01  6.996885728018742867e+00  7.177884216101480419e+00  1.074218075602172576e+03  1.945811698588101535e+03
113 2261 5.275772e-01 5.704356e+01  6.996885728018742867e+00  7.147288178953454363e+00  5.993470351604144071e+02  1.952144124503642161e+03
114 2281 5.243826e-01 5.705802e+01  6.996885728018742867e+00  7.093909128583908874e+00  9.741315169419294762e+02  1.084922155163482557e+03
115 2301 5.219294e-01 5.706867e+01  6.996885728018742867e+00  7.134300182028548321e+00  1.079148616810875637e+03  1.950936720230712126e+03
116 2321 5.206782e-01 5.707841e+01  6.996885728018742867e+00  7.255419453162293308e+00  6.081090323072054389e+02  1.941314126398809094e+03
117 2341 5.187790e-01 5.707599e+01  6.996885728018742867e+00  7.087505717614984491e+00  9.786517943723522421e+02  1.961642389033715745e+03
118 2361 5.183266e-01 5.707142e+01  6.996885728018742867e+00  7.026093608654596423e+00  2.078920524658102522e+02  1.951863597442184073e+03
119 2381 5.180046e-01 5.709522e+01  6.969390168031861066e+00  6.969390168031861066e+00  1.083802771696811305e+03  1.952146713003612604e+03
120 2401 5.164975e-01 5.709458e+01  6.969390168031861066e+00  7.184675614813468947e+00  2.112943879403914025e+02  1.933816367582074690e+03
121 2421 5.158195e-01 5.709406e+01  6.969390168031861066e+00  7.197809906222221166e+00  9.792729240835240034e+02  1.959576633837985355e+03
122 2441 5.173201e-01 5.714919e+01  6.969390168031861066e+00  7.104157229486496306e+00  9.823743043181179928e+02  1.953136511932608300e+03
123 2461 5.198362e-01 5.724783e+01  6.969390168031861066e+00  7.137820483336045463e+00  9.807571283356105596e+02  1.965395670617392398e+03
124 2481 5.209040e-01 5.724502e+01  6.969390168031861066e+00  7.047422657711059024e+00  5.985328579445979358e+02  1.959512939471164373e+03
125 2501 5.214259e-01 5.721926e+01  6.969390168031861066e+00  7.053249575814382943e+00  2.055331174840489723e+02  1.081849559782479901e+03
126 2521 5.214615e-01 5.723789e+01  6.969390168031861066e+00  7.025303638144379192e+00  1.031235437863931111e+03  1.958396550196145199e+03
127 2541 5.208123e-01 5.732400e+01  6.941191146799464917e+00  6.941191146799464917e+00  4.918836525148306009e+02  1.955205963897171387e+03
128 2561 5.190621e-01 5.735118e+01  6.851462722984951625e+00  6.851462722984951625e+00  9.749990716202720478e+02  1.953029912471741682e+03
129 2581 5.170461e-01 5.741924e+01  6.851462722984951625e+00  6.960174824802313864e+00  9.778930083664358790e+02  1.958131527696963758e+03
130 2601 5.122946e-01 5.742860e+01  6.851462722984951625e+00  6.937439188823407044e+00  9.781985266766243967e+02  1.958193960202918561e+03
131 2621 5.075810e-01 5.738410e+01  6.851462722984951625e+00  6.948306324727676397e+00  9.787600560911564571e+02  1.943021076922472730e+03
132 2641 5.049187e-01 5.742939e+01  6.851462722984951625e+00  6.975457290659910825e+00  9.748032180475031510e+02  1.938282957922701598e+03
133 2661 5.026029e-01 5.745187e+01  6.851462722984951625e+00  6.859566508178475353e+00  2.134050419288805642e+02  1.956903603723900233e+03
134 2681 4.996727e-01 5.746282e+01  6.851462722984951625e+00  6.950495711186161607e+00  9.772079348844376909e+02  1.949446282580086745e+03
135 2701 4.991798e-01 5.751892e+01  6.851462722984951625e+00  7.335318481248801703e+00  1.077655929640565773e+03  1.950326578065267540e+03
136 2721 4.976496e-01 5.755148e+01  6.851462722984951625e+00  7.002812769945376381e+00  2.133339606274668085e+02  1.121432640916769742e+03
137 2741 4.969371e-01 5.757039e+01  6.851462722984951625e+00  7.034326204733677201e+00  9.799950670246344089e+02  1.942316619010280192e+03
138 2761 4.937927e-01 5.753969e+01  6.851462722984951625e+00  7.022612216169858534e+00  2.114430212259345581e+02  1.961360984531784879e+03
139 2781 4.932917e-01 5.755597e+01  6.851462722984951625e+00  7.169091930848376926e+00  5.928987871849383282e+02  1.940422991101983143e+03
140 2801 4.917809e-01 5.753315e+01  6.851462722984951625e+00  6.923518095762070779e+00  7.386362093947913543e+00  1.964833068518135406e+03
141 2821 4.890124e-01 5.755317e+01  6.851462722984951625e+00  6.948179206934435470e+00  9.784384064349369510e+02  1.084363213628016183e+03
142 2841 4.883892e-01 5.753895e+01  6.850684228166788792e+00  6.850684228166788792e+00  7.242551206479925341e+00  1.946023557639379760e+03
143 2861 4.843701e-01 5.755693e+01  6.850684228166788792e+00  6.852462553240764365e+00  7.092042556300615530e+00  1.088467509271560175e+03
144 2881 4.810196e-01 5.756990e+01  6.818860391368872342e+00  6.818860391368872342e+00  9.765227816648671251e+02  1.955698060605688624e+03
145 2901 4.791424e-01 5.760547e+01  6.738527128718494019e+00  6.738527128718494019e+00  2.236487580738385077e+02  1.098907334872030333e+03
146 2921 4.769226e-01 5.762280e+01  6.672352585867616703e+00  6.672352585867616703e+00  9.820845593231414341e+02  1.947974147679214184e+03
147 2941 4.734973e-01 5.764840e+01  6.619524547694619621e+00  6.619524547694619621e+00  2.123836599371931868e+02  1.085446733776310566e+03
148 2961 4.702436e-01 5.764445e+01  6.562578574862490299e+00  6.562578574862490299e+00  9.814436228367882222e+02  1.946841633447704226e+03
149 2981 4.675142e-01 5.767027e+01  6.562578574862490299e+00  6.637965257567957522e+00  9.803421252259465746e+02  1.953906735168695377e+03
150 3001 4.638572e-01 5.767723e+01  6.560541042279161239e+00  6.560541042279161239e+00  9.797652211162204594e+02  1.949964879981791000e+03
151 3021 4.595097e-01 5.768750e+01  6.560541042279161239e+00  6.597326718165366088e+00  1.081523506068229381e+03  1.954816461591235793e+03
152 3041 4.528629e-01 5.766503e+01  6.560541042279161239e+00  6.585783219236632569e+00  9.811749534609975854e+02  1.948150337938202938e+03
153 3061 4.466435e-01 5.769611e+01  6.502369755033876153e+00  6.502369755033876153e+00  9.801503078138603087e+02  1.950513206117098889e+03
154 3081 4.429642e-01 5.769407e+01  6.502369755033876153e+00  6.572315998469511200e+00  5.997891982186135920e+02  1.958379797999906259e+03
155 3101 4.390594e-01 5.769717e+01  6.502369755033876153e+00  6.669241637759636632e+00  9.775224020674345411e+02  1.953833845743512711e+03
156 3121 4.375144e-01 5.769501e+01  6.502369755033876153e+00  6.530040112321749746e+00  9.774747756303361257e+02  1.950208536613935848e+03
157 3141 4.359181e-01 5.770401e+01  6.502369755033876153e+00  6.585301265770460155e+00  9.782287619984315370e+02  1.949637828446622734e+03
158 3161 4.351691e-01 5.768225e+01  6.485718906348731494e+00  6.485718906348731494e+00  1.076152054156639679e+03  1.944514632702854669e+03
159 3181 4.345712e-01 5.773836e+01  6.485718906348731494e+00  6.548477575321032695e+00  9.795173129935816405e+02  1.952547101067653102e+03
160 3201 4.352516e-01 5.776563e+01  6.485718906348731494e+00  6.518686775310139403e+00  2.056130968899628897e+02  1.952883206879199861e+03
161 3221 4.359655e-01 5.775989e+01  6.485718906348731494e+00  6.490857734979265992e+00  2.105299815583881582e+02  1.950892703695748423e+03
162 3241 4.360794e-01 5.776200e+01  6.218952714765777934e+00  6.218952714765777934e+00  2.063260204644363967e+02  1.949788561689425478e+03
163 3261 4.360846e-01 5.774350e+01  6.218952714765777934e+00  6.398845319641687901e+00  5.949616256829581289e+02  1.962686883828632745e+03
164 3281 4.370898e-01 5.769674e+01  6.218952714765777934e+00  6.453370255220157503e+00  9.788930295832701631e+02  1.951813169437787337e+03
165 3301 4.400907e-01 5.767679e+01  6.218952714765777934e+00  6.439911189258541668e+00  9.784098604125738348e+02  1.952160130968771682e+03
166 3321 4.433907e-01 5.765555e+01  6.218952714765777934e+00  6.480907221725902723e+00  9.809237529365890396e+02  1.956738893966312389e+03
167 3341 4.460104e-01 5.761941e+01  6.218952714765777934e+00  6.383052269021987080e+00  2.052686372104099632e+02  1.948339570347657173e+03
168 3361 4.495498e-01 5.759262e+01  6.218952714765777934e+00  6.500120903511471759e+00  1.082570275244729146e+03  1.971893454719051533e+03
169 3381 4.524432e-01 5.756853e+01  6.218952714765777934e+00  6.478073550576136874e+00  9.796033804676176260e+02  1.958278116462301114e+03
170 3401 4.553552e-01 5.754601e+01  6.218952714765777934e+00  6.301439313147021437e+00  1.081037107352942257e+03  1.951397679747838993e+03
171 3421 4.585533e-01 5.751991e+01  6.218952714765777934e+00  6.272937395053218346e+00  9.771978972363521052e+02  1.950042344497006525e+03
172 3441 4.607085e-01 5.747727e+01  6.218952714765777934e+00  6.296019269783700523e+00  9.816370515350915866e+02  1.960774741577840587e+03
173 3461 4.597024e-01 5.744455e+01  6.218952714765777934e+00  6.416820537196608498e+00  2.142469763550847404e+02  1.949179477359303519e+03
174 3481 4.578292e-01 5.742847e+01  6.218952714765777934e+00  6.253221409833929378e+00  9.787306985655468452e+02  1.958448315879623351e+03
175 3501 4.561252e-01 5.743657e+01  6.218952714765777934e+00  6.322122330525023592e+00  9.782801379962955934e+02  1.952232166241161849e+03
176 3521 4.537187e-01 5.744916e+01  6.179882259295816915e+00  6.179882259295816915e+00  9.795473154074027207e+02  1.957242041731277368e+03
177 3541 4.513010e-01 5.744564e+01  6.179882259295816915e+00  6.306756532524906866e+00  2.158673946739805842e+02  1.947958786602451255e+03
178 3561 4.510998e-01 5.747648e+01  6.179882259295816915e+00  6.270616206485292388e+00  1.030920140501933247e+03  1.962501714892938480e+03
179 3581 4.510226e-01 5.747119e+01  6.179882259295816915e+00  6.213159576582657273e+00  2.083538119480037096e+02  1.957320175804169139e+03
180 3601 4.537821e-01 5.746326e+01  6.176395843606643510e+00  6.176395843606643510e+00  5.955830702795628895e+02  1.966400307664390311e+03
181 3621 4.579840e-01 5.748770e+01  6.176395843606643510e+00  6.270173675400647184e+00  6.459423015837199955e+02  1.954961875597563449e+03
182 3641 4.615726e-01 5.750189e+01  6.176395843606643510e+00  6.297897269785075913e+00  9.744630473729247342e+02  1.951918035528770815e+03
183 3661 4.634494e-01 5.749648e+01  6.176395843606643510e+00  6.236653213458013489e+00  6.036776116662096001e+02  1.085925635700690464e+03
184 3681 4.648780e-01 5.750246e+01  6.162210514606199396e+00  6.162210514606199396e+00  2.072998799586350174e+02  1.954034516460794976e+03
185 3701 4.673043e-01 5.747566e+01  6.162210514606199396e+00  6.262616616037343320e+00  9.767550791917037714e+02  1.964562090130035358e+03
186 3721 4.693880e-01 5.743206e+01  6.162210514606199396e+00  6.198868430148763764e+00  2.112520147764776084e+02  1.086722668959742805e+03
187 3741 4.704136e-01 5.743156e+01  6.162210514606199396e+00  6.295496120038300170e+00  9.752853397437089598e+02  1.955348380715683788e+03
188 3761 4.719627e-01 5.747624e+01  6.162210514606199396e+00  6.212641722762571206e+00  9.759371864762215409e+02  1.950475529467498291e+03
189 3781 4.731544e-01 5.744474e+01  6.162210514606199396e+00  6.259432548012476616e+00  5.972561763098201482e+02  1.955154807401488142e+03
190 3801 4.726478e-01 5.748455e+01  6.162210514606199396e+00  6.323842374139182709e+00  9.773769126603619952e+02  1.946474277438891932e+03
191 3821 4.695629e-01 5.748835e+01  6.162210514606199396e+00  6.317942418221439205e+00  2.105215185557833593e+02  1.949790116920185710e+03
192 3841 4.645241e-01 5.750906e+01  6.162210514606199396e+00  6.206759077661986979e+00  1.076361025565449836e+03  1.954805418577587716e+03
193 3861 4.579113e-01 5.749113e+01  6.162210514606199396e+00  6.176348902447806211e+00  2.050647656228497624e+02  1.955557345278602043e+03
194 3881 4.519640e-01 5.750349e+01  6.162210514606199396e+00  6.176144037009434484e+00  5.957077450395288452e+02  1.951817640109416516e+03
195 3901 4.464398e-01 5.753351e+01  6.097457535569827058e+00  6.097457535569827058e+00  9.806310532099221291e+02  1.948982168030523098e+03
196 3921 4.424244e-01 5.754152e+01  6.073413381679606537e+00  6.073413381679606537e+00  1.029159049080577915e+03  1.958961215202109770e+03
197 3941 4.379157e-01 5.754724e+01  6.073413381679606537e+00  6.156785518630319309e+00  1.030492008040751671e+03  1.965263771820240436e+03
198 3961 4.347747e-01 5.758339e+01  6.073413381679606537e+00  6.144515269077181152e+00  9.781861474362088984e+02  1.950216259789320702e+03
199 3981 4.342719e-01 5.761560e+01  6.022913811577267573e+00  6.022913811577267573e+00  1.026894651780291497e+03  1.953934346250650606e+03
200 4001 4.337894e-01 5.763142e+01  6.022913811577267573e+00  6.174035407588315927e+00  2.186582204006273855e+02  1.957014511657487219e+03
201 4021 4.309340e-01 5.762447e+01  6.022913811577267573e+00  6.059611988981711050e+00  9.779624220692592189e+02  1.956387825240100028e+03
202 4041 4.283616e-01 5.761829e+01  6.022913811577267573e+00  6.057550704188883195e+00  2.124645121134356600e+02  1.960796459374426377e+03
203 4061 4.260223e-01 5.759262e+01  6.022913811577267573e+00  6.076859237815279258e+00  5.898122040192472468e+02  1.950161929926267476e+03
204 4081 4.241167e-01 5.758135e+01  6.022913811577267573e+00  6.052040413563065435e+00  9.770955933494835790e+02  1.964174462994016494e+03
205 4101 4.196322e-01 5.760544e+01  6.022913811577267573e+00  6.134482638192441328e+00  9.780070649880365181e+02  1.951818125169328596e+03
206 4121 4.132711e-01 5.761366e+01  6.016020634846260151e+00  6.016020634846260151e+00  9.799496546804059562e+02  1.955678823442839075e+03
207 4141 4.062827e-01 5.756896e+01  6.016020634846260151e+00  6.192594487226552147e+00  9.819043673484781038e+02  1.090321770219203700e+03
208 4161 4.011090e-01 5.756276e+01  6.016020634846260151e+00  6.028340094491188239e+00  5.898709343792270374e+02  1.098228775611519495e+03
209 4181 3.954654e-01 5.754822e+01  6.016020634846260151e+00  6.031361401630395136e+00  2.149496087165906886e+02  1.966856577210985051e+03
210 4201 3.911398e-01 5.753160e+01  5.998681319786266286e+00  5.998681319786266286e+00  2.069434322461546003e+02  1.963216459670699123e+03
211 4221 3.869791e-01 5.751644e+01  5.998681319786266286e+00  6.090711018169856494e+00  9.801177967931907915e+02  1.956113666387108424e+03
212 4241 3.851547e-01 5.748136e+01  5.998681319786266286e+00  6.031775328917793111e+00  2.081460146020266393e+02  1.959723214794633805e+03
213 4261 3.841340e-01 5.745561e+01  5.998681319786266286e+00  6.025686043853079710e+00  5.911297214065102708e+02  1.948916772643015975e+03
214 4281 3.845218e-01 5.747917e+01  5.974897090136474631e+00  5.974897090136474631e+00  9.779462782730652179e+02  1.954363797361329489e+03
215 4301 3.846188e-01 5.750797e+01  5.926814824071930943e+00  5.926814824071930943e+00  2.070336398008008700e+02  1.963950344557421886e+03
216 4321 3.853365e-01 5.749371e+01  5.926814824071930943e+00  5.944068746039303797e+00  5.914315718921533289e+02  1.968248858516328710e+03
217 4341 3.852527e-01 5.745090e+01  5.926814824071930943e+00  5.972881186166826950e+00  9.793623642908819420e+02  1.952300387228338423e+03
218 4361 3.853486e-01 5.744295e+01  5.871586715496402320e+00  5.871586715496402320e+00  1.059323437903066321e+02  1.950025299466995648e+03
219 4381 3.847730e-01 5.740554e+01  5.831013964332479205e+00  5.831013964332479205e+00  9.780733569232747868e+02  1.967938225743268049e+03
220 4401 3.844317e-01 5.739035e+01  5.831013964332479205e+00  5.908152648384872307e+00  1.084316057928657983e+03  1.956671666136026261e+03
221 4421 3.830488e-01 5.734608e+01  5.831013964332479205e+00  5.891094227194220601e+00  1.079269478504797689e+03  1.952918173633484457e+03
222 4441 3.820873e-01 5.733792e+01  5.831013964332479205e+00  5.891812716111253678e+00  1.026252974919743338e+03  1.956940096842095727e+03
223 4461 3.805574e-01 5.730043e+01  5.831013964332479205e+00  5.853851705111788206e+00  9.777943032335958833e+02  1.950532402644163994e+03
224 4481 3.773287e-01 5.728413e+01  5.831013964332479205e+00  5.877990578923603771e+00  2.066675480629746176e+02  1.952773544128058802e+03
225 4501 3.742303e-01 5.729063e+01  5.831013964332479205e+00  5.899158014492665636e+00  9.786278581953397406e+02  1.964767358310357167e+03
226 4521 3.712983e-01 5.727651e+01  5.831013964332479205e+00  5.902563258259286627e+00  9.764530950865535033e+02  1.963837995953643258e+03
227 4541 3.690165e-01 5.724116e+01  5.831013964332479205e+00  5.965487346871134022e+00  1.032492473067412220e+03  1.966335370466487348e+03
228 4561 3.656012e-01 5.725994e+01  5.831013964332479205e+00  5.891202725352686187e+00  1.028357889666115852e+03  1.984945448548013246e+03
229 4581 3.623582e-01 5.724704e+01  5.831013964332479205e+00  5.974567066178516406e+00  1.080670936578098917e+03  1.956081128426395935e+03
230 4601 3.581678e-01 5.723363e+01  5.831013964332479205e+00  5.969311360140705958e+00  1.076778533086435345e+03  1.952851305075542314e+03
231 4621 3.550133e-01 5.720549e+01  5.831013964332479205e+00  5.885931553679290218e+00  1.068761055819952901e+02  1.091833827117950023e+03
232 4641 3.535410e-01 5.719928e+01  5.831013964332479205e+00  5.880929053873736656e+00  9.837103483166587239e+02  1.965614658521666115e+03
233 4661 3.515181e-01 5.720463e+01  5.831013964332479205e+00  5.908365385007675386e+00  2.119083915549973653e+02  1.952188628908819737e+03
234 4681 3.521018e-01 5.720634e+01  5.831013964332479205e+00  5.865132899257382348e+00  1.068426401070679930e+02  1.945787572487436591e+03
235 4701 3.519834e-01 5.718999e+01  5.831013964332479205e+00  5.892253970291566390e+00  9.756562945109917564e+02  1.957579586425445541e+03
236 4721 3.514039e-01 5.719006e+01  5.831013964332479205e+00  5.834929337427798401e+00  9.785733147247107127e+02  1.963606632930174328e+03
237 4741 3.507506e-01 5.718022e+01  5.790281732679911642e+00  5.790281732679911642e+00  2.123445343252276416e+02  1.953067812649626376e+03
238 4761 3.494645e-01 5.718453e+01  5.790281732679911642e+00  5.833468553606964591e+00  5.945429811711994716e+02  1.962338911260587111e+03
239 4781 3.504388e-01 5.720956e+01  5.790281732679911642e+00  5.862317891061237241e+00  9.786564832739353506e+02  1.959611820753843404e+03
240 4801 3.525887e-01 5.714929e+01  5.790281732679911642e+00  5.900887668877500936e+00  9.764431957165460290e+02  1.958477638704770470e+03
241 4821 3.548516e-01 5.711745e+01  5.790281732679911642e+00  5.859584632602376608e+00  2.068173100971265512e+02  1.957224034718078201e+03
242 4841 3.576468e-01 5.709785e+01  5.790281732679911642e+00  5.810716474354610916e+00  2.080686432923245945e+02  1.963096257856571810e+03
243 4861 3.596305e-01 5.708964e+01  5.790281732679911642e+00  5.948327274844042556e+00  5.955832376760506577e+02  1.957245547890750913e+03
244 4881 3.614256e-01 5.709109e+01  5.790281732679911642e+00  5.882488091172510813e+00  9.783076480820427605e+02  1.956841139767402183e+03
245 4901 3.632692e-01 5.708305e+01  5.790281732679911642e+00  5.883563807256002143e+00  9.779370518557132073e+02  1.966004510272889092e+03
246 4921 3.644523e-01 5.704826e+01  5.790281732679911642e+00  5.898921195335804057e+00  2.056004763378099938e+02  1.950812969281674214e+03
247 4941 3.642076e-01 5.705123e+01  5.790281732679911642e+00  5.986232778820065548e+00  9.789650011190327632e+02  1.952477438481517765e+03
248 4961 3.633710e-01 5.707806e+01  5.790281732679911642e+00  5.974061425491747457e+00  1.027033156636995955e+03  1.959432679909268927e+03
249 4981 3.647658e-01 5.710198e+01  5.790281732679911642e+00  5.980491281468343523e+00  1.028853552300189222e+03  1.950609153243607579e+03
250 5001 3.651785e-01 5.709250e+01  5.790281732679911642e+00  5.888254568038914449e+00  9.781084638717737789e+02  1.951980770489510633e+03
251 5021 3.642907e-01 5.712156e+01  5.790281732679911642e+00  5.833441856049167207e+00  9.782209717454491056e+02  1.947011763319384954e+03
252 5041 3.625355e-01 5.712261e+01  5.790281732679911642e+00  5.905746127673418222e+00  9.804721723811944685e+02  1.950272391665257146e+03
253 5061 3.599451e-01 5.713069e+01  5.790281732679911642e+00  5.865832762866047823e+00  2.066071428486682748e+02  1.964949499932338767e+03
254 5081 3.570205e-01 5.711817e+01  5.790281732679911642e+00  5.837342535042395752e+00  5.977989612304457978e+02  1.954840199693113391e+03
255 5101 3.537335e-01 5.712005e+01  5.790281732679911642e+00  5.868565232547091171e+00  5.932584101584418477e+02  1.965115232768936949e+03
256 5121 3.499948e-01 5.714963e+01  5.790281732679911642e+00  5.815172770874866615e+00  2.078480898512981412e+02  1.963974749659422514e+03
257 5141 3.464340e-01 5.714354e+01  5.790281732679911642e+00  5.833649554193606868e+00  2.060591921335972074e+02  1.084591175546029035e+03
258 5161 3.420548e-01 5.711965e+01  5.790281732679911642e+00  5.843116447991372198e+00  1.027381476121251126e+03  1.951970628672494968e+03
259 5181 3.385764e-01 5.711316e+01  5.790281732679911642e+00  5.809196095436053753e+00  9.776931614765053382e+02  1.959726590948655030e+03
260 5201 3.340970e-01 5.710352e+01  5.790281732679911642e+00  5.826885782965955940e+00  2.098270891656660524e+02  1.961029501311940749e+03
261 5221 3.301787e-01 5.708688e+01  5.790281732679911642e+00  5.870936535621762431e+00  9.784355131901589857e+02  1.951388772789432551e+03
262 5241 3.261496e-01 5.705952e+01  5.790281732679911642e+00  5.805591377265002961e+00  9.800574038229225380e+02  1.963056178726348662e+03
263 5261 3.241204e-01 5.708254e+01  5.790281732679911642e+00  5.878276334413581772e+00  9.801342880268985027e+02  1.969360763664425122e+03
264 5281 3.225360e-01 5.709070e+01  5.790281732679911642e+00  5.838886548826071277e+00  1.027993609262371365e+03  1.970488538655487901e+03
265 5301 3.216849e-01 5.710200e+01  5.790281732679911642e+00  5.832550042759069520e+00  2.098275762211299593e+02  1.951476923418565548e+03
266 5321 3.224914e-01 5.708945e+01  5.790281732679911642e+00  5.820070729750156602e+00  9.790105162213537824e+02  1.962093969521335794e+03
267 5341 3.236918e-01 5.709687e+01  5.790281732679911642e+00  5.846606061623857542e+00  9.792126017478175299e+02  1.955234974375356842e+03
268 5361 3.249496e-01 5.708875e+01  5.790281732679911642e+00  5.814622248640902491e+00  2.171767063920036662e+02  1.957909152912279978e+03
269 5381 3.251416e-01 5.712348e+01  5.790281732679911642e+00  5.904184635770853617e+00  9.781180764087698662e+02  1.960246102353212564e+03
270 5401 3.262484e-01 5.709513e+01  5.790281732679911642e+00  5.888560217978607625e+00  9.777770315652851423e+02  1.971143804320482559e+03
271 5421 3.275676e-01 5.713376e+01  5.790281732679911642e+00  5.872113736130063266e+00  2.106968964183708124e+02  1.957805943893524955e+03
272 5441 3.282981e-01 5.712378e+01  5.790281732679911642e+00  5.876210909161286189e+00  9.792712520603590747e+02  1.959758082230296623e+03
273 5461 3.298248e-01 5.710018e+01  5.790281732679911642e+00  5.862377188253207194e+00  2.106361106873353606e+02  1.093865596002520761e+03
274 5481 3.300022e-01 5.705353e+01  5.790281732679911642e+00  5.852126446809132965e+00  5.926137633298437777e+02  1.963270520571372344e+03
275 5501 3.297838e-01 5.705576e+01  5.790281732679911642e+00  5.880476342531195222e+00  2.069750976964408551e+02  1.086914114429120218e+03
276 5521 3.297406e-01 5.704703e+01  5.790281732679911642e+00  5.815022130073798756e+00  1.082623707135925457e+02  1.962705175464587455e+03
277 5541 3.313606e-01 5.707046e+01  5.790281732679911642e+00  5.893994875112101184e+00  5.955952023298261793e+02  1.967155369910806485e+03
278 5561 3.315760e-01 5.706557e+01  5.790281732679911642e+00  5.909936371427983559e+00  9.765839951619269641e+02  1.946478994643407532e+03
279 5581 3.316254e-01 5.708307e+01  5.790281732679911642e+00  5.911532668420032444e+00  9.793796904462740258e+02  1.960429779744569032e+03
280 5601 3.306025e-01 5.705495e+01  5.790281732679911642e+00  5.848906231189471505e+00  1.064729941246149565e+02  1.953406402267693011e+03
281 5621 3.278650e-01 5.705086e+01  5.790281732679911642e+00  5.814718420857851733e+00  9.773140866017247390e+02  1.096835120017167355e+03
282 5641 3.244407e-01 5.704608e+01  5.790281732679911642e+00  5.830227801577999358e+00  1.060009297222384390e+02  1.950857245727956524e+03
283 5661 3.218497e-01 5.703868e+01  5.722232895319208978e+00  5.722232895319208978e+00  9.768418900763491592e+02  1.953267178201012257e+03
284 5681 3.193656e-01 5.702185e+01  5.709920705476743130e+00  5.709920705476743130e+00  2.053106840692221340e+02  1.090996639234426084e+03
285 5701 3.166926e-01 5.701142e+01  5.709920705476743130e+00  5.710119751641133057e+00  9.774475100185757128e+02  1.962840385008019894e+03
286 5721 3.143691e-01 5.701562e+01  5.691449026949143786e+00  5.691449026949143786e+00  5.913073578680005085e+02  1.962280080727368386e+03
287 5741 3.117310e-01 5.702212e+01  5.691449026949143786e+00  5.709156435119334461e+00  2.121017535301685371e+02  1.954797441433515360e+03
288 5761 3.090199e-01 5.702288e+01  5.691449026949143786e+00  5.722125538577009785e+00  9.790769930373214720e+02  1.963104473658267125e+03
289 5781 3.074667e-01 5.700585e+01  5.691449026949143786e+00  5.720538161857254167e+00  5.971825203602184047e+02  1.963540802359426607e+03
290 5801 3.056193e-01 5.700380e+01  5.691449026949143786e+00  5.775150303326530121e+00  2.062059975772883149e+02  1.091619520270877274e+03
291 5821 3.043994e-01 5.702544e+01  5.691449026949143786e+00  5.780322613005017374e+00  2.085752840441153069e+02  1.943432791306045601e+03
292 5841 3.022947e-01 5.703740e+01  5.691449026949143786e+00  5.714873376304856478e+00  9.774610125511027263e+02  1.950606134527573431e+03
293 5861 2.990703e-01 5.700235e+01  5.691449026949143786e+00  5.758726212673832556e+00  5.922201924891974159e+02  1.950491072966246975e+03
294 5881 2.969985e-01 5.699436e+01  5.691449026949143786e+00  5.744924069006502876e+00  2.060506497237940948e+02  1.952409252517230016e+03
295 5901 2.945420e-01 5.702392e+01  5.691449026949143786e+00  5.741422126278956206e+00  5.945159670966284011e+02  1.964378032440899915e+03
296 5921 2.920234e-01 5.703951e+01  5.691449026949143786e+00  5.715577494888048449e+00  9.745746756786346623e+02  1.961058774360375764e+03
297 5941 2.915076e-01 5.705989e+01  5.691449026949143786e+00  5.720356593161659120e+00  2.062928648749063427e+02  1.957850588131110953e+03
298 5961 2.920285e-01 5.706892e+01  5.691449026949143786e+00  5.762399322306433369e+00  9.770888504728794715e+02  1.961575952145545898e+03
299 5981 2.917748e-01 5.704864e+01  5.691449026949143786e+00  5.756929018833500500e+00  5.938099782038683543e+02  1.964125020411447167e+03
300 6001 2.923091e-01 5.707001e+01  5.691449026949143786e+00  5.725510354757924247e+00  9.779489695661277437e+02  1.957372308358549617e+03
