%  columns="iteration, evaluation, sigma, axis ratio, bestever, best, median, worst fitness function value, further objective values of best" (startseed=213894, 2017/08/1 16:39:57.95)
1 21 1.594475e+00 2.242050e+01  1.911658513953562455e+00  2.161877884633590874e+00  2.969129187478421805e+00  4.460834219403172263e+00
2 41 1.531562e+00 2.243891e+01  1.911658513953562455e+00  2.179522533989327382e+00  2.757369848387930311e+00  3.781175325018387046e+00
3 61 1.480357e+00 2.245139e+01  1.911658513953562455e+00  2.264670272409321949e+00  2.753172832398664838e+00  3.637387548607919019e+00
4 81 1.439313e+00 2.248552e+01  1.911658513953562455e+00  2.286483874439102060e+00  2.699273225060359493e+00  3.806980419807224791e+00
5 101 1.399135e+00 2.250377e+01  1.911658513953562455e+00  2.181277522946091896e+00  2.780937564786911231e+00  4.354632875206945641e+00
6 121 1.356409e+00 2.253868e+01  1.911658513953562455e+00  2.252500320728811900e+00  2.554584960646559821e+00  3.225052807620324202e+00
7 141 1.322149e+00 2.254314e+01  1.911658513953562455e+00  2.123171757960912398e+00  2.644541147633995060e+00  3.834561480569463665e+00
8 161 1.299925e+00 2.255092e+01  1.911658513953562455e+00  2.176746586596688626e+00  2.503254061169622791e+00  3.125070916438247970e+00
9 181 1.285057e+00 2.256229e+01  1.911658513953562455e+00  2.219050537110742294e+00  2.718324595294776103e+00  3.688828644915482791e+00
10 201 1.279531e+00 2.259512e+01  1.911658513953562455e+00  2.142129938191314142e+00  2.803194291380336267e+00  3.382361193332309224e+00
11 221 1.279565e+00 2.260070e+01  1.911658513953562455e+00  2.176883242113512029e+00  2.435686089897360240e+00  3.161620903226165957e+00
12 241 1.279212e+00 2.261386e+01  1.911658513953562455e+00  2.204345379553619200e+00  2.549362137501815173e+00  3.158761465856250616e+00
13 261 1.277002e+00 2.261734e+01  1.911658513953562455e+00  2.196926137771695764e+00  2.475801306246359523e+00  2.939228009223267879e+00
14 281 1.274512e+00 2.263103e+01  1.911658513953562455e+00  2.210580398400340485e+00  2.543524877373394943e+00  3.714962301071222939e+00
15 301 1.283127e+00 2.264953e+01  1.911658513953562455e+00  2.196282225888264605e+00  2.559143280923560582e+00  3.183905625059037181e+00
16 321 1.283226e+00 2.267028e+01  1.911658513953562455e+00  2.211153341687444041e+00  2.505680583431471486e+00  3.346840140141251752e+00
17 341 1.280906e+00 2.268262e+01  1.911658513953562455e+00  2.210046187270594764e+00  2.498465057319851024e+00  2.850796749307288991e+00
18 361 1.281968e+00 2.270495e+01  1.911658513953562455e+00  2.141432536179512791e+00  2.439054742837483580e+00  2.913790091112793412e+00
19 381 1.285304e+00 2.271134e+01  1.911658513953562455e+00  2.116540575486586473e+00  2.484402481006289243e+00  2.921982196687370248e+00
20 401 1.286063e+00 2.271961e+01  1.911658513953562455e+00  2.124852153571476165e+00  2.383097666824301353e+00  2.748562743729395574e+00
21 421 1.292463e+00 2.272150e+01  1.911658513953562455e+00  2.193348770872560749e+00  2.609646040417585411e+00  3.396663694918242715e+00
22 441 1.293057e+00 2.273014e+01  1.911658513953562455e+00  2.148897647806515820e+00  2.447413513435084287e+00  2.906316436613554544e+00
23 461 1.289744e+00 2.274806e+01  1.911658513953562455e+00  2.221305841543522952e+00  2.495196181272198110e+00  2.927157898934205971e+00
24 481 1.291445e+00 2.275782e+01  1.911658513953562455e+00  2.184381835727970067e+00  2.483142928488966561e+00  2.888622974341614746e+00
25 501 1.293190e+00 2.276754e+01  1.911658513953562455e+00  2.166491247324220382e+00  2.399644820725404415e+00  3.120078595305046942e+00
26 521 1.293433e+00 2.278788e+01  1.911658513953562455e+00  2.234817292093104424e+00  2.504147351573481117e+00  3.288713206469288330e+00
27 541 1.294583e+00 2.280530e+01  1.911658513953562455e+00  2.318351288864347381e+00  2.655900568374015336e+00  3.027348343782192419e+00
28 561 1.288256e+00 2.279347e+01  1.911658513953562455e+00  2.232619529798615332e+00  2.586402075983371240e+00  2.969247351287998438e+00
29 581 1.279907e+00 2.279000e+01  1.911658513953562455e+00  2.217970019459871267e+00  2.530251781285362878e+00  5.440141309962426952e+00
30 601 1.280255e+00 2.279281e+01  1.911658513953562455e+00  2.189861526143795256e+00  2.611735257751899297e+00  3.005939467706632673e+00
31 621 1.277962e+00 2.279360e+01  1.911658513953562455e+00  2.300534078569092866e+00  2.541493046149217783e+00  2.942763898715327731e+00
32 641 1.270265e+00 2.279046e+01  1.911658513953562455e+00  2.242305262854320080e+00  2.610449071173702507e+00  3.037146293416173037e+00
33 661 1.251809e+00 2.279459e+01  1.911658513953562455e+00  2.261273410711527099e+00  2.607382484048893723e+00  3.119354860842484367e+00
34 681 1.237564e+00 2.280582e+01  1.911658513953562455e+00  2.243401131528166559e+00  2.463832733412112397e+00  3.281378541776513114e+00
35 701 1.224684e+00 2.281384e+01  1.911658513953562455e+00  2.207757990621787680e+00  2.450688420506657028e+00  2.978497941669253191e+00
36 721 1.218250e+00 2.282084e+01  1.911658513953562455e+00  2.208002865333460463e+00  2.410764660919875624e+00  2.867530986274624105e+00
37 741 1.210681e+00 2.283777e+01  1.911658513953562455e+00  2.172291843898754848e+00  2.477558228582968258e+00  3.067190505784616050e+00
38 761 1.203007e+00 2.284764e+01  1.911658513953562455e+00  2.216955706769583312e+00  2.418078879485964894e+00  2.829984882500558019e+00
39 781 1.190297e+00 2.284957e+01  1.911658513953562455e+00  2.215188538848747779e+00  2.419583000568069409e+00  4.720337425429327993e+00
40 801 1.174772e+00 2.285209e+01  1.911658513953562455e+00  2.207442838760650172e+00  2.457267168424911219e+00  2.740862271639181280e+00
41 821 1.162791e+00 2.285392e+01  1.911658513953562455e+00  2.211298787393950249e+00  2.474368811362137599e+00  3.027103717649104020e+00
42 841 1.155542e+00 2.289034e+01  1.911658513953562455e+00  2.174817796260976710e+00  2.473494101761323449e+00  2.960415932622797452e+00
43 861 1.143680e+00 2.289721e+01  1.911658513953562455e+00  2.230351405338992343e+00  2.361863768825501531e+00  2.840354458087578582e+00
44 881 1.129571e+00 2.290186e+01  1.911658513953562455e+00  2.193712865135920786e+00  2.448224199384517519e+00  3.035628253573208202e+00
45 901 1.120923e+00 2.291119e+01  1.911658513953562455e+00  2.203215945427672739e+00  2.415612251028839808e+00  2.851108092522136150e+00
46 921 1.116285e+00 2.291852e+01  1.911658513953562455e+00  2.212244735892383574e+00  2.381754625617751309e+00  2.818679889432086583e+00
47 941 1.110637e+00 2.293682e+01  1.911658513953562455e+00  2.224019872618047344e+00  2.451456932874613859e+00  2.719186510878276675e+00
48 961 1.108683e+00 2.294191e+01  1.911658513953562455e+00  2.132167595898022405e+00  2.378713323703228966e+00  2.771573612405934917e+00
49 981 1.095779e+00 2.295749e+01  1.911658513953562455e+00  2.206208968242263424e+00  2.442004286271772795e+00  5.932809799623945501e+00
50 1001 1.085153e+00 2.296330e+01  1.911658513953562455e+00  2.150684244870150863e+00  2.323381259734349058e+00  3.040031644634307639e+00
51 1021 1.078577e+00 2.295935e+01  1.911658513953562455e+00  2.237101321373440754e+00  2.364083535171856099e+00  2.733835442083110134e+00
52 1041 1.071448e+00 2.297033e+01  1.911658513953562455e+00  2.172633475501540179e+00  2.435100193409662772e+00  3.124804202139063847e+00
53 1061 1.059010e+00 2.296998e+01  1.911658513953562455e+00  2.152526313052636642e+00  2.421840299660440010e+00  5.836131964130222727e+00
54 1081 1.044851e+00 2.298388e+01  1.911658513953562455e+00  2.130849018361039793e+00  2.305609156061398934e+00  5.609871023197387174e+00
55 1101 1.033798e+00 2.298820e+01  1.911658513953562455e+00  2.175313264564449511e+00  2.438954033488589079e+00  6.189765074969842296e+00
56 1121 1.023849e+00 2.298854e+01  1.911658513953562455e+00  2.111575185521131992e+00  2.237101042808534501e+00  2.578676135626278842e+00
57 1141 1.017365e+00 2.299917e+01  1.911658513953562455e+00  2.092529794408733324e+00  2.288494813025258701e+00  2.840142174557891419e+00
58 1161 1.008816e+00 2.300712e+01  1.911658513953562455e+00  2.117683241875631950e+00  2.276566312041427231e+00  2.756957844279111836e+00
59 1181 9.999940e-01 2.301887e+01  1.911658513953562455e+00  2.141299440947996846e+00  2.275529726590484803e+00  2.829507456855908654e+00
60 1201 9.909305e-01 2.303522e+01  1.911658513953562455e+00  2.084108618947822400e+00  2.290321380401309170e+00  2.799729388903885674e+00
61 1221 9.807297e-01 2.303880e+01  1.911658513953562455e+00  2.195661149110490484e+00  2.318312590042811649e+00  2.709082538384188776e+00
62 1241 9.768286e-01 2.304605e+01  1.911658513953562455e+00  2.148350742032709260e+00  2.357503740570983997e+00  2.871523024506747568e+00
63 1261 9.720903e-01 2.305000e+01  1.911658513953562455e+00  2.090465231427543369e+00  2.306051068078263100e+00  2.624052859101538626e+00
64 1281 9.585419e-01 2.306995e+01  1.911658513953562455e+00  2.099514315050974300e+00  2.303632041378482320e+00  2.571437902351214166e+00
65 1301 9.509508e-01 2.309416e+01  1.911658513953562455e+00  2.053255658960298824e+00  2.345704060148038117e+00  2.904662137404387057e+00
66 1321 9.469242e-01 2.310289e+01  1.911658513953562455e+00  2.036770600074769177e+00  2.330546341596599902e+00  6.055568948675381868e+00
67 1341 9.394133e-01 2.310738e+01  1.911658513953562455e+00  2.113130333611668465e+00  2.367131359038815663e+00  2.740450906704983147e+00
68 1361 9.328312e-01 2.311352e+01  1.911658513953562455e+00  2.047739300424300080e+00  2.189726127176481185e+00  2.650154672901986252e+00
69 1381 9.299183e-01 2.312282e+01  1.911658513953562455e+00  2.059802922225497213e+00  2.241424267484085853e+00  2.499417222423979013e+00
70 1401 9.281851e-01 2.312986e+01  1.911658513953562455e+00  2.088004716735094135e+00  2.226666690823560391e+00  2.488794319333544447e+00
71 1421 9.270959e-01 2.313024e+01  1.911658513953562455e+00  2.056131536084993439e+00  2.315809206908383544e+00  2.583613986342402580e+00
72 1441 9.300741e-01 2.313638e+01  1.911658513953562455e+00  2.099276959702784051e+00  2.313157839164942331e+00  2.553745924077460039e+00
73 1461 9.363323e-01 2.314738e+01  1.911658513953562455e+00  2.055223077760476968e+00  2.269064974881438879e+00  5.920295982794034018e+00
74 1481 9.448755e-01 2.314847e+01  1.911658513953562455e+00  2.134742410876458329e+00  2.267223857759353312e+00  2.585656327536413279e+00
75 1501 9.505492e-01 2.316885e+01  1.911658513953562455e+00  2.080483013044025942e+00  2.349894701793025398e+00  2.882366463329283590e+00
76 1521 9.540547e-01 2.318324e+01  1.911658513953562455e+00  2.133282033867463401e+00  2.334015519851756704e+00  2.624299340605328990e+00
77 1541 9.601826e-01 2.318699e+01  1.911658513953562455e+00  2.126057710652013988e+00  2.418273141759871070e+00  2.773369734365122685e+00
78 1561 9.654342e-01 2.318797e+01  1.911658513953562455e+00  2.102327598342668580e+00  2.345607419237092373e+00  2.677324597504579184e+00
79 1581 9.686309e-01 2.319353e+01  1.911658513953562455e+00  2.168584338542396406e+00  2.367552452140863295e+00  2.924687455108314627e+00
80 1601 9.635477e-01 2.320534e+01  1.911658513953562455e+00  2.120371348020508417e+00  2.326333551060033145e+00  2.719692661153152891e+00
81 1621 9.570189e-01 2.320367e+01  1.911658513953562455e+00  2.140238719006535284e+00  2.404830679369853286e+00  3.321091576874967810e+00
82 1641 9.487943e-01 2.320061e+01  1.911658513953562455e+00  2.102212521246192178e+00  2.349793784201575697e+00  2.883537940315026304e+00
83 1661 9.438377e-01 2.320399e+01  1.911658513953562455e+00  2.048655092095195140e+00  2.196650595097017877e+00  2.543930051329585051e+00
84 1681 9.413267e-01 2.320695e+01  1.911658513953562455e+00  2.118853300661350580e+00  2.335968060629338261e+00  2.773195003276871073e+00
85 1701 9.400049e-01 2.322918e+01  1.911658513953562455e+00  2.088934950669072421e+00  2.312424903101363949e+00  2.888882233104753006e+00
86 1721 9.393393e-01 2.323243e+01  1.911658513953562455e+00  2.158025924336008039e+00  2.331951211412141678e+00  2.521761338757398274e+00
87 1741 9.379292e-01 2.324286e+01  1.911658513953562455e+00  2.084626987969092848e+00  2.261753931389615335e+00  2.913925840106205811e+00
88 1761 9.405361e-01 2.325618e+01  1.911658513953562455e+00  2.146231874558660380e+00  2.277320316118080168e+00  2.914342560821732597e+00
89 1781 9.438767e-01 2.326827e+01  1.911658513953562455e+00  2.138968864519763979e+00  2.318004855463775549e+00  2.579123547577990117e+00
90 1801 9.446565e-01 2.326532e+01  1.911658513953562455e+00  2.114940722875437995e+00  2.366718249770031868e+00  2.651699300671767290e+00
91 1821 9.396263e-01 2.326667e+01  1.911658513953562455e+00  2.148733932281475134e+00  2.314196404975505050e+00  2.679050194827981013e+00
92 1841 9.291446e-01 2.327648e+01  1.911658513953562455e+00  2.124329825162958318e+00  2.308691430441526027e+00  2.739508916821954188e+00
93 1861 9.182970e-01 2.327735e+01  1.911658513953562455e+00  2.156312552591447940e+00  2.302103037438405941e+00  2.546691297107435581e+00
94 1881 9.090552e-01 2.328495e+01  1.911658513953562455e+00  2.090326179241289939e+00  2.276617556739584103e+00  2.430840913788270274e+00
95 1901 8.994966e-01 2.329335e+01  1.911658513953562455e+00  2.165433181505860727e+00  2.313095678362821594e+00  2.641138571019363557e+00
96 1921 8.938064e-01 2.329470e+01  1.911658513953562455e+00  2.131848042715854152e+00  2.256728601258403799e+00  2.721727630074134208e+00
97 1941 8.933478e-01 2.330072e+01  1.911658513953562455e+00  2.118822221493016134e+00  2.251666232414352375e+00  2.413719499112460198e+00
98 1961 8.913697e-01 2.330280e+01  1.911658513953562455e+00  2.116508212219320839e+00  2.289421541168267460e+00  2.639160215699972944e+00
99 1981 8.872078e-01 2.330486e+01  1.911658513953562455e+00  2.117364844796812307e+00  2.219489948198154039e+00  2.451794652823274134e+00
100 2001 8.786261e-01 2.330557e+01  1.911658513953562455e+00  2.133806928821785576e+00  2.238540358171028366e+00  2.659927732131527112e+00
101 2021 8.709034e-01 2.331212e+01  1.911658513953562455e+00  2.126748256868356446e+00  2.285837158470790165e+00  2.616451772019584787e+00
102 2041 8.638777e-01 2.332413e+01  1.911658513953562455e+00  2.093376860905609149e+00  2.237883164982992668e+00  2.590468555442138943e+00
103 2061 8.547969e-01 2.334074e+01  1.911658513953562455e+00  2.116078428207301076e+00  2.297993629925613845e+00  2.821074150219681886e+00
104 2081 8.494559e-01 2.334825e+01  1.911658513953562455e+00  2.135532858365871256e+00  2.249800616327710223e+00  2.558897999946932789e+00
105 2101 8.438097e-01 2.335557e+01  1.911658513953562455e+00  2.110554593896653675e+00  2.256147558975299283e+00  2.532588074196918893e+00
106 2121 8.342814e-01 2.336222e+01  1.911658513953562455e+00  2.110361646901120380e+00  2.267919066903318903e+00  2.392901963676770105e+00
107 2141 8.231384e-01 2.336681e+01  1.911658513953562455e+00  2.093036242620728071e+00  2.200130855108555217e+00  2.439161043713821364e+00
108 2161 8.120019e-01 2.336921e+01  1.911658513953562455e+00  2.135468411872112338e+00  2.250408975601160044e+00  2.692051125827400693e+00
109 2181 8.036460e-01 2.337121e+01  1.911658513953562455e+00  2.081862127974555943e+00  2.239170025435151423e+00  2.437661082908796129e+00
110 2201 7.933301e-01 2.337790e+01  1.911658513953562455e+00  2.098872001192935599e+00  2.203077542074397321e+00  2.390330961119525810e+00
111 2221 7.841476e-01 2.338880e+01  1.911658513953562455e+00  2.100798525678644779e+00  2.235961146757561302e+00  2.695066691288001692e+00
112 2241 7.803266e-01 2.339190e+01  1.911658513953562455e+00  2.053165384160054785e+00  2.248125172924460902e+00  4.662861059489888937e+00
113 2261 7.735547e-01 2.340422e+01  1.911658513953562455e+00  2.089227292819393789e+00  2.178478403971124244e+00  2.470713665039782736e+00
114 2281 7.665424e-01 2.340802e+01  1.911658513953562455e+00  2.092352676063261363e+00  2.183713428446050209e+00  2.361412267195841519e+00
115 2301 7.613909e-01 2.340873e+01  1.911658513953562455e+00  2.123469411071423618e+00  2.225214070880829453e+00  2.355402008234166900e+00
116 2321 7.570224e-01 2.341939e+01  1.911658513953562455e+00  2.065720096892614155e+00  2.178700414822388076e+00  2.414580375352020525e+00
117 2341 7.477787e-01 2.344059e+01  1.911658513953562455e+00  2.061128991076856209e+00  2.232857655287456389e+00  2.528432691762449558e+00
118 2361 7.365222e-01 2.345260e+01  1.911658513953562455e+00  2.088964166560804081e+00  2.216325036664001935e+00  2.356611339097183233e+00
119 2381 7.261818e-01 2.347796e+01  1.911658513953562455e+00  2.082227707363387026e+00  2.179652633041789578e+00  2.352247337040287434e+00
120 2401 7.179153e-01 2.348320e+01  1.911658513953562455e+00  2.084196246785868123e+00  2.160712359086659262e+00  2.353790341799299135e+00
121 2421 7.068175e-01 2.349399e+01  1.911658513953562455e+00  2.067931968732248382e+00  2.173007689309375934e+00  2.333522020610757419e+00
122 2441 6.992137e-01 2.349803e+01  1.911658513953562455e+00  2.072597598860972834e+00  2.152213865190843123e+00  4.573815966601257443e+00
123 2461 6.919819e-01 2.351770e+01  1.911658513953562455e+00  2.031513991922244244e+00  2.186579382103173153e+00  2.442681102140327631e+00
124 2481 6.840382e-01 2.351799e+01  1.911658513953562455e+00  2.061033146833628038e+00  2.140713067845932738e+00  2.307920144471749868e+00
125 2501 6.761769e-01 2.351973e+01  1.911658513953562455e+00  2.064990810171044355e+00  2.142003213718567611e+00  2.427945838079297314e+00
126 2521 6.668032e-01 2.352890e+01  1.911658513953562455e+00  2.052382545504715328e+00  2.162490655855119126e+00  2.384119963320091795e+00
127 2541 6.583095e-01 2.352573e+01  1.911658513953562455e+00  2.035289998637361819e+00  2.107379962549081220e+00  2.280512450147517356e+00
128 2561 6.540166e-01 2.353497e+01  1.911658513953562455e+00  2.060371389544995324e+00  2.164801350046028805e+00  2.407366892809290615e+00
129 2581 6.539952e-01 2.353862e+01  1.911658513953562455e+00  2.057156751543676165e+00  2.150078912878019999e+00  2.487438559681892869e+00
130 2601 6.523271e-01 2.354882e+01  1.911658513953562455e+00  2.055060538352502242e+00  2.148429269779619233e+00  2.227222709909510989e+00
131 2621 6.475337e-01 2.354793e+01  1.911658513953562455e+00  2.030323695481361490e+00  2.148997348100045279e+00  2.327098914441924293e+00
132 2641 6.464348e-01 2.354556e+01  1.911658513953562455e+00  2.041394850957118923e+00  2.116700267343477826e+00  2.409838552014394342e+00
133 2661 6.420347e-01 2.355144e+01  1.911658513953562455e+00  2.049064435628463077e+00  2.087710131810765368e+00  2.379593247811417456e+00
134 2681 6.409541e-01 2.355975e+01  1.911658513953562455e+00  2.016880228746933401e+00  2.161020167614841281e+00  2.520324631342024446e+00
135 2701 6.432344e-01 2.358256e+01  1.911658513953562455e+00  2.029411101671120488e+00  2.170239409199647973e+00  2.311132788610788857e+00
136 2721 6.500542e-01 2.360311e+01  1.911658513953562455e+00  2.055829331770647084e+00  2.130588410699183477e+00  2.309245391557990246e+00
137 2741 6.517763e-01 2.361472e+01  1.911658513953562455e+00  2.027533330511189558e+00  2.163468773666755496e+00  2.615974903627035442e+00
138 2761 6.530220e-01 2.365247e+01  1.911658513953562455e+00  2.043034457538249971e+00  2.131841474161197070e+00  2.273617751654239072e+00
139 2781 6.515384e-01 2.366803e+01  1.911658513953562455e+00  2.012080325788240476e+00  2.172833887909199291e+00  2.408424227054509537e+00
140 2801 6.513344e-01 2.369477e+01  1.911658513953562455e+00  2.041014852861681828e+00  2.170435514547992994e+00  2.322855918758589322e+00
141 2821 6.464815e-01 2.373483e+01  1.911658513953562455e+00  2.034048466450954606e+00  2.101326517657990056e+00  2.268895781834362690e+00
142 2841 6.442563e-01 2.375871e+01  1.911658513953562455e+00  2.036586055669499906e+00  2.130060932512060745e+00  2.323970679824829411e+00
143 2861 6.428522e-01 2.378717e+01  1.911658513953562455e+00  2.030190948245938820e+00  2.171618790821586042e+00  4.664994894137739934e+00
144 2881 6.395360e-01 2.380791e+01  1.911658513953562455e+00  2.061546209541927688e+00  2.116190568303251140e+00  2.444113863574855827e+00
145 2901 6.386809e-01 2.383134e+01  1.911658513953562455e+00  2.024068157645893873e+00  2.116078412633106698e+00  2.403037403442557896e+00
146 2921 6.370414e-01 2.386075e+01  1.911658513953562455e+00  2.053304288790063659e+00  2.160355547700563150e+00  2.352926583188581056e+00
147 2941 6.299047e-01 2.388724e+01  1.911658513953562455e+00  2.026799525797190693e+00  2.131375947455184772e+00  2.455959551495555448e+00
148 2961 6.233227e-01 2.391267e+01  1.911658513953562455e+00  1.998142536489073029e+00  2.123385848094918149e+00  2.405246526207784452e+00
149 2981 6.198416e-01 2.393655e+01  1.911658513953562455e+00  2.033223488745693253e+00  2.105136576169332141e+00  2.218302840329995362e+00
150 3001 6.134834e-01 2.394987e+01  1.911658513953562455e+00  2.024691371988381672e+00  2.140625092234826443e+00  2.241994818298026715e+00
151 3021 6.041999e-01 2.397269e+01  1.911658513953562455e+00  2.003152926179145421e+00  2.123900174806843122e+00  2.459628802671913750e+00
152 3041 5.992950e-01 2.397989e+01  1.911658513953562455e+00  2.050584198367951583e+00  2.143853729237184869e+00  2.215248497312963583e+00
153 3061 5.971514e-01 2.400418e+01  1.911658513953562455e+00  2.015230347548102596e+00  2.078536194581925844e+00  2.341467658577804922e+00
154 3081 5.923834e-01 2.400152e+01  1.911658513953562455e+00  2.023786050781890555e+00  2.100943046981528894e+00  2.241823202701794138e+00
155 3101 5.866863e-01 2.400770e+01  1.911658513953562455e+00  2.007079703497914203e+00  2.100287522513858196e+00  2.313983114587887524e+00
156 3121 5.824290e-01 2.401671e+01  1.911658513953562455e+00  2.019608207686284018e+00  2.121993365781531082e+00  2.371915364064639320e+00
157 3141 5.790152e-01 2.403645e+01  1.911658513953562455e+00  2.015530048737069979e+00  2.120409156809648366e+00  2.326063592235478428e+00
158 3161 5.761820e-01 2.403989e+01  1.911658513953562455e+00  2.026364069415249602e+00  2.135449090777033820e+00  2.303995699729209257e+00
159 3181 5.779740e-01 2.406479e+01  1.911658513953562455e+00  2.043584007971006145e+00  2.083290965213677737e+00  2.289918832242969771e+00
160 3201 5.850642e-01 2.407642e+01  1.911658513953562455e+00  2.034198344646578338e+00  2.101161517866593886e+00  2.320411526922846246e+00
161 3221 5.942564e-01 2.409127e+01  1.911658513953562455e+00  2.010713959609964352e+00  2.088570936522478938e+00  2.470713111582171884e+00
162 3241 6.029285e-01 2.410413e+01  1.911658513953562455e+00  2.013410127568053820e+00  2.129973190331784672e+00  2.260903882994109271e+00
163 3261 6.116425e-01 2.411410e+01  1.911658513953562455e+00  2.010570122856637276e+00  2.121206110625613483e+00  2.322739378080648454e+00
164 3281 6.189175e-01 2.412391e+01  1.911658513953562455e+00  1.997042087069411220e+00  2.115712894526045496e+00  2.241186906946837532e+00
165 3301 6.279112e-01 2.413168e+01  1.911658513953562455e+00  1.995836364843565525e+00  2.114471275342646450e+00  2.579963596448814123e+00
166 3321 6.324836e-01 2.415246e+01  1.911658513953562455e+00  2.050568745506906598e+00  2.123010536445077534e+00  2.325657536743070963e+00
167 3341 6.377035e-01 2.415780e+01  1.911658513953562455e+00  2.027882218571135375e+00  2.126564175442962501e+00  2.304002758743447732e+00
168 3361 6.400001e-01 2.417400e+01  1.911658513953562455e+00  2.064866337903686233e+00  2.154492068261839144e+00  2.425852607714655829e+00
169 3381 6.399928e-01 2.418445e+01  1.911658513953562455e+00  2.028934915006723294e+00  2.162388351160036137e+00  2.399803516577587725e+00
170 3401 6.394392e-01 2.420172e+01  1.911658513953562455e+00  2.016435290881573472e+00  2.131757880896770541e+00  2.306790095498968629e+00
171 3421 6.379435e-01 2.421875e+01  1.911658513953562455e+00  2.029313455913512865e+00  2.144085000864297541e+00  2.380115065857356882e+00
172 3441 6.356505e-01 2.422620e+01  1.911658513953562455e+00  2.047545159333431730e+00  2.135510950796148943e+00  2.303724610053540012e+00
173 3461 6.331624e-01 2.423432e+01  1.911658513953562455e+00  2.032280112494758040e+00  2.114379370743819209e+00  2.268716283981874859e+00
174 3481 6.313011e-01 2.424082e+01  1.911658513953562455e+00  2.051233228049173629e+00  2.153342061874099045e+00  2.382469059251997923e+00
175 3501 6.282325e-01 2.425020e+01  1.911658513953562455e+00  2.026636124012348272e+00  2.169566730449359326e+00  4.721665057661446063e+00
176 3521 6.259181e-01 2.426903e+01  1.911658513953562455e+00  2.007277537196759720e+00  2.116469280520381524e+00  2.355448623646126283e+00
177 3541 6.245437e-01 2.429174e+01  1.911658513953562455e+00  2.025417029901992905e+00  2.096072937476646025e+00  2.519651984036602954e+00
178 3561 6.236361e-01 2.433574e+01  1.911658513953562455e+00  1.995379277439376819e+00  2.091380631257368172e+00  2.509493510844449826e+00
179 3581 6.210681e-01 2.436278e+01  1.911658513953562455e+00  2.022297693284097697e+00  2.093756641229653326e+00  2.250944645450231985e+00
180 3601 6.246119e-01 2.438580e+01  1.911658513953562455e+00  2.023511613405630793e+00  2.107633648495235601e+00  2.790686549822677165e+00
181 3621 6.241159e-01 2.440241e+01  1.911658513953562455e+00  2.014674991919305214e+00  2.111349834596229158e+00  2.215208516150723561e+00
182 3641 6.211793e-01 2.440777e+01  1.911658513953562455e+00  2.001816984915278486e+00  2.075784225636820857e+00  4.673536813343438290e+00
183 3661 6.185875e-01 2.442247e+01  1.911658513953562455e+00  2.015506633521864543e+00  2.165326103259776147e+00  2.445009679699456040e+00
184 3681 6.152236e-01 2.441787e+01  1.911658513953562455e+00  2.015642180118208504e+00  2.099128544529062168e+00  2.222265697191390554e+00
185 3701 6.155503e-01 2.444297e+01  1.911658513953562455e+00  2.014804267778774083e+00  2.105589690976203521e+00  2.258225781585426972e+00
186 3721 6.136657e-01 2.444863e+01  1.911658513953562455e+00  2.002655130178521592e+00  2.080596554423308930e+00  2.537334098217097544e+00
187 3741 6.123698e-01 2.445811e+01  1.911658513953562455e+00  2.025347818126747246e+00  2.125921914601863083e+00  2.419319019489455602e+00
188 3761 6.120848e-01 2.447119e+01  1.911658513953562455e+00  2.019683849465499836e+00  2.142703342025334301e+00  2.331205017244132982e+00
189 3781 6.110553e-01 2.448359e+01  1.911658513953562455e+00  2.012564421381773716e+00  2.107624408640640823e+00  2.215464850884623971e+00
190 3801 6.117215e-01 2.449026e+01  1.911658513953562455e+00  2.063667675824679026e+00  2.121333699510031146e+00  2.330671329040972850e+00
191 3821 6.131453e-01 2.450420e+01  1.911658513953562455e+00  2.012432447747386277e+00  2.152840392584736140e+00  5.073419452505680383e+00
192 3841 6.103975e-01 2.453057e+01  1.911658513953562455e+00  1.978789432148018834e+00  2.129356205016138759e+00  2.470206847555208363e+00
193 3861 6.096349e-01 2.454510e+01  1.911658513953562455e+00  2.017139486574127449e+00  2.077895736472226140e+00  2.314258740008178883e+00
194 3881 6.105415e-01 2.455214e+01  1.911658513953562455e+00  2.036701057206568688e+00  2.132286563558228210e+00  2.277374461762601499e+00
195 3901 6.095157e-01 2.456509e+01  1.911658513953562455e+00  1.985109726825678766e+00  2.148314560391493266e+00  2.262357819539936532e+00
196 3921 6.080256e-01 2.456874e+01  1.911658513953562455e+00  1.993981150310512040e+00  2.091391605426444311e+00  2.403644893322813836e+00
197 3941 6.045067e-01 2.458095e+01  1.911658513953562455e+00  2.017530755823879751e+00  2.144275954597322453e+00  2.380118669298518341e+00
198 3961 5.975691e-01 2.457524e+01  1.911658513953562455e+00  2.034406326868634096e+00  2.137350310268881337e+00  2.355223326614905854e+00
199 3981 5.900156e-01 2.461194e+01  1.911658513953562455e+00  1.994474001318885081e+00  2.123539637497533938e+00  2.320976449513573847e+00
200 4001 5.857081e-01 2.462890e+01  1.911658513953562455e+00  1.976415724982785616e+00  2.080802673804634573e+00  2.270856431838705447e+00
201 4021 5.841034e-01 2.465206e+01  1.911658513953562455e+00  1.992895501518100243e+00  2.101163090363001196e+00  2.314015451451058691e+00
202 4041 5.836108e-01 2.467123e+01  1.911658513953562455e+00  2.024661669813942133e+00  2.096346554577509291e+00  2.484761384275240292e+00
203 4061 5.805256e-01 2.468556e+01  1.911658513953562455e+00  2.014863643898917367e+00  2.087449670104499777e+00  2.427392571258446541e+00
204 4081 5.771620e-01 2.470200e+01  1.911658513953562455e+00  2.008384894447755364e+00  2.089410608322480822e+00  2.240842444568060365e+00
205 4101 5.767108e-01 2.470452e+01  1.911658513953562455e+00  2.005726551580624850e+00  2.091296861434813081e+00  2.285592042281853420e+00
206 4121 5.770583e-01 2.470056e+01  1.911658513953562455e+00  2.051249083425565445e+00  2.180005758452512765e+00  2.551977014736930283e+00
207 4141 5.759226e-01 2.471045e+01  1.911658513953562455e+00  2.004339289691947190e+00  2.133487379395455186e+00  2.377839929547294506e+00
208 4161 5.742753e-01 2.472767e+01  1.911658513953562455e+00  1.999987998094737263e+00  2.148370144416837935e+00  2.379076988222245781e+00
209 4181 5.736514e-01 2.475073e+01  1.911658513953562455e+00  2.038844186780080836e+00  2.115217642940534937e+00  2.387477540756854033e+00
210 4201 5.703883e-01 2.476841e+01  1.911658513953562455e+00  2.049299178524297993e+00  2.119894867113746528e+00  2.345060258185339919e+00
211 4221 5.674407e-01 2.479056e+01  1.911658513953562455e+00  1.998800875442548364e+00  2.106817200310166616e+00  2.259761683001152655e+00
212 4241 5.642146e-01 2.478308e+01  1.911658513953562455e+00  1.998117082049291726e+00  2.139880858946636710e+00  2.297718667385379554e+00
213 4261 5.580646e-01 2.479679e+01  1.911658513953562455e+00  2.027725281654824130e+00  2.144411212339855766e+00  2.354051659360470339e+00
214 4281 5.531947e-01 2.480761e+01  1.911658513953562455e+00  1.998868254587482518e+00  2.075335099462229937e+00  2.303597525323623607e+00
215 4301 5.448610e-01 2.481011e+01  1.911658513953562455e+00  2.013564448796635098e+00  2.092529790290224234e+00  2.306359428921094246e+00
216 4321 5.381605e-01 2.482649e+01  1.911658513953562455e+00  2.025356837969185975e+00  2.099873821922784600e+00  2.252854652090254373e+00
217 4341 5.326651e-01 2.483281e+01  1.911658513953562455e+00  1.996514816428593075e+00  2.065616941158867181e+00  2.301683934094178152e+00
218 4361 5.232840e-01 2.481854e+01  1.911658513953562455e+00  2.034390161228303739e+00  2.084032654854577338e+00  2.181239065005849742e+00
219 4381 5.178420e-01 2.480969e+01  1.911658513953562455e+00  2.009104736872828756e+00  2.069307794979867055e+00  2.183446875409653654e+00
220 4401 5.140567e-01 2.482257e+01  1.911658513953562455e+00  1.982460337875497247e+00  2.062374509828408531e+00  2.283275102006049107e+00
221 4421 5.092613e-01 2.482912e+01  1.911658513953562455e+00  1.977435096152597938e+00  2.080812018762094429e+00  2.342703284638882000e+00
222 4441 5.059741e-01 2.484179e+01  1.911658513953562455e+00  1.990071337557297593e+00  2.056599579907261166e+00  2.306168854319521788e+00
223 4461 5.014950e-01 2.484760e+01  1.911658513953562455e+00  1.983763323051068950e+00  2.044159589785618181e+00  2.282021470562410226e+00
224 4481 4.972665e-01 2.485578e+01  1.911658513953562455e+00  1.990313937655239673e+00  2.054789927880345868e+00  2.121380353473917513e+00
225 4501 4.933936e-01 2.485869e+01  1.911658513953562455e+00  1.976688980972519660e+00  2.029885796535256581e+00  2.232519060956870138e+00
226 4521 4.903489e-01 2.486857e+01  1.911658513953562455e+00  1.987405415153840060e+00  2.051636267811255632e+00  2.242022760456883645e+00
227 4541 4.886485e-01 2.487192e+01  1.911658513953562455e+00  1.983198873786619743e+00  2.093436971203904484e+00  2.478289930645323658e+00
228 4561 4.877929e-01 2.488155e+01  1.911658513953562455e+00  1.978884580248184033e+00  2.035626843274287445e+00  2.180208585035801949e+00
229 4581 4.896640e-01 2.488129e+01  1.911658513953562455e+00  1.993073422797419170e+00  2.040036657092307859e+00  2.261096850350683418e+00
230 4601 4.907786e-01 2.488542e+01  1.911658513953562455e+00  1.971625592983985875e+00  2.058506930141649427e+00  2.213496156660892833e+00
231 4621 4.916367e-01 2.488372e+01  1.911658513953562455e+00  1.969297760962823052e+00  2.042305845641638307e+00  2.252082797433393679e+00
232 4641 4.927190e-01 2.488923e+01  1.911658513953562455e+00  1.967550932901921845e+00  2.031292972767415606e+00  2.155069213408827178e+00
233 4661 4.949168e-01 2.489237e+01  1.911658513953562455e+00  1.977184452546797644e+00  2.038264068458008005e+00  2.215381182751288591e+00
234 4681 4.985270e-01 2.489924e+01  1.911658513953562455e+00  1.984002154991751699e+00  2.060115342353134427e+00  2.252256700610469675e+00
235 4701 5.021344e-01 2.492723e+01  1.911658513953562455e+00  1.987436063798184493e+00  2.048938391248524837e+00  2.215799207576257146e+00
236 4721 5.007931e-01 2.493529e+01  1.911658513953562455e+00  1.994766527024175451e+00  2.064050520348239992e+00  2.343643161531014485e+00
237 4741 4.984961e-01 2.494294e+01  1.911658513953562455e+00  1.973038481125827248e+00  2.020112467788105715e+00  2.207185255492648324e+00
238 4761 4.960385e-01 2.495486e+01  1.911658513953562455e+00  1.975240371000817508e+00  2.034285725135452694e+00  2.142768215090728123e+00
239 4781 4.948916e-01 2.497274e+01  1.911658513953562455e+00  1.978445149146462079e+00  2.042066983944732961e+00  2.198669163336709698e+00
240 4801 4.928391e-01 2.497895e+01  1.911658513953562455e+00  1.968156520015553745e+00  2.050666189177360543e+00  2.214483400019713333e+00
241 4821 4.902441e-01 2.498154e+01  1.911658513953562455e+00  1.993347026746771444e+00  2.062921699940854836e+00  2.212432539441520518e+00
242 4841 4.888971e-01 2.498751e+01  1.911658513953562455e+00  1.989934085752947501e+00  2.051059937395986132e+00  2.244032877154714445e+00
243 4861 4.896234e-01 2.500006e+01  1.911658513953562455e+00  1.990425801948799922e+00  2.049362566266835550e+00  2.287902044941187985e+00
244 4881 4.878962e-01 2.501224e+01  1.911658513953562455e+00  1.981421411544265654e+00  2.092671377723633874e+00  2.307066293743139429e+00
245 4901 4.858898e-01 2.502619e+01  1.911658513953562455e+00  1.978288724548266098e+00  2.035262481685438107e+00  2.426338239781264061e+00
246 4921 4.861624e-01 2.504258e+01  1.911658513953562455e+00  1.990028785931430066e+00  2.034712687254771168e+00  2.166352893341205732e+00
247 4941 4.856953e-01 2.508055e+01  1.911658513953562455e+00  1.965163245381269963e+00  2.043217046446665908e+00  2.119620361647332363e+00
248 4961 4.850935e-01 2.508561e+01  1.911658513953562455e+00  2.009384181011604653e+00  2.072361034880773722e+00  2.219503655214976057e+00
249 4981 4.820922e-01 2.508687e+01  1.911658513953562455e+00  1.979424895532895023e+00  2.029253088201111499e+00  2.171035870237872256e+00
250 5001 4.788412e-01 2.511185e+01  1.911658513953562455e+00  1.957328642957036680e+00  2.046985447979614570e+00  2.222774659471180136e+00
251 5021 4.763067e-01 2.511807e+01  1.911658513953562455e+00  1.968408673779630025e+00  2.032948870091211724e+00  2.148910700823640774e+00
252 5041 4.755110e-01 2.513651e+01  1.911658513953562455e+00  1.961244412285288785e+00  2.047860676102142286e+00  2.213151046021998081e+00
253 5061 4.740489e-01 2.515104e+01  1.911658513953562455e+00  1.988058660295692670e+00  2.034317494201284049e+00  2.209425611482823459e+00
254 5081 4.714393e-01 2.515500e+01  1.911658513953562455e+00  1.966234811814149719e+00  2.064200454488876346e+00  5.557679758371534717e+00
255 5101 4.700875e-01 2.517366e+01  1.911658513953562455e+00  1.966659372306024611e+00  2.030301253279284346e+00  2.147036917716868665e+00
256 5121 4.709660e-01 2.517010e+01  1.911658513953562455e+00  1.962577399022061408e+00  2.033803233086093343e+00  2.156710966388269757e+00
257 5141 4.746740e-01 2.517697e+01  1.911658513953562455e+00  1.982265337500611846e+00  2.023363698278079603e+00  5.811822880962717264e+00
258 5161 4.759542e-01 2.518419e+01  1.911658513953562455e+00  1.970829949314653939e+00  2.051768527103723372e+00  2.262863757202741244e+00
259 5181 4.758568e-01 2.517708e+01  1.911658513953562455e+00  1.995995900891291308e+00  2.034735520954344068e+00  2.245915678996013742e+00
260 5201 4.747359e-01 2.518879e+01  1.911658513953562455e+00  1.957809114978813048e+00  2.026729190566281424e+00  2.194766522661101948e+00
261 5221 4.751389e-01 2.519165e+01  1.911658513953562455e+00  1.978001687503223582e+00  2.030719921466792144e+00  2.154374441271004414e+00
262 5241 4.715959e-01 2.519757e+01  1.911658513953562455e+00  1.963411478532231413e+00  2.045732582299521596e+00  5.588208975031884407e+00
263 5261 4.691964e-01 2.520173e+01  1.911658513953562455e+00  1.973808751239715109e+00  2.038473932397023791e+00  2.163812656362018139e+00
264 5281 4.700579e-01 2.520097e+01  1.911658513953562455e+00  1.961706879247560487e+00  2.034322896362715127e+00  2.144456594026415530e+00
265 5301 4.694692e-01 2.521265e+01  1.911658513953562455e+00  1.956399320035173917e+00  2.045733001324217426e+00  2.262229460877382525e+00
266 5321 4.723041e-01 2.522762e+01  1.911658513953562455e+00  1.971882715328281632e+00  2.029538984549892788e+00  5.532341051207849247e+00
267 5341 4.732703e-01 2.522553e+01  1.911658513953562455e+00  1.989446409327184417e+00  2.032797182609335174e+00  2.184693404132381556e+00
268 5361 4.735560e-01 2.522428e+01  1.911658513953562455e+00  1.986192755697138823e+00  2.010620213955685909e+00  2.143960771961328060e+00
269 5381 4.714895e-01 2.522658e+01  1.911658513953562455e+00  1.982153463051161690e+00  2.056921423076921052e+00  2.221879397508004228e+00
270 5401 4.678117e-01 2.523373e+01  1.911658513953562455e+00  1.976123492350182032e+00  2.032551970123170904e+00  2.176946541540182523e+00
271 5421 4.645210e-01 2.524247e+01  1.911658513953562455e+00  1.962264241393034681e+00  2.026189276926262828e+00  2.170837661568068899e+00
272 5441 4.597813e-01 2.525216e+01  1.911658513953562455e+00  1.947740791107633429e+00  2.065117131490705304e+00  2.283473492395949656e+00
273 5461 4.559602e-01 2.525904e+01  1.911658513953562455e+00  1.984804584371718805e+00  2.037056487226708512e+00  2.116995254387091130e+00
274 5481 4.528299e-01 2.525149e+01  1.911658513953562455e+00  1.960141009369385179e+00  2.042050646542023173e+00  2.178979582740162790e+00
275 5501 4.478893e-01 2.528237e+01  1.911658513953562455e+00  1.970594449815343596e+00  2.014761083873581882e+00  2.134569069337444169e+00
276 5521 4.443034e-01 2.529251e+01  1.911658513953562455e+00  1.955237908020187598e+00  2.039098894325413802e+00  2.174110341794315282e+00
277 5541 4.416907e-01 2.530980e+01  1.911658513953562455e+00  1.968026364635989678e+00  2.037272919849057118e+00  2.128918529154546935e+00
278 5561 4.410098e-01 2.530904e+01  1.911658513953562455e+00  1.980715578462150406e+00  2.012213608532135822e+00  2.108067813115201528e+00
279 5581 4.377567e-01 2.531402e+01  1.911658513953562455e+00  1.972244880899912012e+00  2.013740633229291088e+00  2.134077811199747376e+00
280 5601 4.348594e-01 2.532583e+01  1.911658513953562455e+00  1.961401439616016207e+00  2.036341873721388751e+00  2.113989042415547637e+00
281 5621 4.345918e-01 2.533022e+01  1.911658513953562455e+00  1.949862928495762482e+00  2.011905389662947741e+00  2.121300986907021624e+00
282 5641 4.339044e-01 2.533667e+01  1.911658513953562455e+00  1.954033447417982572e+00  2.002020259979088834e+00  2.107271265713393849e+00
283 5661 4.335375e-01 2.534552e+01  1.911658513953562455e+00  1.961067608974863763e+00  1.987838693375854504e+00  2.063734747824372384e+00
284 5681 4.345085e-01 2.535342e+01  1.911658513953562455e+00  1.957094701191960162e+00  2.007838906275326352e+00  2.076721650530025887e+00
285 5701 4.364319e-01 2.535784e+01  1.911658513953562455e+00  1.955893666480934101e+00  2.008183835935481998e+00  2.088386110229464077e+00
286 5721 4.383985e-01 2.536469e+01  1.911658513953562455e+00  1.945122230139071595e+00  2.007048747907349551e+00  2.163481541089748994e+00
287 5741 4.415870e-01 2.540703e+01  1.911658513953562455e+00  1.956052971745240177e+00  1.997135180199559157e+00  2.083864142957214671e+00
288 5761 4.425034e-01 2.541923e+01  1.911658513953562455e+00  1.963953746803966949e+00  2.036296800652508843e+00  2.182387248516480582e+00
289 5781 4.445111e-01 2.541538e+01  1.911658513953562455e+00  1.966278724040336323e+00  2.015412951789500973e+00  2.172992587662677000e+00
290 5801 4.443953e-01 2.543218e+01  1.911658513953562455e+00  1.983361710321193794e+00  2.021022408837917173e+00  2.222223358190793530e+00
291 5821 4.427134e-01 2.544135e+01  1.911658513953562455e+00  1.953168826720791840e+00  2.035893061629501233e+00  2.155811523494667981e+00
292 5841 4.389743e-01 2.545085e+01  1.911658513953562455e+00  1.961788164484132402e+00  2.009964060319896717e+00  2.338175112325847849e+00
293 5861 4.345999e-01 2.546775e+01  1.911658513953562455e+00  1.962365853932412030e+00  2.027132178476844793e+00  2.117209026170817854e+00
294 5881 4.315488e-01 2.548800e+01  1.911658513953562455e+00  1.966259718344408380e+00  1.986119631741570357e+00  2.084303307223120516e+00
295 5901 4.314649e-01 2.551537e+01  1.911658513953562455e+00  1.958182988625291276e+00  2.010090371788631813e+00  2.128235392299683948e+00
296 5921 4.305007e-01 2.556013e+01  1.911658513953562455e+00  1.955369810111581286e+00  2.009744275975351435e+00  2.343403006034503910e+00
297 5941 4.280762e-01 2.557003e+01  1.911658513953562455e+00  1.978605100901504654e+00  2.011743620032826030e+00  2.162962649323278530e+00
298 5961 4.277430e-01 2.560337e+01  1.911658513953562455e+00  1.962580111372827396e+00  2.012578601581949123e+00  2.298910230766727736e+00
299 5981 4.267492e-01 2.562140e+01  1.911658513953562455e+00  1.948215835371291504e+00  2.024038166816596540e+00  2.187857526217868998e+00
300 6001 4.229572e-01 2.564922e+01  1.911658513953562455e+00  1.962314221216083343e+00  2.011867554198889074e+00  2.197643966668379356e+00
