%  columns="iteration, evaluation, sigma, axis ratio, bestever, best, median, worst fitness function value, further objective values of best" (startseed=212151, 2017/07/31 11:16:39.52)
1 21 1.067570e+00 1.120442e+02  2.058384782761744969e+00  2.207141284268874681e+00  2.620559076932469811e+00  3.898479251805158530e+00
2 41 1.027783e+00 1.120546e+02  2.058384782761744969e+00  2.226361145755280990e+00  2.535148259179082597e+00  4.480126598069664290e+00
3 61 9.982188e-01 1.121516e+02  2.058384782761744969e+00  2.315995406542964208e+00  2.589497883892177832e+00  4.128128916931202319e+00
4 81 9.804524e-01 1.121754e+02  2.058384782761744969e+00  2.301588690534666526e+00  2.537786379235724254e+00  2.970565857010357913e+00
5 101 9.647918e-01 1.121490e+02  2.058384782761744969e+00  2.392538213685918347e+00  2.549143453023325456e+00  3.164868369668879744e+00
6 121 9.490370e-01 1.121563e+02  2.058384782761744969e+00  2.279008588567782212e+00  2.551046685567679440e+00  3.126384761924108968e+00
7 141 9.354358e-01 1.122184e+02  2.058384782761744969e+00  2.266202659014105780e+00  2.592641008569153804e+00  3.040271246148067874e+00
8 161 9.243810e-01 1.121701e+02  2.058384782761744969e+00  2.226629956580307823e+00  2.525725592644779915e+00  3.623054566387949205e+00
9 181 9.129115e-01 1.121987e+02  2.058384782761744969e+00  2.368320243397587621e+00  2.538676865011278760e+00  2.852320304679484053e+00
10 201 9.078367e-01 1.122149e+02  2.058384782761744969e+00  2.289328634703565957e+00  2.572633238031897029e+00  2.977913218242164817e+00
11 221 9.036375e-01 1.122143e+02  2.058384782761744969e+00  2.270087450795600592e+00  2.466431764054017872e+00  2.825334561598962235e+00
12 241 9.002912e-01 1.121739e+02  2.058384782761744969e+00  2.337391082881212334e+00  2.480391505355273640e+00  4.943010098699824439e+00
13 261 8.947144e-01 1.121559e+02  2.058384782761744969e+00  2.292349638124674183e+00  2.413201735095215739e+00  2.754157211765051905e+00
14 281 8.921240e-01 1.121583e+02  2.058384782761744969e+00  2.356453430115866610e+00  2.565586331720633329e+00  3.006017924605699942e+00
15 301 8.873090e-01 1.121681e+02  2.058384782761744969e+00  2.301115009671764966e+00  2.532238752668920512e+00  4.136055845913373830e+00
16 321 8.790793e-01 1.121745e+02  2.058384782761744969e+00  2.337382069322662570e+00  2.500787826230399968e+00  2.846279627091276243e+00
17 341 8.681227e-01 1.122052e+02  2.058384782761744969e+00  2.238984701012221024e+00  2.526252307313564316e+00  2.832561114550452341e+00
18 361 8.521056e-01 1.121485e+02  2.058384782761744969e+00  2.252139361589279964e+00  2.397117067473220953e+00  2.622521340529874845e+00
19 381 8.373630e-01 1.121030e+02  2.058384782761744969e+00  2.255443086043348089e+00  2.435531928012469649e+00  5.593106871423703552e+00
20 401 8.262462e-01 1.121186e+02  2.058384782761744969e+00  2.230708600141483089e+00  2.436556116932347305e+00  2.746509731744203986e+00
21 421 8.191583e-01 1.121300e+02  2.058384782761744969e+00  2.236128936823416957e+00  2.485411739848081503e+00  4.109306546203241872e+00
22 441 8.129342e-01 1.121146e+02  2.058384782761744969e+00  2.253209286310438930e+00  2.477930270905366328e+00  4.255677878932456970e+00
23 461 8.066470e-01 1.121153e+02  2.058384782761744969e+00  2.230604747054735437e+00  2.429960675970560757e+00  3.719835388692101397e+00
24 481 7.985730e-01 1.120414e+02  2.058384782761744969e+00  2.226281479768462912e+00  2.467046153795257268e+00  2.919763056406317947e+00
25 501 7.936349e-01 1.121335e+02  2.058384782761744969e+00  2.181679643864669060e+00  2.468967312091403521e+00  3.942014519225479408e+00
26 521 7.917991e-01 1.121237e+02  2.058384782761744969e+00  2.235940525280378566e+00  2.413948453449872744e+00  3.970856099297206843e+00
27 541 7.890580e-01 1.121511e+02  2.058384782761744969e+00  2.237346971888188651e+00  2.406637394552029185e+00  3.308894434408461649e+00
28 561 7.836995e-01 1.121485e+02  2.058384782761744969e+00  2.191595121681729097e+00  2.403119342346224485e+00  3.565024679473445257e+00
29 581 7.789257e-01 1.120280e+02  2.058384782761744969e+00  2.264493991489250568e+00  2.381931259648027766e+00  2.741369007218957599e+00
30 601 7.706429e-01 1.120168e+02  2.058384782761744969e+00  2.260340899401681813e+00  2.450685693512712593e+00  4.059284324768201557e+00
31 621 7.652918e-01 1.120641e+02  2.058384782761744969e+00  2.172989060840790465e+00  2.289232212938069999e+00  2.748071724691131479e+00
32 641 7.633024e-01 1.120773e+02  2.058384782761744969e+00  2.170385106355861904e+00  2.382620885316190762e+00  3.009651572022197019e+00
33 661 7.561899e-01 1.121165e+02  2.058384782761744969e+00  2.141226453522464102e+00  2.363021617345671288e+00  2.676037818909825727e+00
34 681 7.502722e-01 1.120625e+02  2.058384782761744969e+00  2.273854326457538821e+00  2.478531658067835153e+00  4.259950618468278272e+00
35 701 7.456307e-01 1.120440e+02  2.058384782761744969e+00  2.212297732244333570e+00  2.373830830666931568e+00  3.852429466215752996e+00
36 721 7.401761e-01 1.119915e+02  2.058384782761744969e+00  2.181678656389122839e+00  2.336774245406466388e+00  4.196919663092069541e+00
37 741 7.361392e-01 1.119718e+02  2.058384782761744969e+00  2.202620092750702696e+00  2.370457055550762249e+00  2.884397583687666078e+00
38 761 7.329220e-01 1.119608e+02  2.058384782761744969e+00  2.193481517373861323e+00  2.413893732687784954e+00  4.028172620940046578e+00
39 781 7.336168e-01 1.119253e+02  2.058384782761744969e+00  2.214914905854003191e+00  2.378994966335038264e+00  3.611080924440638995e+00
40 801 7.356967e-01 1.119437e+02  2.058384782761744969e+00  2.190028767064780890e+00  2.384672112257486987e+00  4.002666164300808127e+00
41 821 7.336159e-01 1.119501e+02  2.058384782761744969e+00  2.214310297071377942e+00  2.446935719016749999e+00  4.024517509483335864e+00
42 841 7.305879e-01 1.119732e+02  2.058384782761744969e+00  2.200664345850254389e+00  2.380294367054827553e+00  2.843937111655006955e+00
43 861 7.258272e-01 1.120170e+02  2.058384782761744969e+00  2.185106002384922252e+00  2.310271224453195771e+00  3.772573481432507148e+00
44 881 7.217243e-01 1.119866e+02  2.058384782761744969e+00  2.166932042788248136e+00  2.364895828512926457e+00  3.683707835997230173e+00
45 901 7.157011e-01 1.119383e+02  2.058384782761744969e+00  2.199443334443023090e+00  2.319517492478730958e+00  4.189266323476588560e+00
46 921 7.105821e-01 1.118887e+02  2.058384782761744969e+00  2.207021773018296606e+00  2.330178313715167704e+00  2.595235430777730556e+00
47 941 7.022567e-01 1.118630e+02  2.058384782761744969e+00  2.226575933982096522e+00  2.341069027687563420e+00  2.660836042399133738e+00
48 961 6.975481e-01 1.118819e+02  2.058384782761744969e+00  2.190921024512316961e+00  2.340598620964544629e+00  4.014416865753741348e+00
49 981 6.939608e-01 1.118382e+02  2.058384782761744969e+00  2.213439296027045255e+00  2.315184913069951556e+00  4.940525520676840365e+00
50 1001 6.900351e-01 1.118433e+02  2.058384782761744969e+00  2.229865695265328629e+00  2.401023737513702017e+00  4.105330674096951071e+00
51 1021 6.849347e-01 1.119251e+02  2.058384782761744969e+00  2.180909918961969840e+00  2.309600296956426657e+00  2.672108402424427709e+00
52 1041 6.781136e-01 1.119245e+02  2.058384782761744969e+00  2.243946604204476891e+00  2.352005241622165954e+00  4.246943739017297048e+00
53 1061 6.714455e-01 1.119448e+02  2.058384782761744969e+00  2.219678553144511124e+00  2.339089995916189046e+00  4.012511413397308324e+00
54 1081 6.641194e-01 1.119990e+02  2.058384782761744969e+00  2.150668770337416991e+00  2.354363183096642054e+00  3.693133167024335251e+00
55 1101 6.588700e-01 1.119950e+02  2.058384782761744969e+00  2.229531089568724589e+00  2.322779431604687694e+00  2.674064498847311899e+00
56 1121 6.562601e-01 1.119991e+02  2.058384782761744969e+00  2.210336913408812887e+00  2.360065962772766035e+00  4.210280508748377670e+00
57 1141 6.555035e-01 1.119748e+02  2.058384782761744969e+00  2.209968940664861492e+00  2.344537195793584772e+00  2.662027224602618869e+00
58 1161 6.542320e-01 1.119396e+02  2.058384782761744969e+00  2.206065916545827843e+00  2.367774420110767331e+00  2.669512815544264228e+00
59 1181 6.506618e-01 1.119086e+02  2.058384782761744969e+00  2.163354443423458395e+00  2.370638161356804829e+00  2.689194185850205976e+00
60 1201 6.518390e-01 1.119780e+02  2.058384782761744969e+00  2.229255799687547057e+00  2.342932004766624665e+00  3.800317078926202186e+00
61 1221 6.510796e-01 1.119797e+02  2.058384782761744969e+00  2.231386820637891510e+00  2.394026252428880674e+00  3.715206813400760755e+00
62 1241 6.479619e-01 1.120197e+02  2.058384782761744969e+00  2.253824503176595773e+00  2.463669547963562856e+00  4.301274641879922811e+00
63 1261 6.416265e-01 1.120278e+02  2.058384782761744969e+00  2.217607015130174553e+00  2.364300993344768731e+00  3.903608704606674529e+00
64 1281 6.364891e-01 1.119908e+02  2.058384782761744969e+00  2.188485005508225001e+00  2.361172843495475959e+00  2.745599433019806579e+00
65 1301 6.341946e-01 1.119849e+02  2.058384782761744969e+00  2.173498605418785701e+00  2.279845192838251933e+00  2.707002029743929228e+00
66 1321 6.353543e-01 1.119323e+02  2.058384782761744969e+00  2.229020840154242400e+00  2.411438490887992003e+00  4.143424981504224114e+00
67 1341 6.358947e-01 1.119485e+02  2.058384782761744969e+00  2.218276888735458474e+00  2.320424602307521678e+00  2.632517066834212827e+00
68 1361 6.370998e-01 1.118793e+02  2.058384782761744969e+00  2.216326890015016371e+00  2.329480234972974628e+00  2.476356101762355877e+00
69 1381 6.368407e-01 1.118135e+02  2.058384782761744969e+00  2.253210475076310004e+00  2.392594238342375057e+00  4.455961813409152761e+00
70 1401 6.384929e-01 1.117742e+02  2.058384782761744969e+00  2.178720058422345840e+00  2.386668234863667415e+00  3.646530169802157051e+00
71 1421 6.420779e-01 1.117976e+02  2.058384782761744969e+00  2.229031913452522051e+00  2.371753123400226926e+00  3.783524880659637102e+00
72 1441 6.459526e-01 1.116974e+02  2.058384782761744969e+00  2.195562989263755593e+00  2.339916636908309755e+00  4.274649445928297098e+00
73 1461 6.517898e-01 1.117299e+02  2.058384782761744969e+00  2.185280329703782165e+00  2.350126951044782864e+00  4.099789308298261936e+00
74 1481 6.573373e-01 1.118331e+02  2.058384782761744969e+00  2.191033947101216572e+00  2.342478222243959962e+00  4.141831838399779642e+00
75 1501 6.603679e-01 1.117986e+02  2.058384782761744969e+00  2.150801580521626732e+00  2.314733333261823400e+00  2.696030270933694517e+00
76 1521 6.610538e-01 1.117995e+02  2.058384782761744969e+00  2.202320067266249293e+00  2.384278047050143456e+00  4.143921796677647151e+00
77 1541 6.629096e-01 1.118264e+02  2.058384782761744969e+00  2.159499070775236174e+00  2.313237619105976250e+00  3.762554296228681761e+00
78 1561 6.645079e-01 1.118059e+02  2.058384782761744969e+00  2.222619128189456283e+00  2.340302530006417303e+00  4.404012216364692200e+00
79 1581 6.661895e-01 1.118456e+02  2.058384782761744969e+00  2.233829664227798606e+00  2.409728740271560810e+00  3.603226722638087853e+00
80 1601 6.701544e-01 1.118859e+02  2.058384782761744969e+00  2.247198875612910207e+00  2.350926549450344183e+00  2.566311611023227357e+00
81 1621 6.743458e-01 1.119277e+02  2.058384782761744969e+00  2.199103307910834637e+00  2.334275684254189187e+00  2.708870509288767270e+00
82 1641 6.752999e-01 1.119801e+02  2.058384782761744969e+00  2.159660886560686777e+00  2.371014067256011160e+00  4.138201651343921483e+00
83 1661 6.734314e-01 1.119716e+02  2.058384782761744969e+00  2.229840711785479712e+00  2.377309863137403667e+00  2.790878697940113007e+00
84 1681 6.685701e-01 1.119603e+02  2.058384782761744969e+00  2.203742828131313836e+00  2.391370403930598521e+00  2.855630168892294929e+00
85 1701 6.647940e-01 1.119831e+02  2.058384782761744969e+00  2.231344388878603535e+00  2.365050751437679288e+00  3.994370104891307172e+00
86 1721 6.616457e-01 1.119759e+02  2.058384782761744969e+00  2.219576990605857336e+00  2.392857764085969841e+00  4.018270814472621133e+00
87 1741 6.603578e-01 1.119939e+02  2.058384782761744969e+00  2.228046004169547345e+00  2.378237092179098511e+00  2.632159898115848051e+00
88 1761 6.596512e-01 1.119690e+02  2.058384782761744969e+00  2.196451293408405281e+00  2.407147451496250312e+00  4.009025718691582085e+00
89 1781 6.582522e-01 1.120200e+02  2.058384782761744969e+00  2.264342329624862593e+00  2.368321250391997701e+00  3.675236438999880839e+00
90 1801 6.578627e-01 1.119934e+02  2.058384782761744969e+00  2.199394561360652478e+00  2.403607169952119094e+00  3.994523785286820505e+00
91 1821 6.570955e-01 1.120253e+02  2.058384782761744969e+00  2.255708411761652155e+00  2.381313015152998425e+00  2.709355311138927913e+00
92 1841 6.550428e-01 1.120361e+02  2.058384782761744969e+00  2.176262965712606690e+00  2.332119816608712259e+00  3.773001778641987158e+00
93 1861 6.507472e-01 1.120890e+02  2.058384782761744969e+00  2.168830899335988160e+00  2.358552065854904178e+00  4.237200188085856745e+00
94 1881 6.484875e-01 1.121057e+02  2.058384782761744969e+00  2.242033082582649328e+00  2.309204824667610900e+00  2.607357672237758717e+00
95 1901 6.448482e-01 1.121469e+02  2.058384782761744969e+00  2.230111742293798827e+00  2.357732371343839173e+00  2.957691699959053011e+00
96 1921 6.453326e-01 1.120969e+02  2.058384782761744969e+00  2.223282502924596837e+00  2.368103071629997114e+00  4.172073588818768997e+00
97 1941 6.458377e-01 1.121641e+02  2.058384782761744969e+00  2.240319448906013200e+00  2.352426047253413088e+00  2.659386434147340328e+00
98 1961 6.439211e-01 1.121931e+02  2.058384782761744969e+00  2.227591310642666134e+00  2.382274058873283806e+00  4.327880480177280553e+00
99 1981 6.427717e-01 1.122095e+02  2.058384782761744969e+00  2.239925498431647011e+00  2.320342050422392610e+00  4.055495770929148591e+00
100 2001 6.404628e-01 1.122705e+02  2.058384782761744969e+00  2.168389923755083437e+00  2.333362319142465502e+00  2.643536333422430218e+00
101 2021 6.401010e-01 1.122290e+02  2.058384782761744969e+00  2.186609822958458960e+00  2.314089725874820314e+00  2.576984254469268265e+00
102 2041 6.391779e-01 1.122209e+02  2.058384782761744969e+00  2.170362086270862356e+00  2.329507058117934903e+00  2.773935769429038078e+00
103 2061 6.409805e-01 1.122126e+02  2.058384782761744969e+00  2.183026581089765550e+00  2.304993326349643823e+00  2.717732917326682429e+00
104 2081 6.416737e-01 1.121797e+02  2.058384782761744969e+00  2.197427486191823931e+00  2.365612815580883321e+00  3.914781462444453908e+00
105 2101 6.414251e-01 1.123061e+02  2.058384782761744969e+00  2.176715981588635440e+00  2.337676403519787893e+00  4.106292434957026671e+00
106 2121 6.413402e-01 1.123149e+02  2.058384782761744969e+00  2.194724850110056025e+00  2.293566654152455087e+00  2.514324460766048208e+00
107 2141 6.406169e-01 1.123495e+02  2.058384782761744969e+00  2.189172728369108256e+00  2.323054372603929885e+00  2.638566058234551370e+00
108 2161 6.402050e-01 1.123176e+02  2.058384782761744969e+00  2.224383922409363556e+00  2.364162948943257625e+00  3.396387511989449326e+00
109 2181 6.406082e-01 1.124037e+02  2.058384782761744969e+00  2.139432825877145561e+00  2.324425133819381095e+00  2.721224165721999100e+00
110 2201 6.376400e-01 1.124285e+02  2.058384782761744969e+00  2.177662320715145761e+00  2.326991463957896578e+00  2.558963678496659622e+00
111 2221 6.336615e-01 1.124783e+02  2.058384782761744969e+00  2.216444210736844500e+00  2.349578294536756928e+00  2.564957624167446326e+00
112 2241 6.290432e-01 1.125067e+02  2.058384782761744969e+00  2.168324141905300984e+00  2.291773003689337784e+00  2.696877439216107675e+00
113 2261 6.233415e-01 1.125450e+02  2.058384782761744969e+00  2.158825394764526173e+00  2.313413302814930184e+00  2.761199805619950265e+00
114 2281 6.176254e-01 1.125480e+02  2.058384782761744969e+00  2.175070453169363649e+00  2.284396831125669713e+00  3.270285768817425609e+00
115 2301 6.136480e-01 1.125889e+02  2.058384782761744969e+00  2.148646843347683077e+00  2.262536724118391795e+00  2.688199474651812082e+00
116 2321 6.102757e-01 1.126510e+02  2.058384782761744969e+00  2.137684963317175058e+00  2.369186780271792081e+00  4.331215420781093783e+00
117 2341 6.050031e-01 1.125746e+02  2.058384782761744969e+00  2.198441407369572609e+00  2.291275936413930125e+00  2.759820223528918426e+00
118 2361 5.983758e-01 1.125570e+02  2.058384782761744969e+00  2.208561370957718761e+00  2.342889824177226021e+00  4.082329303268855902e+00
119 2381 5.932536e-01 1.125114e+02  2.058384782761744969e+00  2.190333777391965331e+00  2.333763735301134901e+00  2.715129572545417425e+00
120 2401 5.891130e-01 1.125361e+02  2.058384782761744969e+00  2.174566226248546119e+00  2.295842456402220400e+00  3.939864244688124018e+00
121 2421 5.863488e-01 1.125235e+02  2.058384782761744969e+00  2.163311620035819782e+00  2.284584279313850885e+00  3.919616023574636898e+00
122 2441 5.872087e-01 1.125361e+02  2.058384782761744969e+00  2.142416293781164160e+00  2.288506823490600528e+00  2.467973651778247568e+00
123 2461 5.876905e-01 1.125338e+02  2.058384782761744969e+00  2.177824091836162435e+00  2.264478266411240170e+00  2.486518557997653200e+00
124 2481 5.874163e-01 1.125771e+02  2.058384782761744969e+00  2.143611248368962219e+00  2.315818914422786534e+00  3.905845409948901281e+00
125 2501 5.881964e-01 1.125680e+02  2.058384782761744969e+00  2.132781825224316030e+00  2.316913351780521158e+00  2.595717660487732115e+00
126 2521 5.906180e-01 1.125387e+02  2.058384782761744969e+00  2.180412998336326957e+00  2.282421520855635322e+00  2.788583286766135316e+00
127 2541 5.932596e-01 1.125598e+02  2.058384782761744969e+00  2.151617044889178043e+00  2.277558774696946120e+00  4.040425488344521199e+00
128 2561 5.933064e-01 1.125998e+02  2.058384782761744969e+00  2.148222901825488584e+00  2.311327675631503098e+00  3.942200485221591943e+00
129 2581 5.907719e-01 1.125566e+02  2.058384782761744969e+00  2.158528150991410044e+00  2.250385450590044911e+00  2.526300356851059803e+00
130 2601 5.878885e-01 1.125732e+02  2.058384782761744969e+00  2.173999801318253322e+00  2.279715505067986925e+00  4.174611259422370324e+00
131 2621 5.851212e-01 1.126469e+02  2.058384782761744969e+00  2.147960067939967743e+00  2.282701486923184753e+00  3.908952622536992383e+00
132 2641 5.831135e-01 1.126168e+02  2.058384782761744969e+00  2.186690945851804013e+00  2.268212508742726286e+00  4.129017674548793870e+00
133 2661 5.835951e-01 1.126870e+02  2.058384782761744969e+00  2.128295370034152700e+00  2.265104246191162574e+00  2.477535518329332387e+00
134 2681 5.863221e-01 1.127353e+02  2.058384782761744969e+00  2.174080969414577069e+00  2.306714576612186818e+00  3.912290662220423876e+00
135 2701 5.882188e-01 1.127178e+02  2.058384782761744969e+00  2.158232809121542584e+00  2.294954564458170587e+00  2.639903977824388903e+00
136 2721 5.911697e-01 1.128206e+02  2.058384782761744969e+00  2.171064695159684810e+00  2.279909873055040670e+00  2.813963313011449419e+00
137 2741 5.896483e-01 1.128409e+02  2.058384782761744969e+00  2.134796590986390630e+00  2.306680285017327137e+00  2.444156229085179710e+00
138 2761 5.835005e-01 1.129238e+02  2.058384782761744969e+00  2.180883782901701817e+00  2.299600695034722087e+00  2.478102954256066859e+00
139 2781 5.794984e-01 1.129370e+02  2.058384782761744969e+00  2.147841803023652130e+00  2.302882243447462507e+00  2.490983292576508301e+00
140 2801 5.760054e-01 1.129060e+02  2.058384782761744969e+00  2.171700257486680830e+00  2.288721710967553058e+00  2.568710429774114345e+00
141 2821 5.727070e-01 1.128866e+02  2.058384782761744969e+00  2.147361179582009783e+00  2.239284744171784247e+00  2.605632534803735023e+00
142 2841 5.724304e-01 1.129194e+02  2.058384782761744969e+00  2.133664115957762952e+00  2.262747224141094193e+00  3.944951499165392672e+00
143 2861 5.692675e-01 1.130161e+02  2.058384782761744969e+00  2.172126592454524996e+00  2.291176897282383607e+00  2.568467599419163694e+00
144 2881 5.618514e-01 1.130149e+02  2.058384782761744969e+00  2.198891757806582081e+00  2.276767426879798606e+00  2.594821991599711719e+00
145 2901 5.545115e-01 1.131113e+02  2.058384782761744969e+00  2.133759239753236336e+00  2.270743320553815447e+00  2.470555685531174106e+00
146 2921 5.474824e-01 1.130763e+02  2.058384782761744969e+00  2.193836969723395480e+00  2.332980506980164570e+00  3.953040054668987668e+00
147 2941 5.399507e-01 1.130632e+02  2.058384782761744969e+00  2.160825726968024885e+00  2.272321813954441438e+00  2.520417908103947724e+00
148 2961 5.330849e-01 1.130399e+02  2.058384782761744969e+00  2.165720474625567604e+00  2.267055642410967131e+00  2.607508518667420283e+00
149 2981 5.269200e-01 1.130472e+02  2.058384782761744969e+00  2.159219447383581070e+00  2.239977433213299562e+00  2.510257988684951869e+00
150 3001 5.205698e-01 1.131328e+02  2.058384782761744969e+00  2.164649880573121354e+00  2.237330018926185993e+00  2.565351713570891867e+00
151 3021 5.128820e-01 1.131552e+02  2.058384782761744969e+00  2.142788784220660325e+00  2.274493671210946921e+00  3.990966470392313337e+00
152 3041 5.067830e-01 1.131641e+02  2.058384782761744969e+00  2.111688884376157649e+00  2.261439209399205286e+00  2.385517091260302092e+00
153 3061 5.023826e-01 1.133036e+02  2.058384782761744969e+00  2.191290343074005165e+00  2.251920332385465962e+00  2.531462856088374735e+00
154 3081 4.986918e-01 1.132944e+02  2.058384782761744969e+00  2.144795598466721742e+00  2.240299805502958819e+00  2.422122790854620344e+00
155 3101 4.917997e-01 1.133379e+02  2.058384782761744969e+00  2.109988166653427033e+00  2.208650903299330892e+00  2.605808077870536810e+00
156 3121 4.817328e-01 1.133320e+02  2.058384782761744969e+00  2.158835010486658490e+00  2.228718130622531213e+00  2.510432211688247151e+00
157 3141 4.749488e-01 1.134317e+02  2.058384782761744969e+00  2.104548599218892146e+00  2.224413485614865849e+00  4.008301711259042222e+00
158 3161 4.705081e-01 1.134527e+02  2.058384782761744969e+00  2.090675143454184148e+00  2.221166398302877099e+00  2.653432541637393616e+00
159 3181 4.657070e-01 1.135312e+02  2.058384782761744969e+00  2.065977259159008650e+00  2.244384932976780433e+00  3.887775126942720760e+00
160 3201 4.609337e-01 1.135573e+02  2.058384782761744969e+00  2.086172268970018617e+00  2.202119452228878060e+00  2.486344025106962619e+00
161 3221 4.544723e-01 1.136500e+02  2.058384782761744969e+00  2.084442329919845349e+00  2.217275719867063621e+00  3.920922874556100002e+00
162 3241 4.485651e-01 1.136849e+02  2.058384782761744969e+00  2.104608647659722998e+00  2.188563136982414115e+00  2.965666745653879222e+00
163 3261 4.442790e-01 1.137431e+02  2.058384782761744969e+00  2.095415619657837514e+00  2.213510326085641466e+00  2.306242545841930003e+00
164 3281 4.403393e-01 1.137268e+02  2.058384782761744969e+00  2.085989695316044390e+00  2.199547994245779847e+00  2.466803435596772509e+00
165 3301 4.377573e-01 1.137779e+02  2.058384782761744969e+00  2.131395703896929561e+00  2.184866579952397636e+00  2.318672269035405353e+00
166 3321 4.331531e-01 1.138875e+02  2.058384782761744969e+00  2.133289279879284184e+00  2.191840291512309857e+00  3.863256870761906825e+00
167 3341 4.274191e-01 1.138858e+02  2.058384782761744969e+00  2.149382557231054314e+00  2.233038773847694891e+00  2.614602444785516511e+00
168 3361 4.229673e-01 1.139215e+02  2.058384782761744969e+00  2.101212788109247054e+00  2.179995416682652731e+00  2.456416845521431025e+00
169 3381 4.161214e-01 1.138867e+02  2.058384782761744969e+00  2.119268579007459241e+00  2.167827967748558127e+00  2.312357694031477617e+00
170 3401 4.111735e-01 1.138721e+02  2.058384782761744969e+00  2.104223286929695291e+00  2.171704650560628558e+00  2.615123257899975240e+00
171 3421 4.067736e-01 1.138080e+02  2.058384782761744969e+00  2.140350666084352760e+00  2.192058534656236901e+00  2.424071331004605589e+00
172 3441 4.040129e-01 1.138107e+02  2.058384782761744969e+00  2.095360418710570549e+00  2.216814874475595332e+00  2.378249419926778963e+00
173 3461 4.000459e-01 1.138409e+02  2.058384782761744969e+00  2.121235138134808462e+00  2.202222723129347415e+00  2.505548086610504654e+00
174 3481 3.957761e-01 1.138686e+02  2.058384782761744969e+00  2.129331447058295801e+00  2.197276512667954762e+00  3.927147308336646603e+00
175 3501 3.918614e-01 1.139809e+02  2.058384782761744969e+00  2.123063106694219382e+00  2.226103341471725727e+00  3.111483548817544964e+00
176 3521 3.883790e-01 1.138901e+02  2.058384782761744969e+00  2.108766233820397407e+00  2.187857771507133897e+00  2.487367333092858068e+00
177 3541 3.847594e-01 1.139142e+02  2.058384782761744969e+00  2.090333349166623833e+00  2.182948407208920472e+00  3.864950718019068088e+00
178 3561 3.810397e-01 1.139309e+02  2.058384782761744969e+00  2.076280726075456773e+00  2.152738057513231773e+00  2.243075086901575421e+00
179 3581 3.766969e-01 1.139848e+02  2.058384782761744969e+00  2.105812193713647140e+00  2.151730543120296879e+00  2.503814386996352503e+00
180 3601 3.739875e-01 1.139805e+02  2.058384782761744969e+00  2.108058114433524644e+00  2.164681377314798816e+00  2.470984444656553869e+00
181 3621 3.715733e-01 1.139915e+02  2.058384782761744969e+00  2.063803408741962997e+00  2.188648198841354642e+00  3.897890711118204177e+00
182 3641 3.699881e-01 1.139879e+02  2.058384782761744969e+00  2.079848835207136482e+00  2.147394976234143993e+00  2.400526067072927372e+00
183 3661 3.695035e-01 1.139488e+02  2.058384782761744969e+00  2.081743384704824340e+00  2.128152379074415457e+00  2.477456408866836046e+00
184 3681 3.671705e-01 1.139277e+02  2.058384782761744969e+00  2.082679504193148734e+00  2.151894407977818169e+00  2.508070634287920431e+00
185 3701 3.642926e-01 1.139424e+02  2.058384782761744969e+00  2.098948107154764209e+00  2.146905627268660854e+00  3.858218033336762165e+00
186 3721 3.603982e-01 1.139226e+02  2.058384782761744969e+00  2.085518543513007472e+00  2.150422219796393364e+00  2.249944932938769071e+00
187 3741 3.563612e-01 1.138733e+02  2.053645216320846512e+00  2.053645216320846512e+00  2.139962201223146288e+00  2.484597919652069109e+00
188 3761 3.531615e-01 1.137846e+02  2.053645216320846512e+00  2.066943763875175311e+00  2.167072759882866073e+00  2.243969586965294916e+00
189 3781 3.511580e-01 1.138054e+02  2.053645216320846512e+00  2.088854734490495080e+00  2.143046795674901084e+00  3.848648511181945064e+00
190 3801 3.503038e-01 1.137607e+02  2.053645216320846512e+00  2.070543901889859040e+00  2.149384323078900039e+00  2.321091621930997828e+00
191 3821 3.492104e-01 1.137990e+02  2.053645216320846512e+00  2.067182727494781602e+00  2.116774632603577011e+00  2.192933276364323447e+00
192 3841 3.474295e-01 1.138245e+02  2.053645216320846512e+00  2.088225218111936066e+00  2.135508442910217131e+00  3.574581687564152510e+00
193 3861 3.459357e-01 1.138443e+02  2.053645216320846512e+00  2.074064951119443112e+00  2.148814506773853772e+00  2.486640814508549457e+00
194 3881 3.443575e-01 1.138286e+02  2.053645216320846512e+00  2.101981094770011715e+00  2.158573252271070331e+00  3.794283793717456721e+00
195 3901 3.415335e-01 1.138224e+02  2.053645216320846512e+00  2.095124917242427998e+00  2.143312392954745960e+00  2.506824760644157379e+00
196 3921 3.385058e-01 1.138387e+02  2.053645216320846512e+00  2.068828265579602643e+00  2.136857721143537781e+00  2.606260863662210880e+00
197 3941 3.366383e-01 1.138805e+02  2.053645216320846512e+00  2.075006335430413351e+00  2.123315164012195666e+00  2.302238312542042031e+00
198 3961 3.349567e-01 1.138667e+02  2.053645216320846512e+00  2.066672792361214039e+00  2.115705770691008070e+00  2.407496880402088646e+00
199 3981 3.327513e-01 1.138507e+02  2.053645216320846512e+00  2.068975540786175848e+00  2.140878883949726585e+00  2.456632625273453829e+00
200 4001 3.312961e-01 1.138437e+02  2.053645216320846512e+00  2.062200521514363505e+00  2.133858138774720636e+00  2.234458712538118341e+00
201 4021 3.293633e-01 1.138225e+02  2.053645216320846512e+00  2.065958294651703664e+00  2.140742092310860212e+00  2.285195619395941513e+00
202 4041 3.281133e-01 1.137826e+02  2.053645216320846512e+00  2.094358145477210886e+00  2.151982746126068768e+00  2.482633909805778138e+00
203 4061 3.278590e-01 1.137389e+02  2.053645216320846512e+00  2.093155189707780917e+00  2.145746014044305650e+00  3.795571616349731947e+00
204 4081 3.247284e-01 1.138031e+02  2.053645216320846512e+00  2.075209890298684634e+00  2.143141054566402914e+00  2.477348600591461114e+00
205 4101 3.231522e-01 1.138650e+02  2.053645216320846512e+00  2.066300456338905800e+00  2.148642637139713152e+00  3.712028098930674425e+00
206 4121 3.217977e-01 1.138430e+02  2.046094213379134441e+00  2.046094213379134441e+00  2.112041534645874741e+00  3.827504835095131952e+00
207 4141 3.188463e-01 1.138553e+02  2.046094213379134441e+00  2.070820560404865507e+00  2.141191922848024731e+00  2.774353537814548520e+00
208 4161 3.163385e-01 1.138911e+02  2.046094213379134441e+00  2.087364632780476903e+00  2.130935721628730573e+00  3.522801376218746228e+00
209 4181 3.141149e-01 1.139125e+02  2.046094213379134441e+00  2.071827750357595033e+00  2.124477949433191348e+00  2.532011405925981062e+00
210 4201 3.109323e-01 1.139297e+02  2.046094213379134441e+00  2.066896434267315286e+00  2.111244246288174864e+00  2.437426695504388174e+00
211 4221 3.079347e-01 1.139248e+02  2.046094213379134441e+00  2.070641117585362512e+00  2.111488055897209115e+00  2.336530183834774288e+00
212 4241 3.061806e-01 1.139259e+02  2.046094213379134441e+00  2.046703424072808364e+00  2.141103849507772328e+00  2.485741764464064474e+00
213 4261 3.045086e-01 1.138613e+02  2.046094213379134441e+00  2.081653420895527073e+00  2.120994335069455339e+00  2.191408994089840245e+00
214 4281 3.033536e-01 1.138251e+02  2.046094213379134441e+00  2.058645105402637565e+00  2.114328015202817213e+00  3.896934456139730329e+00
215 4301 3.022122e-01 1.138267e+02  2.046094213379134441e+00  2.074804539296198236e+00  2.127375029530468087e+00  2.517228021152409401e+00
216 4321 3.013096e-01 1.138175e+02  2.046094213379134441e+00  2.062710744862943368e+00  2.117396610150374059e+00  3.802440388539995997e+00
217 4341 3.005603e-01 1.138126e+02  2.046094213379134441e+00  2.066915683711255003e+00  2.123820609854659480e+00  2.837713977294050061e+00
218 4361 3.000041e-01 1.137994e+02  2.046094213379134441e+00  2.061883508867453862e+00  2.139107706009776066e+00  3.900380291695669577e+00
219 4381 3.000714e-01 1.138140e+02  2.046094213379134441e+00  2.070289958545838527e+00  2.151661527128358564e+00  3.858031981467523686e+00
220 4401 2.992170e-01 1.138148e+02  2.046094213379134441e+00  2.063529448743532502e+00  2.126167127778201049e+00  3.866038279547554524e+00
221 4421 2.998189e-01 1.137381e+02  2.046094213379134441e+00  2.051104428426281157e+00  2.147184779898794638e+00  3.551000155022402627e+00
222 4441 3.002976e-01 1.137454e+02  2.046094213379134441e+00  2.093554396607860912e+00  2.141250363898222986e+00  2.288552900179770422e+00
223 4461 2.998903e-01 1.137153e+02  2.046094213379134441e+00  2.050431191550745158e+00  2.136426290768626668e+00  3.845395295624352450e+00
224 4481 3.007286e-01 1.136450e+02  2.046094213379134441e+00  2.066003432932996375e+00  2.121769902484768711e+00  2.186247192584578780e+00
225 4501 3.014412e-01 1.135716e+02  2.046094213379134441e+00  2.064413308322132323e+00  2.116960820551678779e+00  3.865588133852870367e+00
226 4521 3.032730e-01 1.134851e+02  2.046094213379134441e+00  2.057890156777787194e+00  2.110656388817514717e+00  2.517108207542923637e+00
227 4541 3.050743e-01 1.134465e+02  2.046094213379134441e+00  2.063526501527407575e+00  2.117140319904929235e+00  2.183879042941169857e+00
228 4561 3.060620e-01 1.135228e+02  2.046094213379134441e+00  2.077800870498525132e+00  2.141186853208278507e+00  3.798170799085180960e+00
229 4581 3.086151e-01 1.134537e+02  2.046094213379134441e+00  2.076899716545144603e+00  2.118115697319018054e+00  2.561642039724418840e+00
230 4601 3.104972e-01 1.134062e+02  2.046094213379134441e+00  2.077197592432707740e+00  2.134125633976210690e+00  2.206789983808837174e+00
231 4621 3.110511e-01 1.133301e+02  2.046094213379134441e+00  2.050818255060866235e+00  2.118896719444868459e+00  3.834780456559139239e+00
232 4641 3.113133e-01 1.133001e+02  2.046094213379134441e+00  2.065785043700502754e+00  2.131336308557960635e+00  2.520053924004568291e+00
233 4661 3.122805e-01 1.132980e+02  2.046094213379134441e+00  2.067278418683498042e+00  2.121562219292875362e+00  2.499365273436124912e+00
234 4681 3.131811e-01 1.132434e+02  2.046094213379134441e+00  2.056406221802653089e+00  2.133880468789177698e+00  2.368852292370091650e+00
235 4701 3.145519e-01 1.131656e+02  2.046094213379134441e+00  2.079170420215278092e+00  2.153100504074671573e+00  3.895274563653712718e+00
236 4721 3.151555e-01 1.131623e+02  2.046094213379134441e+00  2.086222308267302150e+00  2.158049635281915180e+00  3.808462225319355632e+00
237 4741 3.159178e-01 1.129852e+02  2.046094213379134441e+00  2.079808631987362322e+00  2.161658069243511449e+00  3.503842744828575384e+00
238 4761 3.178537e-01 1.129918e+02  2.046094213379134441e+00  2.087394555386217210e+00  2.141149238072856953e+00  3.591199517535820007e+00
239 4781 3.200683e-01 1.129738e+02  2.046094213379134441e+00  2.072573274496051443e+00  2.131572192007681110e+00  2.371972141356809782e+00
240 4801 3.226433e-01 1.130137e+02  2.046094213379134441e+00  2.101414525131292788e+00  2.144763629441523545e+00  3.911995648318122409e+00
241 4821 3.239938e-01 1.130422e+02  2.046094213379134441e+00  2.071737578390905554e+00  2.152480990192179089e+00  2.513622854932366035e+00
242 4841 3.238986e-01 1.130859e+02  2.046094213379134441e+00  2.060399767610001653e+00  2.129399514758893552e+00  3.823005034574270322e+00
243 4861 3.227552e-01 1.131549e+02  2.046094213379134441e+00  2.067668681468822545e+00  2.134215047104198959e+00  3.252122357199225267e+00
244 4881 3.219737e-01 1.132798e+02  2.046094213379134441e+00  2.061465799298120238e+00  2.146295633000935510e+00  3.534875086360595553e+00
245 4901 3.217307e-01 1.134437e+02  2.046094213379134441e+00  2.088326238938565282e+00  2.117151723186435852e+00  5.258220288162113398e+00
246 4921 3.212599e-01 1.135828e+02  2.046094213379134441e+00  2.073490651202030133e+00  2.141771126522709956e+00  2.306167940218179613e+00
247 4941 3.210420e-01 1.136926e+02  2.046094213379134441e+00  2.082239507423529812e+00  2.131849659083832726e+00  2.412844867917643299e+00
248 4961 3.194373e-01 1.137366e+02  2.046094213379134441e+00  2.098591276942057160e+00  2.130185468431835538e+00  2.462459486260128561e+00
249 4981 3.171119e-01 1.138062e+02  2.046094213379134441e+00  2.082042721902532367e+00  2.128430026842837108e+00  2.207088115084026025e+00
250 5001 3.144254e-01 1.137962e+02  2.046094213379134441e+00  2.070079263028288263e+00  2.129061285843095508e+00  2.281615631378072884e+00
251 5021 3.117840e-01 1.138826e+02  2.046094213379134441e+00  2.090744123753696115e+00  2.117537575846862197e+00  2.368521236304494071e+00
252 5041 3.104821e-01 1.138918e+02  2.046094213379134441e+00  2.068629011410083596e+00  2.105405497201857212e+00  3.813317973073480971e+00
253 5061 3.086307e-01 1.138809e+02  2.046094213379134441e+00  2.061259760725391299e+00  2.118954837419644299e+00  3.808522056395479805e+00
254 5081 3.082370e-01 1.138499e+02  2.046094213379134441e+00  2.067091434201984157e+00  2.138048965777035182e+00  2.373977646658798069e+00
255 5101 3.088803e-01 1.139568e+02  2.046094213379134441e+00  2.066080838924990282e+00  2.102847709956320088e+00  2.696813894536358891e+00
256 5121 3.104237e-01 1.139386e+02  2.046094213379134441e+00  2.058606408183440539e+00  2.096128889339649248e+00  2.132382762813547217e+00
257 5141 3.106987e-01 1.139515e+02  2.046094213379134441e+00  2.067218357368508119e+00  2.108708524441631482e+00  2.497728309669914992e+00
258 5161 3.103818e-01 1.139764e+02  2.046094213379134441e+00  2.048561458207214248e+00  2.108394516497542170e+00  3.604134447614877779e+00
259 5181 3.102472e-01 1.140409e+02  2.046094213379134441e+00  2.067489315929709637e+00  2.102945891271212453e+00  2.461515140512339883e+00
260 5201 3.101476e-01 1.140925e+02  2.046094213379134441e+00  2.066009676756325852e+00  2.103298951379582782e+00  2.422705568171455770e+00
261 5221 3.089631e-01 1.141441e+02  2.046094213379134441e+00  2.066424898200995841e+00  2.120807655460150265e+00  3.502065968565842624e+00
262 5241 3.094069e-01 1.141542e+02  2.046094213379134441e+00  2.062181898932134327e+00  2.123109429664494563e+00  3.529182823575197858e+00
263 5261 3.103900e-01 1.141899e+02  2.046094213379134441e+00  2.058807329210636361e+00  2.129415327027528448e+00  2.527316084548409947e+00
264 5281 3.129840e-01 1.142472e+02  2.046094213379134441e+00  2.061834898452476139e+00  2.121200808257405868e+00  2.457388349092169744e+00
265 5301 3.155655e-01 1.143334e+02  2.046094213379134441e+00  2.053015722279058597e+00  2.121980789436289427e+00  3.307952913483050761e+00
266 5321 3.175959e-01 1.143564e+02  2.046094213379134441e+00  2.070106193063953270e+00  2.108238520942580685e+00  3.622969796730481473e+00
267 5341 3.196616e-01 1.144371e+02  2.046094213379134441e+00  2.060349217318291348e+00  2.105816720353467453e+00  3.512184228857769153e+00
268 5361 3.198361e-01 1.144683e+02  2.046094213379134441e+00  2.055708975435040387e+00  2.121334595685644864e+00  2.518582811869803262e+00
269 5381 3.193353e-01 1.145306e+02  2.046094213379134441e+00  2.065948521898327339e+00  2.148655452474589556e+00  3.801953627417666404e+00
270 5401 3.185162e-01 1.145003e+02  2.046094213379134441e+00  2.060870245668742662e+00  2.141907270456493428e+00  3.002061059576929036e+00
271 5421 3.165967e-01 1.145005e+02  2.046094213379134441e+00  2.052105230939479608e+00  2.103964522557675743e+00  2.554978801567748814e+00
272 5441 3.146717e-01 1.144317e+02  2.046094213379134441e+00  2.062356651373016714e+00  2.100315333587977840e+00  2.221908111223499738e+00
273 5461 3.121900e-01 1.144495e+02  2.046094213379134441e+00  2.059343823719283151e+00  2.105852118255868710e+00  2.303955992705111644e+00
274 5481 3.088090e-01 1.144746e+02  2.046094213379134441e+00  2.088355776888646709e+00  2.131762957944383530e+00  2.273246107234066837e+00
275 5501 3.055272e-01 1.145381e+02  2.046094213379134441e+00  2.076147895433280599e+00  2.129834637353015925e+00  3.817187569597459085e+00
276 5521 3.024945e-01 1.145785e+02  2.046094213379134441e+00  2.080673480072133152e+00  2.140644112239136643e+00  2.491969523234760064e+00
277 5541 3.010965e-01 1.145620e+02  2.046094213379134441e+00  2.062907663962313620e+00  2.122935902427342647e+00  5.605644837770932476e+00
278 5561 3.002785e-01 1.145814e+02  2.046094213379134441e+00  2.062140826722663967e+00  2.142280797623881128e+00  3.790867017233180203e+00
279 5581 2.981973e-01 1.146135e+02  2.044702083811692273e+00  2.044702083811692273e+00  2.126958009573928443e+00  2.443296351201218464e+00
280 5601 2.945509e-01 1.146900e+02  2.044702083811692273e+00  2.067951005662855835e+00  2.121868189990444797e+00  3.960952941434246366e+00
281 5621 2.908344e-01 1.147380e+02  2.044702083811692273e+00  2.062164161376217830e+00  2.126174889665523260e+00  3.851838591509872511e+00
282 5641 2.877201e-01 1.147219e+02  2.044702083811692273e+00  2.052402937319960596e+00  2.103753801865474227e+00  3.800532644863694465e+00
283 5661 2.855709e-01 1.147459e+02  2.044702083811692273e+00  2.047511912996969663e+00  2.100891384277233431e+00  2.480766674662362448e+00
284 5681 2.845415e-01 1.147471e+02  2.044702083811692273e+00  2.066410058275704564e+00  2.086215834955581272e+00  3.835153442662103451e+00
285 5701 2.814171e-01 1.147538e+02  2.044702083811692273e+00  2.061172898362064299e+00  2.107322400980663701e+00  3.906270050412187000e+00
286 5721 2.797037e-01 1.147414e+02  2.044702083811692273e+00  2.058136868328600322e+00  2.107501188555672478e+00  3.538111786042838158e+00
287 5741 2.782716e-01 1.147448e+02  2.044702083811692273e+00  2.050515570097370954e+00  2.109948142221067080e+00  2.500777199731913480e+00
288 5761 2.790811e-01 1.147269e+02  2.044702083811692273e+00  2.057429713853101916e+00  2.099316147291413248e+00  3.525369822288027866e+00
289 5781 2.811823e-01 1.146914e+02  2.044702083811692273e+00  2.058635327417972505e+00  2.109978521946809682e+00  3.763644388884130443e+00
290 5801 2.824306e-01 1.146282e+02  2.044702083811692273e+00  2.053115658661873510e+00  2.140448431355927106e+00  5.635922902489937769e+00
291 5821 2.833774e-01 1.145828e+02  2.044702083811692273e+00  2.066982168429159827e+00  2.128086727999790373e+00  3.850895032418094388e+00
292 5841 2.822987e-01 1.145799e+02  2.044702083811692273e+00  2.049092536065884484e+00  2.125954022171542945e+00  3.848386525380907752e+00
293 5861 2.822649e-01 1.145385e+02  2.044702083811692273e+00  2.057772277277023498e+00  2.107391680249083521e+00  2.479995900897685068e+00
294 5881 2.818645e-01 1.144002e+02  2.044702083811692273e+00  2.046621064463136630e+00  2.115165634473835432e+00  2.457021639862871254e+00
295 5901 2.824416e-01 1.144780e+02  2.044702083811692273e+00  2.059870974695293455e+00  2.107563777953015638e+00  3.614563099252489309e+00
296 5921 2.828647e-01 1.144545e+02  2.044702083811692273e+00  2.066934327373583624e+00  2.115560381609292051e+00  3.835001557505189229e+00
297 5941 2.818871e-01 1.144509e+02  2.044702083811692273e+00  2.048126066158872494e+00  2.123470290938075600e+00  3.489427956750885684e+00
298 5961 2.812057e-01 1.144089e+02  2.044702083811692273e+00  2.055287369527324604e+00  2.113337712364673493e+00  3.837456366239656802e+00
299 5981 2.810633e-01 1.144210e+02  2.044702083811692273e+00  2.055774227777806828e+00  2.099537110205880630e+00  3.846999563847430359e+00
300 6001 2.794284e-01 1.144753e+02  2.044702083811692273e+00  2.045898153874578185e+00  2.091991540020961438e+00  2.510902825334894839e+00
